pred,truth
0.512932,1.0
0.512932,0.0
0.512932,1.0
0.512932,0.0
0.512932,0.0
0.512932,1.0
0.512932,0.0
0.512932,0.0
0.512932,0.0
0.512932,0.0
0.512932,1.0
0.512932,0.0
0.512932,1.0
0.512932,0.0
0.512932,1.0
0.512932,0.0
0.512932,1.0
0.512932,1.0
0.512932,1.0
0.512932,1.0
0.512932,1.0
0.512932,1.0
0.512932,0.0
0.512932,0.0
0.512932,1.0
0.512932,0.0
0.512932,0.0
0.512932,0.0
0.512932,1.0
0.512932,0.0
0.512932,0.0
0.512932,1.0
0.512932,0.0
0.512932,0.0
0.512932,1.0
0.512932,0.0
0.512932,0.0
0.512932,1.0
0.512932,0.0
0.512932,1.0
0.512932,1.0
0.512932,0.0
0.512932,1.0
0.512932,0.0
0.512932,0.0
0.512932,0.0
0.512932,1.0
0.512932,0.0
0.512932,0.0
0.512932,0.0
0.512932,0.0
0.512932,1.0
0.512932,1.0
0.512932,1.0
0.512932,0.0
0.512932,1.0
0.512932,0.0
0.512932,1.0
0.512932,1.0
0.512932,0.0
0.512932,0.0
0.512932,1.0
0.512932,0.0
0.512932,0.0
0.512932,0.0
0.512932,0.0
0.512932,0.0
0.512932,0.0
0.512932,0.0
0.512932,0.0
0.512932,1.0
0.512932,0.0
0.512932,1.0
0.512932,0.0
0.512932,0.0
0.512932,1.0
0.512932,1.0
0.512932,0.0
0.512932,0.0
0.512932,1.0
0.512932,0.0
0.512932,1.0
0.512932,0.0
0.512932,0.0
0.512932,1.0
0.512932,0.0
0.512932,1.0
0.512932,1.0
0.512932,0.0
0.512932,1.0
0.512932,1.0
0.512932,0.0
0.512932,1.0
0.512932,0.0
0.512932,1.0
0.512932,0.0
0.512932,1.0
0.512932,0.0
0.512932,0.0
0.512932,0.0
0.518569,0.0
0.493895,0.0
0.518569,1.0
0.493895,0.0
0.493895,0.0
0.518569,1.0
0.493895,1.0
0.493895,0.0
0.493895,0.0
0.493895,0.0
0.518569,1.0
0.493895,1.0
0.518569,1.0
0.493895,0.0
0.518569,1.0
0.493895,0.0
0.518569,1.0
0.518569,1.0
0.518569,0.0
0.518569,1.0
0.518569,1.0
0.518569,1.0
0.493895,0.0
0.493895,0.0
0.518569,0.0
0.493895,1.0
0.493895,1.0
0.493895,0.0
0.518569,1.0
0.493895,0.0
0.493895,0.0
0.518569,1.0
0.493895,1.0
0.493895,0.0
0.518569,1.0
0.493895,0.0
0.493895,0.0
0.518569,0.0
0.493895,0.0
0.518569,0.0
0.518569,0.0
0.493895,1.0
0.518569,1.0
0.493895,0.0
0.493895,1.0
0.493895,0.0
0.518569,1.0
0.493895,0.0
0.493895,0.0
0.493895,0.0
0.493895,0.0
0.518569,0.0
0.518569,0.0
0.518569,0.0
0.493895,1.0
0.518569,1.0
0.493895,0.0
0.518569,1.0
0.518569,1.0
0.493895,1.0
0.493895,1.0
0.518569,1.0
0.493895,0.0
0.493895,0.0
0.493895,0.0
0.493895,0.0
0.493895,0.0
0.493895,1.0
0.493895,0.0
0.493895,1.0
0.518569,1.0
0.493895,0.0
0.518569,1.0
0.493895,1.0
0.493895,0.0
0.518569,1.0
0.518569,0.0
0.493895,0.0
0.493895,0.0
0.518569,1.0
0.493895,0.0
0.518569,1.0
0.493895,0.0
0.493895,0.0
0.518569,0.0
0.493895,0.0
0.518569,1.0
0.518569,1.0
0.493895,0.0
0.518569,1.0
0.518569,1.0
0.493895,0.0
0.518569,1.0
0.493895,1.0
0.518569,1.0
0.493895,0.0
0.518569,1.0
0.493895,1.0
0.493895,0.0
0.493895,0.0
0.521149,0.0
0.532489,0.0
0.499922,1.0
0.532489,0.0
0.532489,0.0
0.499922,0.0
0.511904,1.0
0.532489,1.0
0.532489,0.0
0.532489,1.0
0.499922,1.0
0.511904,1.0
0.499922,1.0
0.532489,1.0
0.499922,1.0
0.532489,1.0
0.499922,1.0
0.499922,0.0
0.521149,1.0
0.499922,1.0
0.499922,0.0
0.499922,0.0
0.532489,0.0
0.532489,0.0
0.521149,1.0
0.511904,0.0
0.511904,1.0
0.532489,1.0
0.499922,1.0
0.532489,1.0
0.532489,1.0
0.499922,1.0
0.511904,1.0
0.532489,0.0
0.499922,1.0
0.532489,1.0
0.532489,1.0
0.521149,0.0
0.532489,1.0
0.521149,1.0
0.521149,1.0
0.511904,1.0
0.499922,0.0
0.532489,1.0
0.511904,0.0
0.532489,0.0
0.499922,1.0
0.532489,1.0
0.532489,0.0
0.532489,1.0
0.532489,1.0
0.521149,0.0
0.521149,0.0
0.521149,1.0
0.511904,0.0
0.499922,1.0
0.532489,0.0
0.499922,1.0
0.499922,1.0
0.511904,0.0
0.511904,1.0
0.499922,1.0
0.532489,0.0
0.532489,1.0
0.532489,0.0
0.532489,1.0
0.532489,0.0
0.511904,1.0
0.532489,1.0
0.511904,1.0
0.499922,1.0
0.532489,0.0
0.499922,1.0
0.511904,1.0
0.532489,0.0
0.499922,1.0
0.521149,1.0
0.532489,1.0
0.532489,1.0
0.499922,1.0
0.532489,1.0
0.499922,0.0
0.532489,1.0
0.532489,1.0
0.521149,1.0
0.532489,0.0
0.499922,1.0
0.499922,0.0
0.532489,1.0
0.499922,1.0
0.499922,1.0
0.532489,1.0
0.499922,1.0
0.511904,1.0
0.499922,1.0
0.532489,0.0
0.499922,1.0
0.511904,1.0
0.532489,1.0
0.532489,1.0
0.578189,0.0
0.576364,0.0
0.564084,0.0
0.576364,1.0
0.576364,1.0
0.581833,1.0
0.562203,0.0
0.558531,0.0
0.576364,1.0
0.558531,1.0
0.564084,1.0
0.562203,0.0
0.564084,1.0
0.558531,1.0
0.564084,1.0
0.558531,0.0
0.564084,1.0
0.581833,1.0
0.560397,1.0
0.564084,1.0
0.581833,0.0
0.581833,0.0
0.576364,0.0
0.576364,1.0
0.560397,0.0
0.580036,1.0
0.562203,0.0
0.558531,0.0
0.564084,0.0
0.558531,1.0
0.558531,1.0
0.564084,1.0
0.562203,1.0
0.576364,0.0
0.564084,1.0
0.558531,1.0
0.558531,1.0
0.578189,1.0
0.558531,1.0
0.560397,1.0
0.560397,0.0
0.562203,1.0
0.581833,0.0
0.558531,0.0
0.580036,1.0
0.576364,1.0
0.564084,1.0
0.558531,0.0
0.576364,1.0
0.558531,0.0
0.558531,1.0
0.578189,1.0
0.578189,0.0
0.560397,1.0
0.580036,0.0
0.564084,1.0
0.576364,1.0
0.564084,0.0
0.564084,1.0
0.580036,1.0
0.562203,0.0
0.564084,1.0
0.576364,0.0
0.558531,1.0
0.576364,1.0
0.558531,1.0
0.576364,0.0
0.562203,1.0
0.558531,0.0
0.562203,0.0
0.564084,1.0
0.576364,1.0
0.564084,1.0
0.562203,1.0
0.576364,0.0
0.564084,1.0
0.560397,0.0
0.558531,1.0
0.558531,0.0
0.564084,0.0
0.558531,0.0
0.581833,1.0
0.558531,1.0
0.558531,0.0
0.560397,1.0
0.576364,0.0
0.564084,1.0
0.581833,0.0
0.558531,1.0
0.564084,1.0
0.564084,0.0
0.558531,0.0
0.564084,1.0
0.562203,1.0
0.564084,1.0
0.576364,1.0
0.564084,0.0
0.562203,1.0
0.558531,1.0
0.558531,0.0
0.542794,1.0
0.543231,1.0
0.54289,1.0
0.544227,0.0
0.544227,0.0
0.542573,1.0
0.543864,1.0
0.545091,0.0
0.544227,1.0
0.54565,1.0
0.543453,0.0
0.543864,0.0
0.543453,0.0
0.54565,1.0
0.543453,1.0
0.545091,1.0
0.543453,1.0
0.542573,1.0
0.544676,0.0
0.543453,0.0
0.541606,0.0
0.541606,1.0
0.543231,1.0
0.544227,1.0
0.544127,1.0
0.543012,1.0
0.543864,1.0
0.545091,1.0
0.54289,1.0
0.54565,1.0
0.54565,1.0
0.543453,1.0
0.544438,1.0
0.543231,0.0
0.543453,1.0
0.54565,0.0
0.54565,0.0
0.543769,1.0
0.54565,1.0
0.544676,1.0
0.544127,1.0
0.544438,1.0
0.541606,1.0
0.545091,1.0
0.543012,1.0
0.544227,1.0
0.543453,1.0
0.545091,1.0
0.544227,0.0
0.545091,0.0
0.54565,1.0
0.543769,0.0
0.542794,1.0
0.544676,1.0
0.542024,1.0
0.543453,1.0
0.544227,0.0
0.54289,1.0
0.543453,1.0
0.543012,1.0
0.543864,1.0
0.543453,1.0
0.543231,1.0
0.54565,1.0
0.544227,1.0
0.54565,1.0
0.543231,1.0
0.544438,1.0
0.545091,0.0
0.543864,1.0
0.543453,1.0
0.544227,1.0
0.543453,1.0
0.544438,1.0
0.543231,1.0
0.543453,1.0
0.544127,0.0
0.54565,1.0
0.545091,0.0
0.54289,1.0
0.545091,0.0
0.542573,0.0
0.54565,0.0
0.545091,1.0
0.544676,0.0
0.543231,0.0
0.543453,0.0
0.541606,1.0
0.54565,1.0
0.543453,1.0
0.54289,1.0
0.545091,0.0
0.543453,1.0
0.544438,0.0
0.543453,0.0
0.544227,0.0
0.54289,1.0
0.544438,1.0
0.54565,0.0
0.545091,0.0
0.591543,0.0
0.593204,1.0
0.559573,0.0
0.591923,1.0
0.591923,0.0
0.589872,1.0
0.560345,1.0
0.556417,0.0
0.592213,1.0
0.560573,1.0
0.558431,1.0
0.557709,0.0
0.558431,1.0
0.560573,1.0
0.561355,1.0
0.559029,0.0
0.561355,1.0
0.589872,1.0
0.557136,1.0
0.558431,1.0
0.590347,0.0
0.59074,0.0
0.593204,1.0
0.592213,1.0
0.558238,0.0
0.591435,1.0
0.560345,0.0
0.559029,0.0
0.559573,0.0
0.560573,1.0
0.560573,1.0
0.561355,1.0
0.561874,1.0
0.592976,1.0
0.561355,0.0
0.557866,1.0
0.557866,1.0
0.590604,1.0
0.560573,1.0
0.560037,1.0
0.558238,0.0
0.561874,1.0
0.59074,0.0
0.559029,1.0
0.591435,1.0
0.592213,1.0
0.561355,1.0
0.559029,0.0
0.591923,0.0
0.556417,1.0
0.560573,1.0
0.590209,1.0
0.591543,0.0
0.560037,1.0
0.592366,0.0
0.561355,1.0
0.591923,0.0
0.559573,0.0
0.561355,1.0
0.591435,0.0
0.560345,0.0
0.561355,0.0
0.593204,0.0
0.560573,1.0
0.592213,1.0
0.560573,1.0
0.593204,0.0
0.561874,1.0
0.556417,0.0
0.560345,1.0
0.561355,1.0
0.592213,1.0
0.561355,1.0
0.561874,1.0
0.593204,1.0
0.561355,1.0
0.555428,0.0
0.560573,1.0
0.556417,0.0
0.559573,0.0
0.556417,0.0
0.589411,1.0
0.557866,1.0
0.559029,1.0
0.557136,1.0
0.592976,1.0
0.558431,1.0
0.59074,0.0
0.560573,1.0
0.561355,1.0
0.559573,0.0
0.556417,1.0
0.561355,1.0
0.559142,1.0
0.558431,1.0
0.591923,1.0
0.559573,0.0
0.561874,1.0
0.557866,1.0
0.556417,0.0
0.577803,0.0
0.57982,0.0
0.562798,1.0
0.579737,1.0
0.578015,1.0
0.579748,1.0
0.572886,1.0
0.564858,0.0
0.579975,1.0
0.579548,1.0
0.573481,1.0
0.563825,1.0
0.573481,0.0
0.579548,1.0
0.576764,1.0
0.56695,1.0
0.576764,1.0
0.579748,1.0
0.574498,1.0
0.573481,1.0
0.577314,0.0
0.577438,1.0
0.57982,0.0
0.579975,1.0
0.563895,0.0
0.579776,1.0
0.565871,0.0
0.56695,1.0
0.562798,0.0
0.579548,1.0
0.579548,1.0
0.576764,1.0
0.578497,1.0
0.579634,1.0
0.568886,1.0
0.576448,1.0
0.576448,1.0
0.579918,1.0
0.579548,0.0
0.577822,1.0
0.563895,0.0
0.578497,1.0
0.577438,0.0
0.573831,1.0
0.579776,1.0
0.579975,1.0
0.576764,0.0
0.56695,1.0
0.578015,0.0
0.571381,0.0
0.579548,0.0
0.579619,0.0
0.577803,0.0
0.577822,0.0
0.5777,1.0
0.576764,1.0
0.578015,1.0
0.562798,1.0
0.576764,1.0
0.577761,1.0
0.565871,1.0
0.568886,0.0
0.578072,1.0
0.579548,1.0
0.579975,0.0
0.579548,0.0
0.578072,0.0
0.578497,0.0
0.564858,0.0
0.572886,0.0
0.576764,1.0
0.579975,1.0
0.576764,1.0
0.578497,1.0
0.57982,0.0
0.576764,0.0
0.561555,1.0
0.579548,0.0
0.564858,0.0
0.562798,1.0
0.564858,1.0
0.579382,0.0
0.576448,1.0
0.573831,1.0
0.574498,1.0
0.579634,0.0
0.573481,1.0
0.577438,0.0
0.579548,1.0
0.576764,1.0
0.562798,1.0
0.571381,0.0
0.576764,1.0
0.57545,0.0
0.573481,0.0
0.579737,0.0
0.562798,0.0
0.578497,1.0
0.576448,1.0
0.564858,0.0
0.561071,0.0
0.561455,0.0
0.589325,0.0
0.594632,1.0
0.593945,1.0
0.596012,1.0
0.599873,1.0
0.530032,1.0
0.595118,0.0
0.606585,1.0
0.601051,1.0
0.590942,1.0
0.532637,0.0
0.606585,1.0
0.605081,1.0
0.593674,1.0
0.605081,1.0
0.596012,1.0
0.601888,0.0
0.601051,1.0
0.560933,1.0
0.594665,0.0
0.561455,1.0
0.595118,1.0
0.522195,0.0
0.595483,1.0
0.527268,1.0
0.593674,1.0
0.519723,0.0
0.606585,1.0
0.606585,1.0
0.605081,1.0
0.605897,1.0
0.594244,1.0
0.596118,1.0
0.602951,1.0
0.602951,1.0
0.595615,1.0
0.541974,1.0
0.605941,1.0
0.522195,0.0
0.605897,1.0
0.560198,1.0
0.600596,1.0
0.595483,1.0
0.595118,1.0
0.535311,1.0
0.593674,1.0
0.562077,1.0
0.53565,1.0
0.541974,0.0
0.560939,0.0
0.561071,1.0
0.53747,1.0
0.594262,1.0
0.605081,1.0
0.593945,1.0
0.589325,1.0
0.605081,0.0
0.594636,1.0
0.592642,1.0
0.525726,0.0
0.593989,1.0
0.606585,1.0
0.561044,0.0
0.541974,1.0
0.561849,1.0
0.539936,1.0
0.530032,1.0
0.534381,1.0
0.605081,1.0
0.595118,1.0
0.605081,1.0
0.605897,1.0
0.561455,0.0
0.535311,0.0
0.588303,1.0
0.541974,0.0
0.530032,1.0
0.589325,1.0
0.591959,1.0
0.560131,1.0
0.602951,0.0
0.600596,1.0
0.601888,1.0
0.562045,1.0
0.601051,1.0
0.560198,1.0
0.606585,1.0
0.605081,1.0
0.589325,1.0
0.53565,1.0
0.605081,1.0
0.537821,0.0
0.532637,1.0
0.561659,1.0
0.519723,0.0
0.605897,1.0
0.602951,1.0
0.530032,0.0
0.60839,0.0
0.607997,0.0
0.511741,1.0
0.582929,0.0
0.586453,0.0
0.57293,1.0
0.495178,1.0
0.491854,0.0
0.592404,0.0
0.491219,0.0
0.507342,1.0
0.48713,0.0
0.515851,1.0
0.491219,1.0
0.518202,1.0
0.48614,0.0
0.518202,1.0
0.57293,1.0
0.500778,0.0
0.507342,1.0
0.597431,1.0
0.59175,1.0
0.597019,0.0
0.579926,0.0
0.509231,0.0
0.576683,0.0
0.498888,1.0
0.48614,0.0
0.518144,1.0
0.491219,0.0
0.491219,0.0
0.518202,0.0
0.499268,0.0
0.584929,1.0
0.514818,1.0
0.484064,0.0
0.484064,0.0
0.576442,0.0
0.496817,0.0
0.509584,0.0
0.509231,0.0
0.499268,0.0
0.594451,1.0
0.488334,0.0
0.576683,0.0
0.579926,1.0
0.524859,1.0
0.48614,1.0
0.600991,0.0
0.491541,0.0
0.499229,0.0
0.605813,1.0
0.597411,0.0
0.5156,0.0
0.582654,0.0
0.518202,1.0
0.586453,0.0
0.509242,1.0
0.52009,1.0
0.580432,0.0
0.492351,1.0
0.523889,1.0
0.585634,1.0
0.491219,0.0
0.605951,0.0
0.496817,0.0
0.60024,0.0
0.504991,0.0
0.491854,0.0
0.50137,1.0
0.518202,1.0
0.579926,0.0
0.518202,0.0
0.499268,1.0
0.607997,0.0
0.52723,1.0
0.491365,0.0
0.499229,0.0
0.491854,0.0
0.509242,0.0
0.483437,0.0
0.591886,0.0
0.486426,0.0
0.488334,0.0
0.498813,0.0
0.599578,0.0
0.507342,1.0
0.594451,1.0
0.491219,1.0
0.518202,1.0
0.509242,1.0
0.491541,1.0
0.518202,1.0
0.499274,0.0
0.513517,0.0
0.597764,0.0
0.518144,1.0
0.499268,1.0
0.484064,0.0
0.494973,1.0
0.401972,0.0
0.403135,0.0
0.715244,1.0
0.41383,1.0
0.410392,1.0
0.394841,0.0
0.650515,1.0
0.638092,1.0
0.405955,1.0
0.650181,0.0
0.677226,1.0
0.625789,1.0
0.742874,1.0
0.645874,1.0
0.686909,1.0
0.634112,1.0
0.686909,0.0
0.394841,1.0
0.691124,0.0
0.677226,0.0
0.3858,0.0
0.380104,0.0
0.413296,0.0
0.416251,0.0
0.738018,0.0
0.419081,0.0
0.686974,0.0
0.634112,1.0
0.750831,1.0
0.650181,1.0
0.650181,1.0
0.68662,1.0
0.662811,0.0
0.385582,0.0
0.688685,0.0
0.628024,1.0
0.628024,0.0
0.418927,0.0
0.683274,1.0
0.680171,0.0
0.738018,0.0
0.662811,1.0
0.388723,0.0
0.639069,0.0
0.419081,0.0
0.38915,0.0
0.71799,1.0
0.627626,1.0
0.408614,1.0
0.647055,1.0
0.708569,1.0
0.379328,0.0
0.41216,0.0
0.709428,0.0
0.413833,1.0
0.686909,1.0
0.410392,0.0
0.685637,1.0
0.714585,1.0
0.415343,1.0
0.647098,0.0
0.753644,1.0
0.384402,0.0
0.650181,1.0
0.404853,0.0
0.683274,1.0
0.409609,0.0
0.695043,1.0
0.638092,1.0
0.689068,1.0
0.686909,0.0
0.416251,0.0
0.68662,0.0
0.660099,0.0
0.403135,0.0
0.750893,1.0
0.659572,1.0
0.708569,0.0
0.638092,0.0
0.685757,0.0
0.604101,1.0
0.418041,1.0
0.641892,1.0
0.639069,1.0
0.668964,1.0
0.410822,0.0
0.677226,1.0
0.388723,0.0
0.645874,1.0
0.686909,1.0
0.685637,0.0
0.642019,1.0
0.686909,0.0
0.703109,1.0
0.709599,1.0
0.412285,0.0
0.750831,1.0
0.660099,0.0
0.628024,1.0
0.647112,1.0
0.341576,0.0
0.342435,1.0
0.714404,0.0
0.421309,0.0
0.419051,0.0
0.328494,0.0
0.670662,1.0
0.688527,1.0
0.422305,1.0
0.616158,0.0
0.681149,1.0
0.652223,1.0
0.729429,1.0
0.664345,1.0
0.681621,1.0
0.658892,1.0
0.65031,0.0
0.407718,0.0
0.668421,1.0
0.644482,0.0
0.328679,0.0
0.327498,1.0
0.342737,1.0
0.339652,0.0
0.722193,1.0
0.341007,1.0
0.679892,0.0
0.658892,1.0
0.731277,1.0
0.668629,1.0
0.668629,1.0
0.690035,0.0
0.632193,1.0
0.324496,0.0
0.653413,0.0
0.648694,0.0
0.585715,1.0
0.340825,0.0
0.710614,1.0
0.64978,1.0
0.722193,0.0
0.678276,0.0
0.330348,0.0
0.603118,1.0
0.341007,0.0
0.325946,0.0
0.711286,0.0
0.655645,1.0
0.422055,1.0
0.693664,1.0
0.739064,0.0
0.330973,0.0
0.341934,0.0
0.689422,1.0
0.42125,0.0
0.681621,1.0
0.336845,1.0
0.688604,0.0
0.700974,1.0
0.422076,0.0
0.620393,1.0
0.726848,0.0
0.323794,0.0
0.668629,1.0
0.34345,0.0
0.710614,0.0
0.340549,0.0
0.715366,1.0
0.688527,1.0
0.713276,1.0
0.65031,1.0
0.339652,0.0
0.656362,0.0
0.62934,1.0
0.342435,0.0
0.723948,1.0
0.682095,1.0
0.70585,0.0
0.62711,0.0
0.658203,0.0
0.625309,1.0
0.429069,0.0
0.681605,1.0
0.661313,1.0
0.682698,1.0
0.341347,0.0
0.681149,1.0
0.330348,0.0
0.664345,1.0
0.681621,1.0
0.653955,1.0
0.692288,1.0
0.65031,0.0
0.740539,1.0
0.721605,1.0
0.3421,0.0
0.731277,1.0
0.62934,0.0
0.648694,1.0
0.719969,0.0
0.287918,1.0
0.35716,0.0
0.729376,0.0
0.361434,0.0
0.360305,0.0
0.278646,0.0
0.693628,0.0
0.725402,1.0
0.452223,0.0
0.607616,0.0
0.703816,1.0
0.679114,0.0
0.768187,1.0
0.687101,1.0
0.707941,1.0
0.682674,0.0
0.674551,0.0
0.354468,0.0
0.719892,0.0
0.663065,0.0
0.282058,0.0
0.350067,0.0
0.352636,1.0
0.280421,0.0
0.761694,0.0
0.348084,0.0
0.709039,0.0
0.682674,1.0
0.772416,1.0
0.685612,1.0
0.685612,1.0
0.676698,0.0
0.679604,0.0
0.278289,0.0
0.677217,0.0
0.617726,0.0
0.617409,1.0
0.280471,0.0
0.724666,1.0
0.694348,1.0
0.748003,0.0
0.657635,0.0
0.282585,0.0
0.645306,0.0
0.28057,0.0
0.278365,1.0
0.732915,0.0
0.684108,1.0
0.449611,0.0
0.724274,1.0
0.732332,0.0
0.286938,0.0
0.284054,0.0
0.73117,0.0
0.361377,1.0
0.707941,0.0
0.347065,0.0
0.686575,0.0
0.740795,1.0
0.361683,1.0
0.674352,0.0
0.765434,0.0
0.278072,0.0
0.685612,1.0
0.288674,0.0
0.698199,0.0
0.283711,0.0
0.728638,1.0
0.725402,1.0
0.736831,1.0
0.704214,0.0
0.280421,0.0
0.668568,0.0
0.682535,0.0
0.288312,0.0
0.775365,0.0
0.698974,0.0
0.731911,0.0
0.639373,0.0
0.669645,0.0
0.651993,0.0
0.369216,0.0
0.713118,1.0
0.68225,0.0
0.695444,0.0
0.283992,0.0
0.703816,1.0
0.282585,1.0
0.687101,1.0
0.707941,0.0
0.707446,1.0
0.726441,1.0
0.674551,0.0
0.749071,1.0
0.736814,1.0
0.284152,1.0
0.772416,1.0
0.6392,0.0
0.67078,1.0
0.726882,0.0
0.608616,0.0
0.607908,0.0
0.551315,0.0
0.612137,1.0
0.612227,1.0
0.622229,1.0
0.586001,1.0
0.543519,1.0
0.591994,1.0
0.58165,1.0
0.584248,1.0
0.574105,0.0
0.536716,0.0
0.57999,1.0
0.587793,1.0
0.577156,0.0
0.595271,0.0
0.612705,1.0
0.571939,1.0
0.591412,1.0
0.621618,0.0
0.60856,0.0
0.594131,0.0
0.622465,1.0
0.539631,0.0
0.609681,1.0
0.559212,1.0
0.569259,0.0
0.53713,0.0
0.57853,1.0
0.57853,0.0
0.59266,1.0
0.587559,1.0
0.622102,0.0
0.593401,0.0
0.576908,1.0
0.565499,1.0
0.622513,0.0
0.55347,0.0
0.586804,1.0
0.539058,0.0
0.586608,1.0
0.621606,0.0
0.578094,0.0
0.622505,1.0
0.609873,0.0
0.55909,1.0
0.570493,0.0
0.592757,0.0
0.547208,1.0
0.538292,0.0
0.620808,1.0
0.621918,0.0
0.56867,1.0
0.597562,0.0
0.59428,1.0
0.609668,0.0
0.588044,1.0
0.553816,1.0
0.597545,1.0
0.582323,0.0
0.542367,0.0
0.622106,0.0
0.57853,1.0
0.621112,1.0
0.567129,1.0
0.621911,0.0
0.551438,1.0
0.543519,1.0
0.544828,1.0
0.59624,1.0
0.622465,0.0
0.593382,1.0
0.589637,1.0
0.621127,0.0
0.543435,1.0
0.581023,0.0
0.542254,1.0
0.559646,0.0
0.58895,0.0
0.568957,0.0
0.610992,0.0
0.552421,0.0
0.580813,1.0
0.588158,1.0
0.621902,1.0
0.584248,1.0
0.609193,0.0
0.57999,1.0
0.59428,1.0
0.583388,0.0
0.545949,0.0
0.595271,1.0
0.532478,1.0
0.545985,0.0
0.609525,1.0
0.53713,0.0
0.587947,1.0
0.570145,1.0
0.535807,0.0
0.532108,0.0
0.533009,1.0
0.515834,1.0
0.532767,0.0
0.532747,0.0
0.530024,1.0
0.526447,1.0
0.516977,0.0
0.539389,1.0
0.555023,0.0
0.522336,0.0
0.532507,0.0
0.517424,0.0
0.525884,1.0
0.52175,0.0
0.531519,1.0
0.528643,0.0
0.532625,0.0
0.521658,0.0
0.530597,0.0
0.529119,1.0
0.532827,1.0
0.535926,1.0
0.52997,0.0
0.518487,1.0
0.533592,1.0
0.519105,0.0
0.527483,1.0
0.517623,1.0
0.526442,0.0
0.527,1.0
0.525661,1.0
0.532509,1.0
0.529002,0.0
0.528068,1.0
0.549442,0.0
0.54664,0.0
0.528903,1.0
0.51689,1.0
0.525339,0.0
0.518549,1.0
0.530643,0.0
0.529122,1.0
0.547552,0.0
0.52996,0.0
0.53179,1.0
0.515078,0.0
0.526602,1.0
0.5381,0.0
0.517143,0.0
0.518712,1.0
0.530368,0.0
0.529046,0.0
0.518074,1.0
0.535273,0.0
0.522883,1.0
0.532518,0.0
0.524407,1.0
0.514105,1.0
0.536297,1.0
0.534112,1.0
0.517082,0.0
0.529001,0.0
0.526442,1.0
0.530293,0.0
0.521343,1.0
0.529049,1.0
0.515849,1.0
0.516977,1.0
0.514971,0.0
0.52494,0.0
0.528916,1.0
0.52891,1.0
0.531081,0.0
0.529232,1.0
0.515785,1.0
0.525791,0.0
0.517515,0.0
0.5359,1.0
0.529543,1.0
0.543052,0.0
0.53198,0.0
0.519705,1.0
0.530966,1.0
0.525513,0.0
0.530107,1.0
0.522336,0.0
0.531962,1.0
0.525884,1.0
0.522883,0.0
0.523271,1.0
0.516839,1.0
0.527953,1.0
0.517382,0.0
0.5156,0.0
0.532933,0.0
0.517623,1.0
0.538001,1.0
0.530057,0.0
0.519374,0.0
0.368082,0.0
0.35433,0.0
0.732194,1.0
0.33811,1.0
0.338267,1.0
0.338281,0.0
0.669257,1.0
0.734387,1.0
0.386849,1.0
0.610284,1.0
0.679036,1.0
0.675246,1.0
0.735478,1.0
0.67455,1.0
0.676384,1.0
0.672218,1.0
0.667313,0.0
0.338949,0.0
0.698307,1.0
0.663681,0.0
0.335703,1.0
0.354604,1.0
0.409614,1.0
0.331752,1.0
0.740456,0.0
0.355814,0.0
0.723974,1.0
0.683081,1.0
0.731026,1.0
0.677957,1.0
0.677765,1.0
0.670988,1.0
0.661913,0.0
0.330084,0.0
0.666688,1.0
0.630883,0.0
0.637465,1.0
0.333571,0.0
0.728209,1.0
0.673652,1.0
0.740202,0.0
0.667402,1.0
0.335592,1.0
0.639434,1.0
0.331588,0.0
0.37224,0.0
0.726605,1.0
0.683811,1.0
0.372388,0.0
0.731319,1.0
0.745988,0.0
0.334809,0.0
0.329001,0.0
0.711141,1.0
0.385413,1.0
0.669478,1.0
0.346235,0.0
0.673891,0.0
0.720717,1.0
0.396699,0.0
0.666054,1.0
0.732281,0.0
0.330131,1.0
0.675104,1.0
0.333376,0.0
0.707801,0.0
0.334386,1.0
0.728956,1.0
0.730892,1.0
0.736093,1.0
0.666491,0.0
0.333727,0.0
0.66403,0.0
0.663541,1.0
0.335326,1.0
0.729936,1.0
0.68,1.0
0.74091,0.0
0.695816,0.0
0.668548,0.0
0.657438,0.0
0.334907,0.0
0.721447,1.0
0.667112,1.0
0.672776,1.0
0.337721,1.0
0.679036,1.0
0.373368,0.0
0.67455,1.0
0.673023,1.0
0.676608,1.0
0.732515,1.0
0.662937,1.0
0.746197,1.0
0.739064,1.0
0.370822,1.0
0.731026,1.0
0.65441,0.0
0.676507,1.0
0.746765,1.0
0.322398,0.0
0.315075,0.0
0.787494,1.0
0.376623,0.0
0.37676,0.0
0.309288,1.0
0.719613,0.0
0.783526,1.0
0.409183,1.0
0.636754,1.0
0.733282,1.0
0.707298,1.0
0.804523,0.0
0.717764,1.0
0.736798,1.0
0.70642,1.0
0.699658,0.0
0.306896,0.0
0.760001,1.0
0.691388,0.0
0.37745,0.0
0.388515,0.0
0.430488,1.0
0.374532,0.0
0.786582,0.0
0.316615,1.0
0.780262,1.0
0.714576,1.0
0.804437,1.0
0.717743,1.0
0.714047,1.0
0.718966,1.0
0.683117,0.0
0.303989,0.0
0.715363,0.0
0.611893,1.0
0.664632,0.0
0.306469,1.0
0.780696,1.0
0.722769,0.0
0.785726,0.0
0.708524,1.0
0.377364,0.0
0.666449,1.0
0.305076,0.0
0.326592,0.0
0.794006,0.0
0.717705,1.0
0.319607,1.0
0.782751,1.0
0.777611,0.0
0.306508,0.0
0.303359,0.0
0.776759,1.0
0.408379,0.0
0.730836,1.0
0.309889,0.0
0.712538,1.0
0.793971,1.0
0.339719,0.0
0.699869,0.0
0.801044,1.0
0.373065,1.0
0.715808,0.0
0.305777,0.0
0.745775,0.0
0.376527,0.0
0.784262,1.0
0.781125,1.0
0.792043,1.0
0.713844,1.0
0.306548,0.0
0.695943,0.0
0.708958,1.0
0.377062,0.0
0.804513,1.0
0.724558,0.0
0.784215,0.0
0.707505,0.0
0.694568,1.0
0.644732,1.0
0.304031,0.0
0.76864,1.0
0.707365,1.0
0.72273,1.0
0.379232,1.0
0.733282,0.0
0.327149,0.0
0.717764,1.0
0.732545,1.0
0.732417,1.0
0.782625,1.0
0.715337,0.0
0.792106,0.0
0.790201,1.0
0.400508,0.0
0.804437,1.0
0.66522,0.0
0.709044,1.0
0.786369,1.0
0.578207,0.0
0.578109,0.0
0.385282,0.0
0.578569,1.0
0.578569,1.0
0.576823,1.0
0.714149,0.0
0.394893,0.0
0.573151,0.0
0.668067,1.0
0.709536,1.0
0.69535,1.0
0.362468,0.0
0.715986,1.0
0.712562,1.0
0.703611,1.0
0.718302,1.0
0.577934,0.0
0.54411,1.0
0.714698,1.0
0.578427,0.0
0.578906,1.0
0.572314,1.0
0.578303,1.0
0.362339,0.0
0.577106,1.0
0.413619,0.0
0.698542,1.0
0.359905,0.0
0.717141,1.0
0.715795,0.0
0.721761,1.0
0.712195,1.0
0.577641,1.0
0.717551,1.0
0.66408,1.0
0.678179,1.0
0.576869,0.0
0.407547,0.0
0.721615,0.0
0.363184,0.0
0.717689,1.0
0.578426,0.0
0.684603,0.0
0.577663,1.0
0.57817,1.0
0.399566,0.0
0.69207,1.0
0.577834,0.0
0.403222,0.0
0.366234,0.0
0.577712,0.0
0.577641,1.0
0.449967,0.0
0.579363,1.0
0.717582,1.0
0.57804,1.0
0.710999,1.0
0.400219,0.0
0.578693,0.0
0.704995,0.0
0.362867,0.0
0.572999,1.0
0.71823,1.0
0.577699,0.0
0.544263,0.0
0.578407,0.0
0.399834,0.0
0.39493,0.0
0.382185,1.0
0.720447,1.0
0.577662,0.0
0.719228,1.0
0.716296,1.0
0.57843,0.0
0.362085,0.0
0.703294,1.0
0.372179,0.0
0.580626,1.0
0.713896,1.0
0.670781,0.0
0.577927,0.0
0.439619,1.0
0.712262,1.0
0.718233,1.0
0.57299,0.0
0.712776,1.0
0.578192,0.0
0.715986,1.0
0.717166,1.0
0.697384,1.0
0.390304,0.0
0.720864,1.0
0.36293,1.0
0.382397,0.0
0.57904,0.0
0.359905,0.0
0.70418,1.0
0.710189,1.0
0.362428,1.0
0.304723,0.0
0.304378,1.0
0.781866,1.0
0.360589,1.0
0.360643,1.0
0.385578,0.0
0.700004,0.0
0.779411,1.0
0.452853,1.0
0.658444,1.0
0.736308,1.0
0.710037,1.0
0.791654,1.0
0.721514,1.0
0.740207,1.0
0.710046,1.0
0.713548,1.0
0.303812,0.0
0.77092,1.0
0.706083,0.0
0.346166,0.0
0.364512,1.0
0.486564,1.0
0.360896,0.0
0.785088,0.0
0.386421,0.0
0.779689,1.0
0.716616,1.0
0.795607,1.0
0.721165,1.0
0.699057,1.0
0.724019,1.0
0.698947,0.0
0.318639,0.0
0.71578,0.0
0.656254,0.0
0.671995,1.0
0.36849,0.0
0.777726,1.0
0.70283,1.0
0.784466,1.0
0.713638,1.0
0.346134,1.0
0.661034,1.0
0.318823,1.0
0.320274,1.0
0.785034,1.0
0.719504,1.0
0.367584,1.0
0.779663,1.0
0.776886,1.0
0.304551,0.0
0.318562,0.0
0.779456,1.0
0.370238,1.0
0.734917,1.0
0.317912,0.0
0.72967,1.0
0.789564,1.0
0.30614,0.0
0.684325,1.0
0.803775,1.0
0.446962,1.0
0.715372,1.0
0.304508,0.0
0.757567,0.0
0.345872,0.0
0.780349,1.0
0.777034,1.0
0.797272,1.0
0.731483,0.0
0.304835,0.0
0.710188,0.0
0.714032,1.0
0.345993,1.0
0.795849,1.0
0.721476,0.0
0.784459,0.0
0.72348,1.0
0.713013,1.0
0.660739,1.0
0.303348,1.0
0.780079,1.0
0.711409,1.0
0.726443,1.0
0.435533,0.0
0.730967,1.0
0.305875,1.0
0.721514,1.0
0.736634,1.0
0.734551,1.0
0.777825,1.0
0.716144,1.0
0.790937,1.0
0.783957,1.0
0.352993,0.0
0.795607,1.0
0.686144,0.0
0.712143,1.0
0.790415,0.0
0.53613,0.0
0.529686,1.0
0.523708,1.0
0.533934,0.0
0.533937,0.0
0.540756,1.0
0.523963,1.0
0.522873,0.0
0.538498,0.0
0.536116,1.0
0.526999,0.0
0.525434,0.0
0.525971,0.0
0.525714,1.0
0.527502,1.0
0.525414,0.0
0.527364,0.0
0.536046,1.0
0.520883,0.0
0.527552,0.0
0.538475,1.0
0.534212,1.0
0.539913,1.0
0.539871,1.0
0.524003,1.0
0.540841,1.0
0.522559,0.0
0.525021,1.0
0.526692,1.0
0.525559,0.0
0.523115,1.0
0.526338,1.0
0.527733,1.0
0.537366,0.0
0.526086,1.0
0.54017,0.0
0.534213,1.0
0.539368,1.0
0.522426,1.0
0.524248,0.0
0.524976,1.0
0.526087,1.0
0.53232,1.0
0.529947,0.0
0.531215,0.0
0.531361,1.0
0.523632,1.0
0.525246,1.0
0.533461,0.0
0.522665,0.0
0.523871,1.0
0.53608,0.0
0.53736,1.0
0.521745,1.0
0.534618,1.0
0.527206,1.0
0.53735,1.0
0.527292,1.0
0.524181,1.0
0.53625,1.0
0.525259,1.0
0.52744,0.0
0.538063,0.0
0.525435,1.0
0.536076,0.0
0.517312,1.0
0.538456,0.0
0.523097,1.0
0.522601,0.0
0.525244,1.0
0.527104,1.0
0.536095,1.0
0.527049,1.0
0.526386,1.0
0.532311,1.0
0.526596,1.0
0.525434,0.0
0.523458,0.0
0.522784,0.0
0.526628,1.0
0.529482,0.0
0.529603,0.0
0.520992,0.0
0.525691,1.0
0.526283,0.0
0.542935,1.0
0.52655,1.0
0.529794,1.0
0.525714,1.0
0.527348,1.0
0.526959,0.0
0.522875,0.0
0.526832,1.0
0.525418,1.0
0.52414,0.0
0.53892,0.0
0.526692,1.0
0.529944,1.0
0.52521,1.0
0.524245,0.0
0.637043,1.0
0.596045,1.0
0.667593,1.0
0.577196,1.0
0.577178,0.0
0.610932,1.0
0.601797,1.0
0.657972,1.0
0.530107,1.0
0.577275,0.0
0.594112,1.0
0.593007,0.0
0.660287,0.0
0.600709,1.0
0.602309,1.0
0.592838,1.0
0.595762,1.0
0.634556,1.0
0.632483,0.0
0.59505,1.0
0.625807,1.0
0.57597,1.0
0.515599,0.0
0.621752,1.0
0.66725,1.0
0.61091,1.0
0.656611,1.0
0.601484,1.0
0.669426,1.0
0.592005,1.0
0.601231,1.0
0.601409,1.0
0.599442,1.0
0.633173,0.0
0.601664,1.0
0.563594,0.0
0.578302,0.0
0.616274,0.0
0.665688,0.0
0.594836,0.0
0.669177,0.0
0.599921,1.0
0.582496,1.0
0.585985,0.0
0.591513,1.0
0.590935,0.0
0.666641,0.0
0.603055,0.0
0.571244,0.0
0.657302,1.0
0.668854,1.0
0.636603,1.0
0.630933,1.0
0.662709,0.0
0.574395,1.0
0.602126,1.0
0.631318,0.0
0.603415,1.0
0.666444,1.0
0.634977,1.0
0.60255,1.0
0.65935,1.0
0.532751,0.0
0.600014,1.0
0.636593,1.0
0.649396,1.0
0.627914,1.0
0.666492,1.0
0.658051,1.0
0.66683,1.0
0.600917,1.0
0.634284,1.0
0.601497,1.0
0.600422,1.0
0.582542,1.0
0.669217,1.0
0.593384,0.0
0.657555,0.0
0.618914,0.0
0.602178,1.0
0.588408,1.0
0.59697,1.0
0.651116,0.0
0.599439,0.0
0.592696,0.0
0.590532,0.0
0.602485,1.0
0.595861,1.0
0.600709,1.0
0.60201,1.0
0.595798,1.0
0.658432,1.0
0.60249,1.0
0.668951,0.0
0.65878,1.0
0.626817,1.0
0.669426,1.0
0.600388,1.0
0.598506,0.0
0.657915,0.0
0.605627,0.0
0.594408,0.0
0.540218,1.0
0.592481,1.0
0.585752,0.0
0.60305,1.0
0.598247,0.0
0.53882,0.0
0.569122,1.0
0.588741,1.0
0.606927,1.0
0.596174,0.0
0.538302,0.0
0.603923,1.0
0.608148,1.0
0.600798,0.0
0.604554,0.0
0.604901,1.0
0.543834,1.0
0.602997,1.0
0.60412,0.0
0.591576,1.0
0.565104,0.0
0.60458,1.0
0.539225,0.0
0.6031,1.0
0.539114,0.0
0.60185,0.0
0.544679,0.0
0.603108,1.0
0.597181,0.0
0.605422,1.0
0.601463,1.0
0.599907,0.0
0.603856,0.0
0.588467,1.0
0.588653,1.0
0.596308,0.0
0.534627,1.0
0.594938,0.0
0.53646,1.0
0.602806,1.0
0.591328,1.0
0.587474,0.0
0.594968,1.0
0.587699,1.0
0.536599,0.0
0.598304,0.0
0.581763,0.0
0.538911,1.0
0.53826,1.0
0.605505,1.0
0.605083,0.0
0.535699,0.0
0.591384,0.0
0.607505,1.0
0.599269,0.0
0.606882,0.0
0.542567,1.0
0.605105,1.0
0.596487,0.0
0.546574,0.0
0.572985,0.0
0.602502,1.0
0.605501,1.0
0.535406,0.0
0.604809,0.0
0.539731,1.0
0.538086,0.0
0.546966,1.0
0.606508,1.0
0.604863,0.0
0.603674,1.0
0.603186,0.0
0.591339,0.0
0.544693,1.0
0.598546,0.0
0.534165,0.0
0.564204,0.0
0.603914,0.0
0.590013,1.0
0.595087,0.0
0.537677,1.0
0.597632,1.0
0.600579,1.0
0.591398,0.0
0.606151,0.0
0.594418,0.0
0.603923,1.0
0.607715,1.0
0.606316,0.0
0.538427,1.0
0.604796,1.0
0.540598,1.0
0.540447,0.0
0.604809,1.0
0.544679,1.0
0.601579,1.0
0.596847,1.0
0.538902,0.0
0.333973,0.0
0.369799,0.0
0.749317,1.0
0.374035,1.0
0.386394,1.0
0.34215,0.0
0.654825,0.0
0.743848,1.0
0.499356,1.0
0.675768,1.0
0.704884,1.0
0.696903,1.0
0.77265,1.0
0.69184,0.0
0.710802,1.0
0.677272,1.0
0.682856,0.0
0.340302,0.0
0.782471,1.0
0.67322,0.0
0.337755,1.0
0.381199,0.0
0.507508,0.0
0.339021,0.0
0.742855,0.0
0.341964,1.0
0.74535,0.0
0.683608,1.0
0.761306,1.0
0.689674,0.0
0.659153,1.0
0.695216,1.0
0.670151,0.0
0.347793,0.0
0.678734,0.0
0.669109,1.0
0.67856,0.0
0.356908,0.0
0.765486,1.0
0.68112,1.0
0.769125,0.0
0.685661,0.0
0.384392,0.0
0.665518,1.0
0.367681,0.0
0.388825,0.0
0.770206,0.0
0.706322,1.0
0.402942,1.0
0.74545,1.0
0.741877,0.0
0.33786,0.0
0.335563,0.0
0.768812,0.0
0.377593,0.0
0.705902,1.0
0.350188,0.0
0.69927,1.0
0.757845,0.0
0.339668,0.0
0.651194,0.0
0.767868,1.0
0.436258,0.0
0.684963,1.0
0.337872,0.0
0.730016,0.0
0.334934,0.0
0.748185,1.0
0.741365,1.0
0.774254,1.0
0.697083,0.0
0.336786,0.0
0.677732,0.0
0.684378,0.0
0.380415,0.0
0.762596,1.0
0.700384,1.0
0.759917,0.0
0.728153,0.0
0.684183,0.0
0.648901,0.0
0.364481,0.0
0.778129,1.0
0.702959,1.0
0.71574,0.0
0.368744,1.0
0.697846,1.0
0.369708,1.0
0.69184,1.0
0.707682,1.0
0.700398,1.0
0.742998,1.0
0.687814,1.0
0.784061,1.0
0.747608,0.0
0.338276,0.0
0.762264,1.0
0.664227,1.0
0.70277,1.0
0.775939,0.0
0.634885,1.0
0.617703,1.0
0.660498,1.0
0.601145,1.0
0.595773,1.0
0.630318,1.0
0.610101,1.0
0.66055,0.0
0.521413,0.0
0.586099,0.0
0.592457,1.0
0.591352,0.0
0.660927,1.0
0.606336,0.0
0.592465,1.0
0.591942,1.0
0.608468,1.0
0.631142,1.0
0.646412,0.0
0.609319,1.0
0.621848,1.0
0.610693,1.0
0.522637,1.0
0.63176,0.0
0.674572,0.0
0.618649,0.0
0.673356,1.0
0.592401,1.0
0.661663,1.0
0.60582,0.0
0.592099,0.0
0.592172,0.0
0.608583,0.0
0.628518,0.0
0.608942,1.0
0.585419,0.0
0.599242,0.0
0.624271,0.0
0.65931,0.0
0.592321,0.0
0.672615,0.0
0.606492,0.0
0.608965,0.0
0.58988,0.0
0.617807,1.0
0.606833,0.0
0.672148,1.0
0.592353,0.0
0.585733,0.0
0.65995,1.0
0.674042,0.0
0.632289,1.0
0.634157,1.0
0.67084,1.0
0.613717,1.0
0.59245,1.0
0.627388,0.0
0.593534,0.0
0.673018,1.0
0.631437,0.0
0.609949,0.0
0.66153,1.0
0.580102,0.0
0.591561,1.0
0.632283,0.0
0.667704,0.0
0.634476,0.0
0.660074,0.0
0.66047,0.0
0.660191,0.0
0.607355,1.0
0.633596,0.0
0.608893,1.0
0.60703,0.0
0.612189,0.0
0.661173,1.0
0.592334,0.0
0.673222,0.0
0.637597,0.0
0.607915,1.0
0.60713,1.0
0.620435,1.0
0.656919,0.0
0.5906,0.0
0.604127,0.0
0.60573,0.0
0.592931,1.0
0.604787,1.0
0.591745,0.0
0.592369,1.0
0.593701,1.0
0.660277,1.0
0.59305,1.0
0.659805,0.0
0.674083,1.0
0.632115,0.0
0.661246,1.0
0.594558,1.0
0.590113,0.0
0.672475,1.0
0.532837,0.0
0.533994,1.0
0.517484,1.0
0.537112,0.0
0.537289,0.0
0.533231,1.0
0.520249,0.0
0.517865,0.0
0.544608,1.0
0.519111,1.0
0.51167,0.0
0.513101,0.0
0.514158,0.0
0.514951,0.0
0.510869,0.0
0.515418,1.0
0.51615,0.0
0.533225,0.0
0.507727,0.0
0.517933,0.0
0.535535,0.0
0.534608,1.0
0.541871,0.0
0.53413,0.0
0.519106,1.0
0.537869,1.0
0.518318,0.0
0.514582,1.0
0.5161,1.0
0.515059,1.0
0.518931,1.0
0.513852,1.0
0.519146,1.0
0.534166,0.0
0.516819,1.0
0.521755,0.0
0.519791,1.0
0.534424,1.0
0.514514,1.0
0.515741,0.0
0.515146,1.0
0.516045,0.0
0.535945,1.0
0.518755,1.0
0.534117,0.0
0.535872,1.0
0.514633,1.0
0.511829,1.0
0.540183,0.0
0.517822,1.0
0.519223,1.0
0.533141,0.0
0.532878,0.0
0.514377,1.0
0.534195,0.0
0.511631,0.0
0.534245,1.0
0.513418,1.0
0.516692,0.0
0.5342,1.0
0.521388,0.0
0.515076,0.0
0.53724,0.0
0.514378,1.0
0.534131,0.0
0.518181,0.0
0.533777,0.0
0.517386,0.0
0.518233,0.0
0.513576,0.0
0.514114,0.0
0.53387,1.0
0.51729,1.0
0.516205,1.0
0.535446,1.0
0.515909,1.0
0.512838,1.0
0.516306,0.0
0.509618,0.0
0.515778,1.0
0.521212,0.0
0.533788,0.0
0.511904,0.0
0.512358,1.0
0.511304,0.0
0.538678,0.0
0.512674,0.0
0.536758,1.0
0.514093,0.0
0.511321,0.0
0.51256,0.0
0.5183,0.0
0.514585,0.0
0.51231,0.0
0.518382,1.0
0.534116,0.0
0.515998,0.0
0.518585,0.0
0.51214,0.0
0.514063,0.0
0.578861,0.0
0.581673,0.0
0.347129,1.0
0.577859,1.0
0.57809,1.0
0.581377,1.0
0.732749,0.0
0.352308,1.0
0.575514,0.0
0.726483,1.0
0.73374,1.0
0.734828,1.0
0.357838,0.0
0.735707,1.0
0.733615,1.0
0.730002,1.0
0.733709,1.0
0.578903,1.0
0.382454,1.0
0.732926,1.0
0.577564,1.0
0.581846,0.0
0.580831,1.0
0.579619,1.0
0.341882,0.0
0.581417,1.0
0.35366,0.0
0.729495,1.0
0.348403,0.0
0.731574,0.0
0.730243,1.0
0.731517,0.0
0.729289,1.0
0.579779,1.0
0.729454,1.0
0.726323,1.0
0.72561,1.0
0.582308,1.0
0.349411,0.0
0.735392,1.0
0.347268,1.0
0.735458,1.0
0.582532,1.0
0.727351,1.0
0.579289,1.0
0.582739,1.0
0.350767,1.0
0.729841,1.0
0.579373,0.0
0.347033,0.0
0.341853,1.0
0.57887,0.0
0.578907,0.0
0.352288,1.0
0.579473,1.0
0.734052,1.0
0.5822,1.0
0.730336,1.0
0.355461,0.0
0.58196,1.0
0.732291,0.0
0.356706,0.0
0.581004,1.0
0.730818,1.0
0.579547,0.0
0.359523,0.0
0.579548,0.0
0.353033,0.0
0.351867,1.0
0.357402,0.0
0.733946,1.0
0.581935,1.0
0.72939,0.0
0.730898,1.0
0.582495,0.0
0.348688,0.0
0.73066,0.0
0.353314,1.0
0.48484,0.0
0.729717,1.0
0.728182,1.0
0.579248,1.0
0.361655,1.0
0.731588,1.0
0.735598,1.0
0.579302,1.0
0.733929,1.0
0.58013,0.0
0.735908,0.0
0.734022,1.0
0.732479,1.0
0.353585,0.0
0.734357,1.0
0.358396,0.0
0.345707,1.0
0.579582,0.0
0.355686,0.0
0.732435,1.0
0.735845,1.0
0.357791,1.0
0.627331,1.0
0.623896,0.0
0.665174,1.0
0.580102,1.0
0.582176,0.0
0.611897,1.0
0.597503,1.0
0.666219,0.0
0.491706,1.0
0.596511,0.0
0.595594,1.0
0.596579,0.0
0.65831,1.0
0.597996,1.0
0.595031,1.0
0.597651,1.0
0.600074,1.0
0.614452,1.0
0.656169,0.0
0.601326,1.0
0.58694,1.0
0.623159,1.0
0.611431,1.0
0.607103,0.0
0.663529,1.0
0.573035,0.0
0.662631,1.0
0.597244,0.0
0.660681,1.0
0.594052,0.0
0.598535,0.0
0.594074,1.0
0.600503,1.0
0.608009,0.0
0.600323,1.0
0.597112,1.0
0.59724,0.0
0.604991,0.0
0.661392,0.0
0.598261,0.0
0.664938,0.0
0.598593,0.0
0.602463,1.0
0.59809,0.0
0.61424,1.0
0.603858,1.0
0.662893,1.0
0.596335,0.0
0.580584,0.0
0.662413,1.0
0.666406,0.0
0.62653,1.0
0.627427,0.0
0.662474,0.0
0.615121,1.0
0.595718,1.0
0.604818,0.0
0.597855,1.0
0.661525,1.0
0.603568,1.0
0.596553,1.0
0.659377,1.0
0.608856,1.0
0.597129,1.0
0.618932,1.0
0.661669,0.0
0.619904,0.0
0.663064,1.0
0.66631,0.0
0.66073,1.0
0.598759,1.0
0.60441,0.0
0.596604,1.0
0.598749,1.0
0.615824,0.0
0.660509,1.0
0.593679,0.0
0.665503,0.0
0.640018,0.0
0.599277,1.0
0.601187,1.0
0.614984,1.0
0.661967,1.0
0.596068,0.0
0.596051,0.0
0.575595,1.0
0.596495,1.0
0.589586,1.0
0.593877,1.0
0.595495,1.0
0.59652,1.0
0.662765,1.0
0.598283,1.0
0.659081,0.0
0.665774,1.0
0.619116,0.0
0.66035,1.0
0.601063,0.0
0.595659,0.0
0.66207,1.0
0.619786,1.0
0.597135,0.0
0.681988,1.0
0.583407,0.0
0.561276,0.0
0.604582,1.0
0.62227,0.0
0.661089,0.0
0.497483,0.0
0.59001,0.0
0.609753,1.0
0.590092,0.0
0.686782,1.0
0.612638,1.0
0.609315,1.0
0.611684,1.0
0.612785,1.0
0.606617,1.0
0.655097,0.0
0.613833,1.0
0.587946,1.0
0.617504,1.0
0.608226,0.0
0.580277,1.0
0.690172,1.0
0.553556,0.0
0.689371,1.0
0.590808,0.0
0.688475,0.0
0.59649,1.0
0.591158,0.0
0.619545,1.0
0.615035,1.0
0.581027,0.0
0.613694,0.0
0.611727,0.0
0.590567,0.0
0.578242,0.0
0.666923,0.0
0.5913,0.0
0.660924,0.0
0.59133,0.0
0.599511,1.0
0.590978,0.0
0.606821,1.0
0.600511,0.0
0.679816,1.0
0.590589,0.0
0.570099,0.0
0.689416,0.0
0.661168,0.0
0.619383,0.0
0.599561,1.0
0.659061,0.0
0.607484,0.0
0.609731,1.0
0.578005,0.0
0.61254,1.0
0.688711,1.0
0.599561,1.0
0.622084,0.0
0.687462,1.0
0.605135,0.0
0.611082,1.0
0.615574,0.0
0.664289,0.0
0.595199,0.0
0.689839,0.0
0.661086,0.0
0.688552,1.0
0.611509,1.0
0.577473,1.0
0.621306,1.0
0.613445,1.0
0.59246,0.0
0.688368,1.0
0.597126,0.0
0.660944,0.0
0.649548,0.0
0.61269,1.0
0.614788,1.0
0.607223,1.0
0.679516,1.0
0.589992,1.0
0.589998,0.0
0.582209,0.0
0.610449,1.0
0.595645,1.0
0.619039,0.0
0.609489,1.0
0.610627,1.0
0.689389,1.0
0.611456,0.0
0.666384,0.0
0.682727,1.0
0.594774,0.0
0.688054,1.0
0.592645,1.0
0.589462,0.0
0.678746,0.0
0.577385,0.0
0.578194,0.0
0.339592,0.0
0.580943,1.0
0.582667,1.0
0.580204,1.0
0.740583,1.0
0.35664,1.0
0.530851,0.0
0.741663,1.0
0.736331,0.0
0.744737,1.0
0.336877,0.0
0.737607,1.0
0.736011,1.0
0.737065,1.0
0.73577,1.0
0.580103,1.0
0.358304,1.0
0.73542,1.0
0.580994,1.0
0.577465,0.0
0.579836,1.0
0.581832,1.0
0.348556,0.0
0.583217,1.0
0.344071,0.0
0.744511,1.0
0.353759,0.0
0.737856,1.0
0.744542,1.0
0.736842,1.0
0.736263,0.0
0.581601,1.0
0.742434,1.0
0.739101,1.0
0.741144,1.0
0.581789,1.0
0.355586,0.0
0.744655,1.0
0.353214,0.0
0.744534,1.0
0.580615,1.0
0.742749,0.0
0.58014,1.0
0.580132,1.0
0.33637,1.0
0.744627,1.0
0.578438,0.0
0.356842,0.0
0.35758,0.0
0.57677,0.0
0.578433,0.0
0.351735,1.0
0.579604,0.0
0.736161,1.0
0.581794,1.0
0.736865,1.0
0.341609,0.0
0.580535,1.0
0.739758,0.0
0.337937,0.0
0.579935,1.0
0.737133,1.0
0.576949,1.0
0.363287,0.0
0.578277,0.0
0.359003,0.0
0.357026,1.0
0.341194,1.0
0.735646,1.0
0.581968,0.0
0.735177,0.0
0.737198,1.0
0.57839,0.0
0.33956,0.0
0.743576,0.0
0.354207,0.0
0.404415,1.0
0.73614,1.0
0.73453,1.0
0.580108,0.0
0.338106,0.0
0.737798,1.0
0.744588,1.0
0.581107,0.0
0.736424,1.0
0.576878,0.0
0.742976,1.0
0.736087,1.0
0.735909,1.0
0.343557,0.0
0.743007,1.0
0.352231,0.0
0.340983,1.0
0.578297,0.0
0.339092,0.0
0.735415,1.0
0.745089,1.0
0.350232,0.0
0.622973,1.0
0.599065,1.0
0.659136,1.0
0.587711,1.0
0.579029,1.0
0.609755,1.0
0.599165,1.0
0.664188,1.0
0.526702,1.0
0.594404,0.0
0.588543,1.0
0.593994,0.0
0.658518,1.0
0.594794,1.0
0.592124,1.0
0.59402,1.0
0.595162,1.0
0.610534,1.0
0.658181,1.0
0.596013,1.0
0.60485,1.0
0.622277,1.0
0.598302,1.0
0.601668,1.0
0.660406,1.0
0.57613,1.0
0.660703,1.0
0.594419,0.0
0.66227,1.0
0.595109,1.0
0.596012,1.0
0.596389,1.0
0.592305,1.0
0.58576,1.0
0.597839,1.0
0.596366,0.0
0.594879,0.0
0.584625,1.0
0.661504,0.0
0.59554,1.0
0.660496,0.0
0.595575,1.0
0.609074,1.0
0.591101,1.0
0.61081,1.0
0.594149,0.0
0.65967,1.0
0.594165,0.0
0.589829,1.0
0.662424,1.0
0.661706,1.0
0.608194,1.0
0.615589,1.0
0.660717,0.0
0.608276,1.0
0.592503,1.0
0.584483,0.0
0.5947,1.0
0.660251,1.0
0.608634,0.0
0.593946,0.0
0.659101,1.0
0.596477,1.0
0.593583,1.0
0.595017,0.0
0.660669,1.0
0.598708,1.0
0.661838,0.0
0.664288,0.0
0.66269,0.0
0.594098,1.0
0.612722,1.0
0.593808,1.0
0.595419,1.0
0.597752,1.0
0.659762,1.0
0.592825,0.0
0.660897,1.0
0.65477,0.0
0.594957,1.0
0.59659,1.0
0.622979,1.0
0.657272,0.0
0.591254,0.0
0.593587,0.0
0.601311,0.0
0.593072,1.0
0.612104,1.0
0.597132,1.0
0.592304,1.0
0.593152,1.0
0.660754,1.0
0.596384,1.0
0.660324,0.0
0.662345,1.0
0.598607,0.0
0.6596,1.0
0.593672,0.0
0.593343,0.0
0.659919,1.0
0.574312,1.0
0.574301,0.0
0.329972,1.0
0.58596,1.0
0.586641,0.0
0.583957,1.0
0.737407,1.0
0.340777,1.0
0.436391,1.0
0.743864,1.0
0.7313,1.0
0.745547,1.0
0.328102,0.0
0.738202,1.0
0.735082,1.0
0.737416,1.0
0.735798,0.0
0.583886,1.0
0.335895,1.0
0.735786,1.0
0.58438,1.0
0.574322,1.0
0.585129,1.0
0.584693,1.0
0.339253,0.0
0.586839,1.0
0.334475,0.0
0.745291,1.0
0.334036,0.0
0.738354,1.0
0.739408,1.0
0.738175,0.0
0.733811,1.0
0.586173,1.0
0.737453,1.0
0.742793,1.0
0.743521,1.0
0.586264,1.0
0.349358,0.0
0.738532,1.0
0.346993,0.0
0.738581,1.0
0.584046,1.0
0.734102,1.0
0.583868,1.0
0.585083,1.0
0.332829,0.0
0.745328,1.0
0.57418,0.0
0.337721,0.0
0.336048,1.0
0.574209,0.0
0.574426,0.0
0.350703,1.0
0.57497,0.0
0.735323,1.0
0.585917,1.0
0.737128,1.0
0.332191,0.0
0.5836,0.0
0.740507,0.0
0.328981,0.0
0.58528,1.0
0.737059,1.0
0.584776,0.0
0.341719,0.0
0.57433,0.0
0.354416,0.0
0.355977,1.0
0.35342,0.0
0.735197,1.0
0.57526,0.0
0.732963,1.0
0.737933,1.0
0.574334,0.0
0.330421,1.0
0.742115,0.0
0.331652,1.0
0.382211,1.0
0.736273,1.0
0.73631,1.0
0.575022,0.0
0.345759,0.0
0.743906,1.0
0.744952,1.0
0.575117,0.0
0.735958,1.0
0.573856,0.0
0.738996,1.0
0.735173,1.0
0.735627,1.0
0.334078,0.0
0.737405,0.0
0.34658,1.0
0.337291,1.0
0.574327,0.0
0.329995,1.0
0.741906,1.0
0.745628,0.0
0.328752,1.0
0.384296,0.0
0.37319,0.0
0.678246,0.0
0.386192,0.0
0.369177,1.0
0.383032,0.0
0.698993,1.0
0.716637,1.0
0.719956,1.0
0.651811,0.0
0.573174,1.0
0.634235,0.0
0.663857,0.0
0.629373,1.0
0.585277,1.0
0.616304,1.0
0.596433,0.0
0.382881,0.0
0.669208,1.0
0.618967,0.0
0.3833,0.0
0.384477,0.0
0.384874,0.0
0.383064,0.0
0.721953,1.0
0.385412,0.0
0.69465,0.0
0.630535,0.0
0.693847,1.0
0.640771,0.0
0.663328,1.0
0.632451,1.0
0.622126,0.0
0.385926,0.0
0.638209,1.0
0.673231,1.0
0.653617,0.0
0.38598,0.0
0.706069,1.0
0.631255,0.0
0.690669,0.0
0.633831,1.0
0.382618,0.0
0.618801,1.0
0.382737,0.0
0.402418,1.0
0.667212,0.0
0.62738,1.0
0.374605,0.0
0.710279,0.0
0.712429,1.0
0.372321,1.0
0.36922,1.0
0.692979,0.0
0.369299,0.0
0.588728,1.0
0.402822,0.0
0.614935,1.0
0.682506,1.0
0.382717,1.0
0.695532,0.0
0.668806,0.0
0.385321,0.0
0.608624,0.0
0.389105,0.0
0.72712,0.0
0.373096,0.0
0.745082,1.0
0.738594,0.0
0.711869,1.0
0.599095,1.0
0.366324,0.0
0.621257,0.0
0.635855,1.0
0.373232,0.0
0.683625,0.0
0.618593,1.0
0.688472,0.0
0.739102,0.0
0.612878,0.0
0.642086,0.0
0.365416,0.0
0.673654,1.0
0.609996,0.0
0.622034,1.0
0.384336,0.0
0.595303,0.0
0.373052,1.0
0.675346,1.0
0.587195,0.0
0.594013,1.0
0.691905,1.0
0.606266,1.0
0.695597,1.0
0.699778,0.0
0.388591,0.0
0.681598,1.0
0.618519,0.0
0.61267,1.0
0.672109,0.0
0.337842,0.0
0.330841,0.0
0.857662,1.0
0.33368,0.0
0.400609,1.0
0.333732,1.0
0.704607,1.0
0.824426,1.0
0.775923,1.0
0.74304,0.0
0.844688,1.0
0.768563,1.0
0.873365,1.0
0.782735,1.0
0.832377,1.0
0.796675,1.0
0.808117,0.0
0.333704,0.0
0.872006,1.0
0.779414,0.0
0.333505,0.0
0.337919,1.0
0.333803,1.0
0.333086,0.0
0.821775,1.0
0.332164,0.0
0.843148,0.0
0.773548,1.0
0.849857,1.0
0.760934,1.0
0.746987,1.0
0.780952,1.0
0.775168,0.0
0.33332,0.0
0.76982,0.0
0.726026,0.0
0.740062,1.0
0.33325,1.0
0.836567,1.0
0.772014,1.0
0.846302,0.0
0.77652,1.0
0.333431,1.0
0.789515,1.0
0.333639,1.0
0.421435,0.0
0.869973,1.0
0.786179,1.0
0.331195,1.0
0.827502,1.0
0.829084,0.0
0.408289,1.0
0.40624,0.0
0.84183,1.0
0.328889,1.0
0.827985,1.0
0.340001,0.0
0.798919,1.0
0.860808,1.0
0.410542,0.0
0.700568,1.0
0.868621,1.0
0.333913,1.0
0.796349,1.0
0.333864,0.0
0.810661,0.0
0.330759,0.0
0.797122,1.0
0.794979,1.0
0.830482,1.0
0.813092,1.0
0.327335,1.0
0.775736,0.0
0.773514,1.0
0.330788,0.0
0.852365,1.0
0.794416,0.0
0.847631,1.0
0.791297,0.0
0.789403,0.0
0.754126,1.0
0.327348,0.0
0.868477,1.0
0.794233,1.0
0.790274,1.0
0.334306,1.0
0.812401,0.0
0.409231,1.0
0.733561,1.0
0.821155,1.0
0.822934,1.0
0.851517,1.0
0.808281,1.0
0.845189,1.0
0.835846,1.0
0.336811,1.0
0.860123,1.0
0.778806,0.0
0.802636,1.0
0.863813,1.0
0.288825,0.0
0.289128,0.0
0.677574,1.0
0.284498,1.0
0.440172,1.0
0.352893,0.0
0.701896,1.0
0.717188,1.0
0.74385,1.0
0.643979,0.0
0.578567,1.0
0.632282,0.0
0.662089,0.0
0.630479,1.0
0.589131,1.0
0.617937,1.0
0.586904,1.0
0.285548,0.0
0.672999,1.0
0.611375,1.0
0.285244,0.0
0.357081,0.0
0.352323,1.0
0.284952,0.0
0.71677,0.0
0.283433,0.0
0.684437,0.0
0.628582,1.0
0.690784,1.0
0.637391,0.0
0.66438,1.0
0.628397,0.0
0.614253,1.0
0.284268,0.0
0.633279,1.0
0.670203,1.0
0.652831,0.0
0.351331,0.0
0.70331,1.0
0.628052,1.0
0.682294,0.0
0.635049,0.0
0.352707,0.0
0.621088,1.0
0.352894,1.0
0.364824,0.0
0.664979,1.0
0.629634,1.0
0.356833,0.0
0.702251,1.0
0.708586,1.0
0.449033,0.0
0.365037,1.0
0.692376,1.0
0.355853,0.0
0.59227,0.0
0.284577,0.0
0.616503,1.0
0.680728,1.0
0.365227,0.0
0.68704,0.0
0.666112,1.0
0.352287,0.0
0.606724,0.0
0.287124,0.0
0.713568,1.0
0.28908,0.0
0.740707,0.0
0.736621,1.0
0.70894,1.0
0.602078,1.0
0.355009,0.0
0.613488,0.0
0.63714,1.0
0.289068,0.0
0.682379,1.0
0.61092,0.0
0.686774,0.0
0.733462,0.0
0.605422,0.0
0.63959,1.0
0.288132,0.0
0.674349,1.0
0.609305,1.0
0.624685,1.0
0.357162,0.0
0.5896,0.0
0.450021,1.0
0.67684,1.0
0.587375,1.0
0.596952,0.0
0.689029,1.0
0.604148,1.0
0.698022,1.0
0.697357,0.0
0.358626,1.0
0.683722,1.0
0.612323,0.0
0.611221,1.0
0.672261,0.0
0.62094,0.0
0.62037,1.0
0.50705,0.0
0.609079,1.0
0.576764,0.0
0.608526,1.0
0.603036,0.0
0.523488,0.0
0.530053,0.0
0.593212,1.0
0.56661,1.0
0.588557,0.0
0.505856,0.0
0.58414,1.0
0.5707,1.0
0.579884,1.0
0.573572,0.0
0.621335,1.0
0.505477,1.0
0.581724,1.0
0.62138,1.0
0.607911,1.0
0.593878,0.0
0.621411,1.0
0.52841,0.0
0.621635,1.0
0.518079,0.0
0.582729,0.0
0.513097,0.0
0.591131,1.0
0.593163,0.0
0.590154,1.0
0.582567,1.0
0.621545,1.0
0.58868,1.0
0.594433,1.0
0.593206,1.0
0.608799,0.0
0.518164,1.0
0.583029,1.0
0.517199,0.0
0.590361,1.0
0.608547,0.0
0.580267,0.0
0.593739,1.0
0.611554,0.0
0.501313,0.0
0.583555,0.0
0.607364,0.0
0.51728,0.0
0.522616,1.0
0.591857,1.0
0.595497,1.0
0.513312,1.0
0.60745,0.0
0.577831,1.0
0.621829,0.0
0.580659,0.0
0.508904,1.0
0.610594,0.0
0.604639,0.0
0.501788,0.0
0.608652,0.0
0.581747,1.0
0.620887,1.0
0.523923,0.0
0.620375,0.0
0.536511,0.0
0.529923,0.0
0.520358,1.0
0.575967,1.0
0.607539,0.0
0.588977,1.0
0.586139,0.0
0.620378,1.0
0.50909,1.0
0.587236,0.0
0.516561,0.0
0.535626,0.0
0.585082,0.0
0.586429,1.0
0.620384,0.0
0.506117,0.0
0.576034,1.0
0.581596,1.0
0.607448,1.0
0.579235,0.0
0.574594,0.0
0.596513,1.0
0.569561,1.0
0.579544,0.0
0.512441,0.0
0.57677,1.0
0.5161,1.0
0.520873,0.0
0.592278,1.0
0.510185,1.0
0.586762,1.0
0.576894,1.0
0.510467,0.0
0.665443,1.0
0.664241,1.0
0.6816,1.0
0.63394,0.0
0.545467,1.0
0.63885,1.0
0.624822,1.0
0.688623,0.0
0.68588,1.0
0.615861,1.0
0.610518,1.0
0.614703,0.0
0.675314,1.0
0.6169,1.0
0.612153,1.0
0.615096,1.0
0.614695,1.0
0.666025,1.0
0.679506,0.0
0.617047,1.0
0.666103,1.0
0.637587,1.0
0.594424,1.0
0.666151,1.0
0.685847,1.0
0.666545,1.0
0.682,1.0
0.617248,0.0
0.684451,1.0
0.615455,1.0
0.620977,1.0
0.615578,1.0
0.617353,1.0
0.666406,1.0
0.619872,1.0
0.619939,0.0
0.615056,1.0
0.639164,1.0
0.685253,0.0
0.616453,0.0
0.681528,0.0
0.614659,1.0
0.638584,1.0
0.615594,1.0
0.595094,1.0
0.648903,1.0
0.678875,1.0
0.617532,0.0
0.635977,0.0
0.686128,1.0
0.687833,1.0
0.594512,1.0
0.601869,0.0
0.683064,1.0
0.636129,1.0
0.610167,1.0
0.667161,0.0
0.617101,1.0
0.681282,1.0
0.64631,1.0
0.622911,1.0
0.679179,1.0
0.638839,1.0
0.611417,1.0
0.665249,1.0
0.68947,1.0
0.664253,1.0
0.68873,1.0
0.690704,0.0
0.686161,1.0
0.613957,1.0
0.636312,1.0
0.616193,1.0
0.618672,1.0
0.664255,0.0
0.681318,1.0
0.61587,0.0
0.680474,1.0
0.687966,1.0
0.61492,1.0
0.617786,1.0
0.6642,1.0
0.681171,1.0
0.613204,0.0
0.61536,1.0
0.636584,0.0
0.612524,1.0
0.539743,1.0
0.621108,1.0
0.611644,1.0
0.612066,1.0
0.684142,1.0
0.614306,1.0
0.684408,1.0
0.682456,1.0
0.591665,0.0
0.681906,1.0
0.614097,1.0
0.613372,1.0
0.677539,1.0
0.579185,0.0
0.579076,0.0
0.328775,1.0
0.5778,1.0
0.575422,0.0
0.579342,1.0
0.736993,0.0
0.351058,1.0
0.353635,0.0
0.736432,1.0
0.731753,0.0
0.743238,1.0
0.32573,0.0
0.736607,1.0
0.733181,1.0
0.735835,1.0
0.731262,0.0
0.579168,0.0
0.347248,1.0
0.733961,1.0
0.579167,0.0
0.579354,0.0
0.578342,1.0
0.579164,1.0
0.333875,0.0
0.57916,1.0
0.329968,0.0
0.743726,1.0
0.330757,0.0
0.735595,1.0
0.737899,0.0
0.734754,0.0
0.734048,1.0
0.579168,1.0
0.736076,1.0
0.744044,1.0
0.736582,1.0
0.579322,0.0
0.349778,0.0
0.743356,0.0
0.346799,0.0
0.736092,0.0
0.579314,0.0
0.735282,1.0
0.579229,0.0
0.580018,1.0
0.327107,0.0
0.744252,1.0
0.578243,0.0
0.332434,0.0
0.33593,0.0
0.579384,0.0
0.57879,0.0
0.331573,1.0
0.57913,0.0
0.732219,0.0
0.577919,1.0
0.735071,1.0
0.329965,0.0
0.579771,0.0
0.735499,1.0
0.326976,0.0
0.579324,1.0
0.73323,1.0
0.579117,0.0
0.336034,0.0
0.579074,0.0
0.33838,0.0
0.353282,1.0
0.334486,0.0
0.733676,1.0
0.579116,0.0
0.732373,0.0
0.736385,1.0
0.577887,0.0
0.329717,0.0
0.741158,0.0
0.32901,0.0
0.341421,1.0
0.732617,1.0
0.735743,0.0
0.579046,0.0
0.328797,0.0
0.742773,0.0
0.736793,1.0
0.578389,0.0
0.731798,1.0
0.573714,0.0
0.738094,1.0
0.732291,1.0
0.73243,1.0
0.330726,0.0
0.733817,1.0
0.332607,1.0
0.330754,0.0
0.579238,0.0
0.33025,0.0
0.733412,1.0
0.735832,1.0
0.327112,0.0
0.53169,0.0
0.532015,1.0
0.531803,1.0
0.534507,1.0
0.542389,0.0
0.532026,1.0
0.526428,0.0
0.524829,0.0
0.526502,0.0
0.525569,0.0
0.539475,0.0
0.527176,0.0
0.537883,0.0
0.529381,1.0
0.534527,0.0
0.530649,0.0
0.537355,0.0
0.531904,0.0
0.529953,1.0
0.530278,0.0
0.531901,0.0
0.533238,1.0
0.534907,0.0
0.530899,0.0
0.533215,1.0
0.530884,1.0
0.535421,0.0
0.52744,1.0
0.535105,0.0
0.529203,0.0
0.530484,1.0
0.535422,0.0
0.529813,1.0
0.530887,0.0
0.527832,1.0
0.518612,0.0
0.525959,1.0
0.532841,0.0
0.531955,1.0
0.532363,0.0
0.533827,1.0
0.533725,1.0
0.532869,0.0
0.529564,0.0
0.537279,0.0
0.53105,0.0
0.537294,1.0
0.52733,1.0
0.534657,0.0
0.534179,0.0
0.532434,1.0
0.535502,0.0
0.538289,0.0
0.530266,1.0
0.533031,0.0
0.538665,1.0
0.531926,0.0
0.5316,1.0
0.535906,1.0
0.532231,1.0
0.523739,1.0
0.537224,0.0
0.531744,0.0
0.532528,1.0
0.531953,1.0
0.53209,1.0
0.531779,0.0
0.530787,1.0
0.522498,0.0
0.533378,0.0
0.532736,0.0
0.533028,1.0
0.535385,1.0
0.528485,1.0
0.533527,1.0
0.535908,1.0
0.533891,0.0
0.536009,0.0
0.524453,0.0
0.531847,0.0
0.532483,0.0
0.531793,0.0
0.53645,0.0
0.533799,1.0
0.529768,0.0
0.534981,0.0
0.53388,0.0
0.543267,1.0
0.523432,1.0
0.534574,1.0
0.534326,0.0
0.535219,1.0
0.532629,0.0
0.529497,0.0
0.535096,0.0
0.539595,0.0
0.535668,1.0
0.530337,0.0
0.531104,0.0
0.537136,0.0
0.57455,0.0
0.576764,0.0
0.326149,0.0
0.586561,1.0
0.563413,0.0
0.584407,1.0
0.73399,0.0
0.342807,1.0
0.344338,0.0
0.734907,0.0
0.72374,0.0
0.735771,1.0
0.329144,0.0
0.728413,1.0
0.73005,1.0
0.733366,1.0
0.723976,0.0
0.574472,0.0
0.328545,0.0
0.731673,1.0
0.574471,1.0
0.57682,0.0
0.584108,1.0
0.58114,1.0
0.324622,1.0
0.583636,0.0
0.330957,0.0
0.730278,1.0
0.331419,0.0
0.733582,1.0
0.727518,0.0
0.728384,0.0
0.726146,0.0
0.581132,1.0
0.728685,1.0
0.737842,1.0
0.729671,1.0
0.574625,0.0
0.326793,1.0
0.731979,1.0
0.32416,0.0
0.72361,1.0
0.574624,1.0
0.733101,1.0
0.572797,1.0
0.58129,0.0
0.321003,0.0
0.730671,1.0
0.574579,0.0
0.332419,0.0
0.325828,0.0
0.574305,1.0
0.573286,0.0
0.327748,0.0
0.574576,0.0
0.717421,0.0
0.582102,1.0
0.726429,1.0
0.322121,0.0
0.577091,0.0
0.729797,0.0
0.329636,1.0
0.581695,1.0
0.724105,1.0
0.576775,0.0
0.326248,0.0
0.574522,1.0
0.328064,0.0
0.345656,1.0
0.333446,1.0
0.730841,1.0
0.576878,0.0
0.719671,0.0
0.728743,1.0
0.576734,1.0
0.321911,0.0
0.729718,0.0
0.330476,0.0
0.34366,0.0
0.730327,1.0
0.72997,0.0
0.574514,0.0
0.330562,0.0
0.724373,0.0
0.734402,1.0
0.574475,0.0
0.729192,1.0
0.559245,0.0
0.731718,0.0
0.722479,1.0
0.729664,1.0
0.322772,0.0
0.731023,1.0
0.33713,0.0
0.331416,0.0
0.572352,0.0
0.322202,0.0
0.731043,1.0
0.733073,1.0
0.329679,0.0
0.55821,0.0
0.557526,0.0
0.356291,0.0
0.598633,1.0
0.543007,1.0
0.596699,1.0
0.727155,1.0
0.374861,1.0
0.347825,0.0
0.728957,1.0
0.725636,1.0
0.748924,1.0
0.361409,0.0
0.74694,1.0
0.744122,1.0
0.746722,1.0
0.726108,1.0
0.558068,1.0
0.353358,1.0
0.746389,1.0
0.592494,1.0
0.557331,1.0
0.598022,1.0
0.59529,1.0
0.378347,1.0
0.559725,1.0
0.356898,0.0
0.748352,1.0
0.356185,0.0
0.747249,1.0
0.727368,1.0
0.726395,1.0
0.727008,1.0
0.595283,1.0
0.747441,1.0
0.752072,1.0
0.748639,1.0
0.558063,1.0
0.377181,0.0
0.746926,0.0
0.353518,0.0
0.745153,1.0
0.592777,0.0
0.747316,1.0
0.594203,1.0
0.560363,1.0
0.360062,1.0
0.748552,1.0
0.557565,0.0
0.354592,1.0
0.3508,0.0
0.593583,1.0
0.555717,1.0
0.353749,0.0
0.557983,0.0
0.725279,1.0
0.596053,1.0
0.74549,1.0
0.357476,0.0
0.557839,1.0
0.726401,0.0
0.383345,0.0
0.59566,1.0
0.744641,1.0
0.557549,0.0
0.350319,1.0
0.592431,1.0
0.347783,0.0
0.372736,1.0
0.379186,0.0
0.745211,1.0
0.557461,1.0
0.725612,1.0
0.747379,1.0
0.593857,1.0
0.357388,0.0
0.726916,1.0
0.357918,0.0
0.345553,1.0
0.745357,1.0
0.727509,1.0
0.558157,0.0
0.358847,1.0
0.727289,1.0
0.747429,1.0
0.557381,1.0
0.744177,1.0
0.532644,1.0
0.72784,1.0
0.74342,1.0
0.744057,1.0
0.356199,0.0
0.745288,1.0
0.352739,1.0
0.356296,0.0
0.554549,0.0
0.356923,0.0
0.746304,1.0
0.746573,1.0
0.360052,0.0
0.552096,0.0
0.550935,0.0
0.316808,0.0
0.605366,1.0
0.583642,1.0
0.603807,1.0
0.749786,1.0
0.368087,0.0
0.327139,0.0
0.749525,1.0
0.742722,0.0
0.753259,1.0
0.314719,0.0
0.752425,1.0
0.749896,1.0
0.751898,1.0
0.742379,1.0
0.589073,1.0
0.360764,1.0
0.750266,1.0
0.601312,0.0
0.589257,1.0
0.604651,1.0
0.602406,1.0
0.364495,0.0
0.590241,0.0
0.316517,0.0
0.753414,1.0
0.316932,0.0
0.751805,0.0
0.749809,0.0
0.745801,1.0
0.746968,1.0
0.602401,1.0
0.751867,1.0
0.752906,1.0
0.752391,1.0
0.589175,1.0
0.325544,0.0
0.723672,1.0
0.317832,0.0
0.750369,1.0
0.562895,1.0
0.751627,0.0
0.603925,0.0
0.590144,1.0
0.360049,1.0
0.753685,1.0
0.551403,0.0
0.360279,0.0
0.319458,1.0
0.602455,0.0
0.589431,0.0
0.318201,0.0
0.551851,0.0
0.743042,1.0
0.602946,1.0
0.751388,1.0
0.316135,0.0
0.589204,1.0
0.722749,0.0
0.319462,0.0
0.602588,1.0
0.749956,1.0
0.55096,1.0
0.360783,1.0
0.601217,0.0
0.321534,0.0
0.369813,1.0
0.323944,0.0
0.750171,1.0
0.589245,1.0
0.743358,0.0
0.752365,1.0
0.60306,0.0
0.315985,0.0
0.746728,0.0
0.316051,0.0
0.36348,1.0
0.749642,1.0
0.746836,1.0
0.552046,0.0
0.360185,0.0
0.747546,0.0
0.752565,1.0
0.589374,0.0
0.749239,1.0
0.570414,0.0
0.751242,1.0
0.749237,1.0
0.74962,1.0
0.316708,0.0
0.750268,0.0
0.360739,1.0
0.316926,0.0
0.548292,0.0
0.316231,0.0
0.749937,1.0
0.751825,0.0
0.315249,1.0
0.597275,1.0
0.594045,1.0
0.658773,1.0
0.556764,1.0
0.528964,1.0
0.560452,1.0
0.595364,1.0
0.658742,0.0
0.663828,0.0
0.590737,0.0
0.581393,1.0
0.591912,1.0
0.655815,1.0
0.591985,1.0
0.589642,1.0
0.590909,1.0
0.587263,1.0
0.571634,1.0
0.65474,1.0
0.592339,1.0
0.576386,1.0
0.567791,1.0
0.558753,1.0
0.56419,1.0
0.654691,1.0
0.580808,1.0
0.658659,1.0
0.592431,0.0
0.659065,1.0
0.588117,0.0
0.587527,0.0
0.589603,1.0
0.590832,1.0
0.5642,0.0
0.593923,1.0
0.5929,0.0
0.591577,0.0
0.571305,0.0
0.663418,0.0
0.59885,0.0
0.660127,0.0
0.59041,1.0
0.579992,1.0
0.586075,0.0
0.567425,1.0
0.572466,1.0
0.649985,1.0
0.592606,0.0
0.594784,0.0
0.651821,1.0
0.664084,0.0
0.573177,1.0
0.575631,0.0
0.660213,0.0
0.596347,1.0
0.586352,1.0
0.563116,0.0
0.591574,1.0
0.657865,1.0
0.569436,1.0
0.597825,0.0
0.658462,1.0
0.564027,1.0
0.589756,1.0
0.584204,1.0
0.656384,1.0
0.576696,1.0
0.662908,1.0
0.662303,0.0
0.662502,1.0
0.59056,1.0
0.56823,1.0
0.584967,1.0
0.592342,1.0
0.571002,0.0
0.657894,1.0
0.585974,1.0
0.658025,1.0
0.659763,0.0
0.591316,1.0
0.589806,1.0
0.597134,1.0
0.648944,0.0
0.583706,0.0
0.591025,1.0
0.580605,0.0
0.589937,1.0
0.510069,1.0
0.593705,0.0
0.589255,1.0
0.589875,1.0
0.658637,1.0
0.586633,1.0
0.655595,0.0
0.659027,1.0
0.586293,0.0
0.658173,1.0
0.591422,0.0
0.585682,0.0
0.659179,1.0
0.567058,0.0
0.566235,0.0
0.32328,1.0
0.594145,1.0
0.600165,1.0
0.593599,1.0
0.736296,1.0
0.346793,1.0
0.347532,0.0
0.743026,1.0
0.721142,0.0
0.737777,1.0
0.321541,0.0
0.736247,1.0
0.732561,1.0
0.735418,1.0
0.726511,1.0
0.591092,1.0
0.328409,1.0
0.734247,1.0
0.574701,1.0
0.591895,0.0
0.593576,1.0
0.5928,1.0
0.324609,0.0
0.572462,1.0
0.323029,0.0
0.745383,1.0
0.323365,0.0
0.739811,1.0
0.738696,0.0
0.729849,1.0
0.731774,1.0
0.592247,1.0
0.736368,1.0
0.746375,1.0
0.744824,1.0
0.590694,1.0
0.345058,1.0
0.743863,1.0
0.342647,0.0
0.733752,1.0
0.585921,1.0
0.739335,1.0
0.574843,1.0
0.590833,1.0
0.325728,1.0
0.745621,1.0
0.567671,1.0
0.323034,0.0
0.348323,0.0
0.57482,0.0
0.572827,0.0
0.342868,0.0
0.56692,0.0
0.726822,1.0
0.592376,1.0
0.734656,1.0
0.322751,0.0
0.59158,1.0
0.739885,1.0
0.322867,0.0
0.592786,1.0
0.733174,1.0
0.584286,0.0
0.329337,0.0
0.574696,1.0
0.327196,0.0
0.3545,1.0
0.326528,0.0
0.733335,1.0
0.591808,1.0
0.722594,1.0
0.736509,1.0
0.575522,0.0
0.322648,0.0
0.726157,0.0
0.322653,0.0
0.350525,1.0
0.733218,1.0
0.731499,0.0
0.567029,1.0
0.342492,0.0
0.73537,1.0
0.736248,1.0
0.573049,0.0
0.732258,1.0
0.521799,0.0
0.745013,1.0
0.731964,1.0
0.73241,1.0
0.323217,0.0
0.728767,1.0
0.3474,0.0
0.323352,1.0
0.56608,0.0
0.322846,1.0
0.741766,1.0
0.739096,1.0
0.326609,0.0
0.552509,0.0
0.551716,0.0
0.383641,1.0
0.599595,1.0
0.60955,1.0
0.599439,1.0
0.746151,0.0
0.378768,1.0
0.351716,1.0
0.747849,1.0
0.724614,1.0
0.746693,1.0
0.364318,0.0
0.74503,1.0
0.74216,1.0
0.744459,1.0
0.740461,1.0
0.599194,1.0
0.383482,1.0
0.744557,1.0
0.594286,1.0
0.561024,1.0
0.599351,1.0
0.599115,1.0
0.36061,0.0
0.593876,1.0
0.361762,0.0
0.74843,1.0
0.361312,0.0
0.745243,1.0
0.727041,1.0
0.741179,1.0
0.743119,1.0
0.602269,1.0
0.745855,1.0
0.75293,1.0
0.749304,1.0
0.602392,1.0
0.379687,0.0
0.748257,1.0
0.358425,1.0
0.743684,1.0
0.597714,1.0
0.745386,1.0
0.594673,1.0
0.598944,1.0
0.385955,1.0
0.748527,1.0
0.594305,0.0
0.363473,0.0
0.354191,0.0
0.556958,0.0
0.553768,1.0
0.358333,0.0
0.552376,1.0
0.739739,1.0
0.6023,1.0
0.74364,1.0
0.362525,0.0
0.599508,1.0
0.747143,1.0
0.362095,0.0
0.599096,1.0
0.743209,1.0
0.557884,0.0
0.35926,0.0
0.594272,0.0
0.356111,0.0
0.375191,1.0
0.357165,0.0
0.743224,1.0
0.59966,0.0
0.739535,1.0
0.745597,1.0
0.556026,0.0
0.362483,0.0
0.725476,1.0
0.362365,0.0
0.379131,1.0
0.743598,1.0
0.726993,1.0
0.591949,0.0
0.364599,1.0
0.742582,1.0
0.745045,1.0
0.554315,0.0
0.742447,1.0
0.466663,0.0
0.748576,1.0
0.742046,1.0
0.742191,1.0
0.361775,0.0
0.741485,1.0
0.358499,1.0
0.383486,1.0
0.549605,0.0
0.383979,1.0
0.74655,1.0
0.744469,0.0
0.361823,1.0
0.413656,1.0
0.417182,0.0
0.893927,1.0
0.415374,1.0
0.47046,1.0
0.416076,0.0
0.780707,1.0
0.843828,1.0
0.850772,1.0
0.804742,0.0
0.895404,1.0
0.815909,1.0
0.900387,1.0
0.829486,1.0
0.856657,1.0
0.837818,1.0
0.868081,1.0
0.423596,0.0
0.8902,1.0
0.829302,0.0
0.425775,0.0
0.415326,0.0
0.415005,1.0
0.415959,1.0
0.887594,1.0
0.432247,1.0
0.891816,1.0
0.796392,1.0
0.890246,1.0
0.826968,1.0
0.852505,1.0
0.860012,1.0
0.84341,0.0
0.42495,1.0
0.812539,0.0
0.717896,1.0
0.788825,1.0
0.432587,0.0
0.841361,1.0
0.786038,1.0
0.881777,1.0
0.843924,0.0
0.426586,1.0
0.832134,1.0
0.427605,0.0
0.421986,0.0
0.905661,0.0
0.794841,1.0
0.431678,0.0
0.897355,1.0
0.853159,1.0
0.400407,0.0
0.434459,0.0
0.87143,1.0
0.429444,0.0
0.875356,1.0
0.424653,0.0
0.841006,1.0
0.89435,1.0
0.424619,0.0
0.773574,1.0
0.892981,1.0
0.415758,1.0
0.849404,1.0
0.408901,0.0
0.881352,0.0
0.409115,0.0
0.870629,1.0
0.809368,0.0
0.874681,1.0
0.846484,1.0
0.408392,0.0
0.869746,0.0
0.8229,1.0
0.40987,0.0
0.894289,1.0
0.876884,1.0
0.893919,1.0
0.843107,1.0
0.840654,0.0
0.861735,1.0
0.422334,0.0
0.902813,1.0
0.856244,1.0
0.833332,1.0
0.416249,0.0
0.853433,1.0
0.7318,1.0
0.786279,1.0
0.858036,1.0
0.855601,1.0
0.891747,1.0
0.860164,1.0
0.880416,1.0
0.893074,1.0
0.432069,0.0
0.896088,1.0
0.813454,1.0
0.823233,1.0
0.900082,1.0
0.581091,0.0
0.597246,1.0
0.567201,1.0
0.586453,1.0
0.578272,1.0
0.602387,1.0
0.616725,0.0
0.557919,1.0
0.559368,1.0
0.617301,1.0
0.62563,1.0
0.617223,0.0
0.569946,0.0
0.620247,1.0
0.623295,1.0
0.620364,1.0
0.622595,1.0
0.601301,1.0
0.566582,1.0
0.622502,1.0
0.600545,0.0
0.60076,0.0
0.586482,0.0
0.586296,1.0
0.567775,0.0
0.583152,1.0
0.568496,0.0
0.616155,1.0
0.568232,0.0
0.619385,0.0
0.62319,1.0
0.623753,1.0
0.623609,1.0
0.585276,0.0
0.62228,0.0
0.600939,1.0
0.611693,1.0
0.600432,1.0
0.558407,1.0
0.615125,1.0
0.565334,0.0
0.623759,1.0
0.584422,1.0
0.61795,1.0
0.60033,1.0
0.601501,1.0
0.572093,1.0
0.616398,0.0
0.597118,0.0
0.56945,1.0
0.561245,1.0
0.600631,1.0
0.597479,0.0
0.564819,1.0
0.597823,0.0
0.624303,1.0
0.601569,0.0
0.622188,1.0
0.568935,1.0
0.601189,1.0
0.615171,0.0
0.5687,0.0
0.586326,0.0
0.621018,1.0
0.599368,1.0
0.570033,1.0
0.600829,0.0
0.564691,1.0
0.554223,0.0
0.565449,1.0
0.621528,1.0
0.601547,1.0
0.626424,1.0
0.619066,1.0
0.599375,1.0
0.568925,1.0
0.624635,0.0
0.568858,1.0
0.557711,0.0
0.623778,0.0
0.621705,1.0
0.598305,0.0
0.568759,1.0
0.62141,1.0
0.619722,1.0
0.598086,1.0
0.622318,1.0
0.524539,0.0
0.615864,1.0
0.622935,1.0
0.623156,0.0
0.568491,1.0
0.623003,1.0
0.565113,1.0
0.567058,0.0
0.594667,1.0
0.567556,0.0
0.616372,1.0
0.618971,1.0
0.568325,0.0
0.452315,1.0
0.353711,1.0
0.892877,1.0
0.422876,0.0
0.450539,1.0
0.329832,1.0
0.779639,1.0
0.84927,1.0
0.858335,1.0
0.807473,1.0
0.887028,1.0
0.821088,0.0
0.891663,1.0
0.834866,1.0
0.85748,1.0
0.841953,1.0
0.865796,0.0
0.332429,1.0
0.889815,1.0
0.829701,1.0
0.333031,0.0
0.335028,1.0
0.418842,1.0
0.423949,1.0
0.881225,1.0
0.439736,0.0
0.884733,1.0
0.804863,1.0
0.883427,1.0
0.83066,0.0
0.855475,1.0
0.859832,1.0
0.841638,0.0
0.420938,1.0
0.813081,0.0
0.726914,1.0
0.797772,1.0
0.331405,0.0
0.838524,1.0
0.795198,1.0
0.883902,0.0
0.842388,1.0
0.432372,0.0
0.836796,1.0
0.336683,0.0
0.332165,0.0
0.898812,1.0
0.801408,1.0
0.342284,1.0
0.889799,1.0
0.851808,1.0
0.342736,0.0
0.344196,0.0
0.86794,1.0
0.346713,1.0
0.871724,1.0
0.325688,0.0
0.844642,1.0
0.887376,1.0
0.332465,0.0
0.781513,1.0
0.885664,1.0
0.419723,1.0
0.85146,1.0
0.345482,0.0
0.872807,1.0
0.33456,0.0
0.867572,1.0
0.810653,1.0
0.87103,1.0
0.849047,1.0
0.334053,0.0
0.862622,1.0
0.829088,1.0
0.344346,0.0
0.88732,1.0
0.872225,1.0
0.887021,1.0
0.847796,1.0
0.837834,0.0
0.862329,1.0
0.342027,0.0
0.900859,1.0
0.856732,1.0
0.838169,1.0
0.348306,1.0
0.854759,1.0
0.752406,1.0
0.795313,1.0
0.858493,1.0
0.854956,1.0
0.88527,1.0
0.859967,1.0
0.883333,1.0
0.891644,1.0
0.359415,1.0
0.894025,1.0
0.820413,1.0
0.820834,1.0
0.898498,1.0
0.575226,0.0
0.595207,0.0
0.567868,1.0
0.600302,1.0
0.579811,1.0
0.600256,1.0
0.61804,1.0
0.56101,1.0
0.562371,0.0
0.615404,1.0
0.624852,1.0
0.622428,0.0
0.567872,1.0
0.621874,1.0
0.623986,1.0
0.621711,0.0
0.625618,0.0
0.60002,1.0
0.567436,1.0
0.620217,1.0
0.614134,1.0
0.599455,0.0
0.584509,0.0
0.583639,1.0
0.566357,0.0
0.597583,1.0
0.566869,0.0
0.618879,0.0
0.566681,1.0
0.624058,1.0
0.623964,1.0
0.624208,1.0
0.62408,1.0
0.58434,1.0
0.623583,0.0
0.605522,1.0
0.614445,1.0
0.61428,1.0
0.559039,1.0
0.618077,1.0
0.569819,0.0
0.621245,1.0
0.59884,1.0
0.619397,0.0
0.613435,1.0
0.613929,1.0
0.5687,1.0
0.619057,0.0
0.598,1.0
0.567432,1.0
0.561429,1.0
0.611304,1.0
0.612571,1.0
0.564122,1.0
0.597759,0.0
0.624263,1.0
0.6151,1.0
0.623409,0.0
0.567078,1.0
0.613949,1.0
0.618083,1.0
0.567009,1.0
0.584344,1.0
0.621928,1.0
0.611027,1.0
0.564857,0.0
0.612971,1.0
0.56406,1.0
0.553541,0.0
0.564612,1.0
0.62251,1.0
0.612822,0.0
0.623196,1.0
0.620873,1.0
0.611201,1.0
0.56707,1.0
0.624371,0.0
0.567024,1.0
0.560896,1.0
0.624314,1.0
0.622076,1.0
0.612128,0.0
0.56898,0.0
0.622048,1.0
0.621238,1.0
0.596179,1.0
0.623082,1.0
0.534457,1.0
0.618847,1.0
0.623559,1.0
0.623793,0.0
0.566772,1.0
0.623477,1.0
0.566505,1.0
0.567875,1.0
0.594393,1.0
0.568214,0.0
0.61831,1.0
0.619392,1.0
0.568832,1.0
0.540432,0.0
0.535744,1.0
0.503494,1.0
0.536872,0.0
0.541743,0.0
0.535532,1.0
0.507149,1.0
0.508983,0.0
0.509289,1.0
0.50164,0.0
0.491211,0.0
0.501969,0.0
0.503613,0.0
0.49852,1.0
0.495362,0.0
0.498765,0.0
0.497224,1.0
0.535605,1.0
0.503944,1.0
0.499942,0.0
0.532251,0.0
0.534588,0.0
0.538777,1.0
0.540282,0.0
0.506919,1.0
0.537889,1.0
0.50644,0.0
0.503857,1.0
0.50466,1.0
0.500055,1.0
0.496284,1.0
0.495781,1.0
0.499509,1.0
0.539767,0.0
0.504721,1.0
0.511665,0.0
0.502349,1.0
0.532305,1.0
0.510346,1.0
0.504135,0.0
0.507264,1.0
0.497652,1.0
0.537402,1.0
0.499148,0.0
0.532552,0.0
0.532416,0.0
0.502912,1.0
0.504348,1.0
0.535922,0.0
0.503811,0.0
0.50863,1.0
0.533111,0.0
0.532653,0.0
0.506588,1.0
0.535049,1.0
0.493414,1.0
0.531987,0.0
0.499066,1.0
0.504096,1.0
0.532408,1.0
0.507345,1.0
0.504382,0.0
0.539738,1.0
0.495928,1.0
0.533192,0.0
0.507993,1.0
0.532534,1.0
0.506565,1.0
0.515761,0.0
0.50615,0.0
0.496685,0.0
0.531609,1.0
0.496411,1.0
0.499307,0.0
0.533138,1.0
0.504108,1.0
0.49577,0.0
0.50414,0.0
0.509192,0.0
0.49958,1.0
0.495178,0.0
0.531682,1.0
0.504612,0.0
0.495278,1.0
0.497616,0.0
0.536471,1.0
0.49578,1.0
0.516943,1.0
0.50431,0.0
0.495173,0.0
0.497259,0.0
0.504353,0.0
0.4954,0.0
0.504754,0.0
0.503694,1.0
0.536959,0.0
0.505435,1.0
0.500412,1.0
0.499858,1.0
0.502847,0.0
0.541673,1.0
0.537745,1.0
0.541248,1.0
0.535192,0.0
0.541577,1.0
0.537179,1.0
0.539166,0.0
0.533816,1.0
0.53924,1.0
0.534334,1.0
0.541219,1.0
0.535849,0.0
0.536927,0.0
0.541849,1.0
0.539989,0.0
0.538263,0.0
0.542152,0.0
0.537205,1.0
0.541092,0.0
0.537443,0.0
0.532869,0.0
0.536519,1.0
0.539986,1.0
0.540787,0.0
0.540636,1.0
0.535802,1.0
0.536489,0.0
0.539682,1.0
0.540703,1.0
0.54079,1.0
0.543252,1.0
0.543432,1.0
0.541002,1.0
0.540256,1.0
0.540103,1.0
0.526729,0.0
0.537085,1.0
0.533015,0.0
0.537944,1.0
0.53531,0.0
0.540507,1.0
0.541462,0.0
0.535557,1.0
0.536984,1.0
0.533044,1.0
0.532999,1.0
0.541504,1.0
0.539712,1.0
0.537266,0.0
0.53684,0.0
0.538849,1.0
0.533504,0.0
0.533058,0.0
0.539854,1.0
0.537045,1.0
0.543534,1.0
0.532749,0.0
0.542709,1.0
0.540941,1.0
0.533094,1.0
0.539259,1.0
0.536522,0.0
0.540632,1.0
0.541978,1.0
0.533528,1.0
0.54012,1.0
0.533253,0.0
0.539828,1.0
0.530066,1.0
0.535509,0.0
0.539067,0.0
0.533033,1.0
0.542835,1.0
0.537693,0.0
0.533622,1.0
0.540938,1.0
0.540452,1.0
0.53665,0.0
0.533656,1.0
0.541002,1.0
0.539255,0.0
0.533004,1.0
0.537624,0.0
0.542091,1.0
0.538073,0.0
0.538052,1.0
0.542705,0.0
0.527832,0.0
0.535654,1.0
0.539807,1.0
0.539621,0.0
0.536531,0.0
0.539849,0.0
0.536427,0.0
0.541155,0.0
0.538141,1.0
0.541333,1.0
0.539603,0.0
0.540248,1.0
0.537397,0.0
0.48653,1.0
0.415242,1.0
0.905767,1.0
0.3733,0.0
0.437916,1.0
0.410202,0.0
0.833601,1.0
0.88422,1.0
0.887051,1.0
0.847257,0.0
0.888464,1.0
0.857079,1.0
0.909988,1.0
0.864342,1.0
0.881392,1.0
0.87263,1.0
0.878133,0.0
0.410152,1.0
0.907699,1.0
0.865225,1.0
0.366602,1.0
0.400162,1.0
0.433802,1.0
0.433138,0.0
0.899034,1.0
0.385028,0.0
0.906049,0.0
0.845481,1.0
0.900915,1.0
0.857575,1.0
0.874362,1.0
0.876181,1.0
0.861828,0.0
0.431609,1.0
0.844534,0.0
0.78936,1.0
0.841063,1.0
0.371208,0.0
0.874898,1.0
0.846022,1.0
0.897588,0.0
0.871517,1.0
0.384368,0.0
0.864664,0.0
0.372998,1.0
0.373047,0.0
0.908036,1.0
0.84361,1.0
0.401378,1.0
0.90938,1.0
0.883585,1.0
0.370342,1.0
0.367088,0.0
0.893045,1.0
0.407904,1.0
0.881627,1.0
0.36634,1.0
0.868402,1.0
0.903093,1.0
0.377358,0.0
0.829681,1.0
0.907211,1.0
0.440662,1.0
0.872446,1.0
0.375933,0.0
0.894308,1.0
0.373019,0.0
0.892875,1.0
0.854488,1.0
0.900152,1.0
0.87681,1.0
0.376223,0.0
0.87548,0.0
0.866713,1.0
0.380448,0.0
0.903065,1.0
0.881131,1.0
0.9081,1.0
0.883119,1.0
0.860361,0.0
0.881877,1.0
0.375563,0.0
0.913623,1.0
0.874772,1.0
0.871846,1.0
0.418362,1.0
0.878614,1.0
0.807974,0.0
0.841399,1.0
0.877136,1.0
0.87916,1.0
0.907278,1.0
0.881708,1.0
0.906435,1.0
0.908323,1.0
0.414729,1.0
0.905295,1.0
0.859702,1.0
0.856173,1.0
0.913087,1.0
0.512932,1.0
0.512932,0.0
0.512932,1.0
0.512932,0.0
0.512932,0.0
0.512932,1.0
0.512932,0.0
0.512932,0.0
0.512932,0.0
0.512932,1.0
0.512932,1.0
0.512932,0.0
0.512932,0.0
0.512932,0.0
0.512932,1.0
0.512932,0.0
0.512932,1.0
0.512932,1.0
0.512932,0.0
0.512932,0.0
0.512932,0.0
0.512932,1.0
0.512932,0.0
0.512932,1.0
0.512932,0.0
0.512932,0.0
0.512932,1.0
0.512932,0.0
0.512932,0.0
0.512932,0.0
0.512932,0.0
0.512932,0.0
0.512932,1.0
0.512932,0.0
0.512932,0.0
0.512932,0.0
0.512932,0.0
0.512932,0.0
0.512932,1.0
0.512932,0.0
0.512932,0.0
0.512932,1.0
0.512932,0.0
0.512932,0.0
0.512932,1.0
0.512932,0.0
0.512932,0.0
0.512932,1.0
0.512932,0.0
0.512932,1.0
0.512932,1.0
0.512932,1.0
0.512932,0.0
0.512932,1.0
0.512932,1.0
0.512932,0.0
0.512932,0.0
0.512932,1.0
0.512932,1.0
0.512932,1.0
0.512932,1.0
0.512932,0.0
0.512932,0.0
0.512932,1.0
0.512932,0.0
0.512932,0.0
0.512932,0.0
0.512932,0.0
0.512932,1.0
0.512932,0.0
0.512932,0.0
0.512932,0.0
0.512932,0.0
0.512932,0.0
0.512932,0.0
0.512932,0.0
0.512932,0.0
0.512932,0.0
0.512932,0.0
0.512932,1.0
0.512932,1.0
0.512932,1.0
0.512932,0.0
0.512932,0.0
0.512932,1.0
0.512932,0.0
0.512932,1.0
0.512932,1.0
0.512932,0.0
0.512932,1.0
0.512932,1.0
0.512932,0.0
0.512932,0.0
0.512932,0.0
0.512932,1.0
0.512932,0.0
0.512932,1.0
0.512932,0.0
0.512932,0.0
0.512932,1.0
0.518569,1.0
0.493895,0.0
0.518569,1.0
0.493895,1.0
0.493895,1.0
0.518569,1.0
0.493895,0.0
0.493895,0.0
0.493895,0.0
0.518569,1.0
0.518569,0.0
0.493895,0.0
0.493895,0.0
0.493895,0.0
0.518569,0.0
0.493895,1.0
0.518569,0.0
0.518569,1.0
0.493895,0.0
0.493895,1.0
0.493895,0.0
0.518569,0.0
0.493895,1.0
0.518569,1.0
0.493895,1.0
0.493895,0.0
0.518569,1.0
0.493895,0.0
0.493895,0.0
0.493895,0.0
0.493895,1.0
0.493895,0.0
0.518569,1.0
0.493895,0.0
0.493895,0.0
0.493895,1.0
0.493895,1.0
0.493895,0.0
0.518569,1.0
0.493895,1.0
0.493895,0.0
0.518569,1.0
0.493895,0.0
0.493895,1.0
0.518569,0.0
0.493895,0.0
0.493895,0.0
0.518569,1.0
0.493895,0.0
0.518569,1.0
0.518569,1.0
0.518569,1.0
0.493895,0.0
0.518569,0.0
0.518569,1.0
0.493895,0.0
0.493895,0.0
0.518569,0.0
0.518569,1.0
0.518569,0.0
0.518569,1.0
0.493895,1.0
0.493895,0.0
0.518569,1.0
0.493895,0.0
0.493895,0.0
0.493895,0.0
0.493895,1.0
0.518569,0.0
0.493895,0.0
0.493895,0.0
0.493895,1.0
0.493895,0.0
0.493895,0.0
0.493895,0.0
0.493895,0.0
0.493895,1.0
0.493895,0.0
0.493895,1.0
0.518569,0.0
0.518569,1.0
0.518569,0.0
0.493895,1.0
0.493895,0.0
0.518569,1.0
0.493895,0.0
0.518569,0.0
0.518569,1.0
0.493895,0.0
0.518569,1.0
0.518569,0.0
0.493895,0.0
0.493895,1.0
0.493895,1.0
0.518569,1.0
0.493895,0.0
0.518569,1.0
0.493895,1.0
0.493895,1.0
0.518569,0.0
0.499922,1.0
0.532489,1.0
0.499922,1.0
0.511904,1.0
0.511904,1.0
0.499922,1.0
0.532489,1.0
0.532489,0.0
0.532489,0.0
0.499922,1.0
0.521149,0.0
0.532489,0.0
0.532489,1.0
0.532489,0.0
0.521149,0.0
0.511904,1.0
0.521149,1.0
0.499922,1.0
0.532489,0.0
0.511904,0.0
0.532489,1.0
0.521149,1.0
0.511904,1.0
0.499922,0.0
0.511904,0.0
0.532489,0.0
0.499922,1.0
0.532489,1.0
0.532489,0.0
0.532489,1.0
0.511904,1.0
0.532489,0.0
0.499922,0.0
0.532489,1.0
0.532489,1.0
0.511904,1.0
0.511904,0.0
0.532489,0.0
0.499922,1.0
0.511904,1.0
0.532489,1.0
0.499922,1.0
0.532489,0.0
0.511904,1.0
0.521149,1.0
0.532489,1.0
0.532489,0.0
0.499922,0.0
0.532489,1.0
0.499922,0.0
0.499922,0.0
0.499922,1.0
0.532489,1.0
0.521149,1.0
0.499922,0.0
0.532489,0.0
0.532489,1.0
0.521149,1.0
0.499922,0.0
0.521149,1.0
0.499922,1.0
0.511904,1.0
0.532489,1.0
0.499922,0.0
0.532489,1.0
0.532489,1.0
0.532489,1.0
0.511904,0.0
0.521149,0.0
0.532489,1.0
0.532489,0.0
0.511904,1.0
0.532489,1.0
0.532489,0.0
0.532489,0.0
0.532489,1.0
0.511904,1.0
0.532489,1.0
0.511904,1.0
0.521149,1.0
0.499922,1.0
0.521149,1.0
0.511904,1.0
0.532489,0.0
0.499922,1.0
0.532489,1.0
0.521149,0.0
0.499922,1.0
0.532489,0.0
0.499922,1.0
0.521149,1.0
0.532489,1.0
0.511904,1.0
0.511904,1.0
0.499922,1.0
0.532489,0.0
0.499922,1.0
0.511904,1.0
0.511904,1.0
0.521149,1.0
0.564084,1.0
0.558531,1.0
0.564084,1.0
0.562203,0.0
0.562203,0.0
0.564084,0.0
0.558531,1.0
0.576364,1.0
0.576364,0.0
0.564084,0.0
0.578189,1.0
0.576364,0.0
0.558531,1.0
0.576364,0.0
0.578189,0.0
0.562203,1.0
0.560397,1.0
0.564084,0.0
0.576364,1.0
0.580036,0.0
0.558531,0.0
0.560397,1.0
0.562203,0.0
0.581833,1.0
0.580036,0.0
0.576364,1.0
0.564084,0.0
0.558531,0.0
0.576364,0.0
0.558531,0.0
0.562203,1.0
0.576364,1.0
0.581833,1.0
0.558531,1.0
0.558531,1.0
0.562203,0.0
0.580036,1.0
0.576364,1.0
0.564084,1.0
0.562203,0.0
0.558531,0.0
0.564084,1.0
0.576364,1.0
0.562203,1.0
0.560397,1.0
0.558531,0.0
0.576364,1.0
0.581833,0.0
0.558531,0.0
0.581833,0.0
0.581833,1.0
0.564084,1.0
0.558531,0.0
0.560397,1.0
0.581833,1.0
0.576364,1.0
0.558531,1.0
0.560397,0.0
0.581833,1.0
0.560397,1.0
0.564084,1.0
0.562203,1.0
0.558531,1.0
0.581833,1.0
0.558531,0.0
0.558531,1.0
0.558531,0.0
0.580036,1.0
0.578189,0.0
0.558531,0.0
0.576364,1.0
0.562203,1.0
0.558531,1.0
0.576364,0.0
0.576364,0.0
0.558531,1.0
0.562203,0.0
0.558531,1.0
0.562203,1.0
0.560397,1.0
0.564084,0.0
0.560397,0.0
0.562203,1.0
0.576364,1.0
0.564084,1.0
0.558531,1.0
0.578189,0.0
0.564084,1.0
0.576364,1.0
0.564084,1.0
0.560397,1.0
0.558531,1.0
0.562203,1.0
0.562203,1.0
0.564084,1.0
0.576364,0.0
0.564084,1.0
0.562203,1.0
0.562203,1.0
0.560397,1.0
0.543453,1.0
0.54565,1.0
0.543453,1.0
0.543864,1.0
0.543864,0.0
0.54289,0.0
0.54565,0.0
0.544227,1.0
0.543231,0.0
0.54289,1.0
0.543769,1.0
0.543231,1.0
0.54565,0.0
0.543231,1.0
0.542794,0.0
0.544438,0.0
0.544676,1.0
0.54289,1.0
0.544227,1.0
0.542024,0.0
0.545091,0.0
0.544676,1.0
0.543864,1.0
0.542573,1.0
0.542024,1.0
0.544227,0.0
0.54289,1.0
0.545091,0.0
0.543231,0.0
0.545091,1.0
0.544438,1.0
0.544227,1.0
0.542573,1.0
0.54565,1.0
0.54565,1.0
0.543864,1.0
0.543012,0.0
0.544227,1.0
0.543453,1.0
0.543864,0.0
0.545091,1.0
0.543453,1.0
0.544227,1.0
0.544438,1.0
0.544676,1.0
0.545091,1.0
0.544227,0.0
0.541606,1.0
0.545091,1.0
0.541606,1.0
0.542573,1.0
0.543453,1.0
0.545091,1.0
0.544676,1.0
0.542573,1.0
0.544227,1.0
0.54565,0.0
0.544127,1.0
0.542573,0.0
0.544676,1.0
0.543453,0.0
0.544438,1.0
0.54565,1.0
0.542573,1.0
0.545091,1.0
0.54565,1.0
0.545091,1.0
0.543012,1.0
0.542794,1.0
0.545091,1.0
0.544227,1.0
0.544438,1.0
0.54565,1.0
0.543231,0.0
0.543231,0.0
0.54565,0.0
0.543864,1.0
0.54565,1.0
0.544438,0.0
0.544676,0.0
0.54289,0.0
0.544127,1.0
0.544438,1.0
0.544227,1.0
0.543453,1.0
0.54565,1.0
0.542794,1.0
0.543453,0.0
0.544227,1.0
0.543453,1.0
0.544676,1.0
0.54565,1.0
0.544438,1.0
0.544438,1.0
0.543453,0.0
0.543231,1.0
0.543453,1.0
0.544438,1.0
0.544438,0.0
0.544676,1.0
0.561355,1.0
0.560573,1.0
0.561355,1.0
0.560345,1.0
0.557709,0.0
0.556741,0.0
0.557866,1.0
0.592213,1.0
0.592976,0.0
0.559573,1.0
0.590604,1.0
0.593204,1.0
0.557866,1.0
0.593204,0.0
0.591215,0.0
0.559142,1.0
0.560037,1.0
0.559573,1.0
0.592213,0.0
0.592076,0.0
0.556417,1.0
0.560037,1.0
0.560345,0.0
0.589872,1.0
0.592366,0.0
0.591923,1.0
0.559573,1.0
0.556417,0.0
0.592976,0.0
0.559029,0.0
0.561874,0.0
0.592213,1.0
0.589872,1.0
0.560573,1.0
0.560573,1.0
0.560345,1.0
0.591082,1.0
0.592213,1.0
0.561355,1.0
0.557709,0.0
0.559029,1.0
0.561355,1.0
0.592213,1.0
0.561874,1.0
0.560037,1.0
0.559029,1.0
0.591923,1.0
0.59074,1.0
0.559029,0.0
0.59074,1.0
0.589872,0.0
0.561355,0.0
0.559029,0.0
0.560037,1.0
0.589872,1.0
0.592213,1.0
0.557866,1.0
0.558238,0.0
0.589411,0.0
0.560037,0.0
0.558431,1.0
0.561874,1.0
0.560573,1.0
0.589872,1.0
0.559029,0.0
0.560573,1.0
0.559029,0.0
0.591435,1.0
0.591543,1.0
0.559029,0.0
0.592213,1.0
0.561874,1.0
0.560573,1.0
0.592976,0.0
0.592976,0.0
0.557866,1.0
0.560345,1.0
0.560573,1.0
0.559142,0.0
0.557136,1.0
0.556741,0.0
0.558238,1.0
0.561874,0.0
0.592213,0.0
0.561355,1.0
0.560573,1.0
0.591543,0.0
0.558431,0.0
0.592213,1.0
0.561355,1.0
0.560037,1.0
0.560573,0.0
0.561874,1.0
0.561874,1.0
0.558431,1.0
0.593204,1.0
0.561355,0.0
0.561874,1.0
0.559142,1.0
0.560037,1.0
0.576764,1.0
0.579548,1.0
0.576764,1.0
0.572886,0.0
0.563825,0.0
0.560491,0.0
0.576448,1.0
0.579975,1.0
0.578026,1.0
0.570444,0.0
0.579918,1.0
0.57982,1.0
0.576448,0.0
0.578072,0.0
0.577724,0.0
0.57545,0.0
0.577822,0.0
0.570444,1.0
0.578103,1.0
0.577617,1.0
0.571381,1.0
0.577822,1.0
0.565871,1.0
0.579748,1.0
0.5777,0.0
0.579737,1.0
0.570444,1.0
0.564858,0.0
0.578026,1.0
0.56695,1.0
0.571217,0.0
0.579975,1.0
0.579748,1.0
0.579548,1.0
0.579548,1.0
0.572886,0.0
0.579481,0.0
0.579975,1.0
0.576764,0.0
0.563825,1.0
0.573831,1.0
0.576764,0.0
0.579975,1.0
0.578497,1.0
0.577822,0.0
0.573831,0.0
0.579737,1.0
0.579497,0.0
0.56695,1.0
0.579497,1.0
0.577546,1.0
0.568886,1.0
0.56695,0.0
0.577822,0.0
0.579748,1.0
0.579975,1.0
0.576448,1.0
0.563895,0.0
0.577356,1.0
0.570069,1.0
0.573481,0.0
0.578497,0.0
0.579548,1.0
0.579748,1.0
0.56695,0.0
0.579548,1.0
0.56695,1.0
0.579776,1.0
0.579714,1.0
0.56695,0.0
0.579975,0.0
0.578497,1.0
0.579548,1.0
0.578026,1.0
0.578026,0.0
0.576448,0.0
0.572886,1.0
0.579548,1.0
0.568486,1.0
0.574498,1.0
0.560491,0.0
0.571417,1.0
0.571217,0.0
0.578103,1.0
0.576764,0.0
0.579548,1.0
0.577803,1.0
0.565903,1.0
0.579975,1.0
0.576764,0.0
0.577822,1.0
0.572403,0.0
0.578497,1.0
0.578497,0.0
0.573481,1.0
0.57982,1.0
0.568886,0.0
0.578497,1.0
0.57545,0.0
0.577822,0.0
0.605081,1.0
0.606585,1.0
0.605081,0.0
0.534381,0.0
0.527691,1.0
0.519562,1.0
0.602951,1.0
0.595118,1.0
0.593601,1.0
0.52822,1.0
0.595615,1.0
0.5947,1.0
0.539783,1.0
0.561849,1.0
0.561765,1.0
0.537821,1.0
0.53747,1.0
0.597795,0.0
0.594353,1.0
0.593851,0.0
0.598002,1.0
0.605941,1.0
0.592642,1.0
0.596012,1.0
0.561027,1.0
0.594632,1.0
0.597795,1.0
0.530032,1.0
0.593601,1.0
0.593674,1.0
0.531644,0.0
0.595118,1.0
0.596012,1.0
0.606585,1.0
0.606585,1.0
0.534381,0.0
0.560889,0.0
0.595118,1.0
0.535311,1.0
0.590942,1.0
0.600596,1.0
0.535311,0.0
0.595118,1.0
0.605897,1.0
0.53747,1.0
0.536423,1.0
0.594632,1.0
0.559901,0.0
0.593674,1.0
0.595539,1.0
0.595062,1.0
0.596118,0.0
0.529633,1.0
0.53747,0.0
0.596012,0.0
0.595118,1.0
0.602951,1.0
0.522195,0.0
0.594592,1.0
0.597227,1.0
0.532637,0.0
0.539936,1.0
0.606585,1.0
0.596012,1.0
0.529633,0.0
0.606585,0.0
0.593674,1.0
0.595483,1.0
0.595167,1.0
0.529633,1.0
0.561044,0.0
0.605897,1.0
0.606585,1.0
0.593601,1.0
0.56248,0.0
0.539783,1.0
0.599873,1.0
0.606585,1.0
0.595114,1.0
0.601888,1.0
0.519562,1.0
0.598706,1.0
0.531644,1.0
0.594353,1.0
0.535311,1.0
0.606585,1.0
0.594379,1.0
0.592671,1.0
0.595118,0.0
0.535311,0.0
0.605941,1.0
0.533963,1.0
0.605897,1.0
0.539936,0.0
0.601051,1.0
0.5947,1.0
0.525726,0.0
0.605897,1.0
0.537821,1.0
0.53747,1.0
0.518202,1.0
0.491219,0.0
0.52009,1.0
0.503894,0.0
0.494654,1.0
0.505298,1.0
0.484064,0.0
0.579926,1.0
0.588343,0.0
0.519373,1.0
0.576442,0.0
0.582122,1.0
0.490502,0.0
0.60024,1.0
0.600154,0.0
0.496751,1.0
0.5156,0.0
0.514996,1.0
0.583554,0.0
0.598117,0.0
0.483918,0.0
0.509584,0.0
0.492351,0.0
0.57293,0.0
0.597515,1.0
0.582929,0.0
0.512742,1.0
0.491854,1.0
0.588343,0.0
0.48614,0.0
0.504281,0.0
0.579926,0.0
0.57293,0.0
0.491219,1.0
0.491219,0.0
0.503894,0.0
0.60592,1.0
0.579926,0.0
0.524859,0.0
0.48713,0.0
0.488334,0.0
0.52723,1.0
0.579926,0.0
0.499268,0.0
0.5156,0.0
0.494717,0.0
0.582929,0.0
0.601719,1.0
0.48614,0.0
0.575514,1.0
0.576852,1.0
0.51702,1.0
0.493064,0.0
0.517907,0.0
0.585245,1.0
0.579926,0.0
0.484064,1.0
0.509231,0.0
0.580338,1.0
0.505941,1.0
0.515851,1.0
0.504991,1.0
0.491219,0.0
0.57293,1.0
0.495734,0.0
0.493164,0.0
0.48614,0.0
0.576683,0.0
0.578856,1.0
0.493064,0.0
0.605951,1.0
0.499268,1.0
0.491219,0.0
0.588343,1.0
0.6138,0.0
0.490502,0.0
0.495178,1.0
0.491219,0.0
0.48805,0.0
0.498813,1.0
0.505298,1.0
0.504268,0.0
0.501888,1.0
0.583554,0.0
0.524859,1.0
0.491219,1.0
0.582528,0.0
0.503757,1.0
0.592404,0.0
0.52723,1.0
0.509584,1.0
0.494183,0.0
0.499268,1.0
0.50739,0.0
0.507342,1.0
0.582122,1.0
0.523889,1.0
0.499268,0.0
0.496751,1.0
0.5156,1.0
0.686909,0.0
0.650181,1.0
0.714585,1.0
0.713711,1.0
0.65771,1.0
0.709788,1.0
0.628024,1.0
0.38915,1.0
0.409224,1.0
0.718822,1.0
0.418927,1.0
0.387729,1.0
0.662711,1.0
0.38326,0.0
0.409489,1.0
0.678538,1.0
0.709428,1.0
0.712746,1.0
0.412684,0.0
0.401083,1.0
0.612393,1.0
0.680171,1.0
0.651429,1.0
0.422098,1.0
0.385928,1.0
0.41383,0.0
0.684337,1.0
0.631799,1.0
0.409224,0.0
0.634112,1.0
0.72187,0.0
0.416251,1.0
0.422098,0.0
0.645874,1.0
0.650181,0.0
0.713711,1.0
0.379557,0.0
0.416251,0.0
0.714522,0.0
0.625789,1.0
0.639069,1.0
0.750893,1.0
0.416251,0.0
0.662811,1.0
0.709428,1.0
0.674156,1.0
0.41383,0.0
0.383815,1.0
0.634112,1.0
0.39301,1.0
0.390973,0.0
0.718257,0.0
0.670078,1.0
0.740394,0.0
0.385759,0.0
0.416251,0.0
0.620937,1.0
0.738018,1.0
0.388099,1.0
0.680464,1.0
0.742874,1.0
0.696031,1.0
0.650181,1.0
0.394841,0.0
0.68997,1.0
0.667357,0.0
0.634112,0.0
0.419081,1.0
0.390124,0.0
0.670078,1.0
0.379427,0.0
0.660099,1.0
0.650181,0.0
0.38238,0.0
0.39704,0.0
0.662711,1.0
0.650515,1.0
0.650181,1.0
0.640977,1.0
0.666893,1.0
0.709788,1.0
0.67648,1.0
0.696827,1.0
0.412684,0.0
0.71799,1.0
0.645874,0.0
0.413619,0.0
0.677717,1.0
0.405955,0.0
0.750893,1.0
0.67959,1.0
0.682371,1.0
0.660099,1.0
0.722552,1.0
0.677226,1.0
0.387729,0.0
0.753644,0.0
0.662811,1.0
0.678538,1.0
0.712209,1.0
0.65031,0.0
0.668629,1.0
0.700974,1.0
0.742948,1.0
0.706668,0.0
0.723465,1.0
0.648694,1.0
0.404282,1.0
0.418456,0.0
0.716335,1.0
0.424355,0.0
0.403536,1.0
0.701959,1.0
0.32729,0.0
0.422698,1.0
0.708519,1.0
0.718516,0.0
0.707852,0.0
0.337857,0.0
0.418871,0.0
0.63335,1.0
0.68715,1.0
0.67512,1.0
0.426397,1.0
0.406947,0.0
0.338561,0.0
0.684411,1.0
0.687369,0.0
0.33643,1.0
0.658892,1.0
0.715543,0.0
0.422774,0.0
0.342383,0.0
0.664345,1.0
0.616158,0.0
0.742948,1.0
0.331182,0.0
0.339652,0.0
0.694362,0.0
0.652223,1.0
0.661313,1.0
0.723948,1.0
0.339652,0.0
0.678276,1.0
0.718516,1.0
0.710575,1.0
0.338561,0.0
0.412689,0.0
0.658892,0.0
0.406704,1.0
0.326574,0.0
0.680467,0.0
0.712127,0.0
0.715707,0.0
0.330638,0.0
0.339652,1.0
0.644897,1.0
0.744648,1.0
0.403433,0.0
0.683326,1.0
0.729429,1.0
0.709707,0.0
0.668629,1.0
0.328494,0.0
0.740904,1.0
0.646827,1.0
0.59753,0.0
0.424563,0.0
0.326415,0.0
0.712127,1.0
0.331078,0.0
0.673102,1.0
0.616158,1.0
0.322938,0.0
0.338642,0.0
0.701959,0.0
0.670662,0.0
0.668629,1.0
0.664804,1.0
0.677195,0.0
0.723465,0.0
0.687933,1.0
0.715248,1.0
0.337857,0.0
0.711286,0.0
0.614007,0.0
0.338313,0.0
0.684854,1.0
0.34013,0.0
0.723948,1.0
0.679816,0.0
0.714779,1.0
0.673102,1.0
0.739688,1.0
0.681149,1.0
0.325418,0.0
0.711169,1.0
0.678276,1.0
0.708519,1.0
0.710334,1.0
0.674551,0.0
0.685612,1.0
0.740795,0.0
0.751011,0.0
0.706116,0.0
0.749385,1.0
0.67078,0.0
0.435095,0.0
0.360111,0.0
0.752336,1.0
0.362749,0.0
0.434714,0.0
0.723566,0.0
0.281645,0.0
0.450103,0.0
0.731773,0.0
0.714629,0.0
0.723517,0.0
0.280144,0.0
0.365211,0.0
0.658136,1.0
0.698406,1.0
0.694053,1.0
0.449221,0.0
0.357598,0.0
0.280342,0.0
0.708791,1.0
0.68959,1.0
0.347072,0.0
0.682674,1.0
0.740425,0.0
0.362082,0.0
0.280655,0.0
0.687101,1.0
0.607616,0.0
0.751011,1.0
0.287058,0.0
0.280421,0.0
0.713907,0.0
0.679114,1.0
0.68225,0.0
0.775365,1.0
0.280421,0.0
0.692257,1.0
0.73399,1.0
0.728001,1.0
0.280342,0.0
0.366578,0.0
0.63329,0.0
0.436611,1.0
0.278309,0.0
0.719991,0.0
0.703156,1.0
0.746767,0.0
0.284583,0.0
0.34777,0.0
0.671703,1.0
0.757968,0.0
0.352448,1.0
0.706057,0.0
0.768187,0.0
0.713747,1.0
0.685612,1.0
0.278646,0.0
0.750612,1.0
0.703721,1.0
0.572635,1.0
0.362922,1.0
0.278446,0.0
0.732053,0.0
0.287002,1.0
0.694747,0.0
0.66166,0.0
0.277986,0.0
0.286854,0.0
0.690829,0.0
0.656272,0.0
0.685612,1.0
0.686312,0.0
0.666759,0.0
0.732085,1.0
0.69964,1.0
0.73983,1.0
0.280144,0.0
0.732915,0.0
0.612693,1.0
0.280208,0.0
0.706988,1.0
0.285263,0.0
0.775365,1.0
0.676266,0.0
0.729773,1.0
0.694747,1.0
0.752041,1.0
0.703816,1.0
0.27838,0.0
0.775654,0.0
0.692257,1.0
0.731773,1.0
0.744367,1.0
0.595271,1.0
0.57853,0.0
0.562582,0.0
0.537459,1.0
0.55161,0.0
0.538337,0.0
0.577863,1.0
0.595319,1.0
0.612231,0.0
0.542947,0.0
0.612055,1.0
0.595369,1.0
0.560249,1.0
0.621625,0.0
0.59267,0.0
0.555944,1.0
0.564173,1.0
0.559251,1.0
0.622425,1.0
0.611143,0.0
0.563651,1.0
0.585727,1.0
0.573991,1.0
0.593157,1.0
0.612016,0.0
0.622426,1.0
0.583821,1.0
0.543807,0.0
0.609647,0.0
0.569259,0.0
0.539721,1.0
0.612095,1.0
0.622557,1.0
0.57999,1.0
0.58165,1.0
0.532492,0.0
0.620797,1.0
0.622465,1.0
0.571244,0.0
0.565603,0.0
0.580813,1.0
0.538874,0.0
0.622465,1.0
0.582008,1.0
0.550179,1.0
0.548409,0.0
0.622426,0.0
0.610457,0.0
0.576095,1.0
0.578189,1.0
0.622196,0.0
0.567014,0.0
0.546095,0.0
0.542092,0.0
0.621228,1.0
0.609674,1.0
0.57192,1.0
0.537849,0.0
0.598475,0.0
0.590052,0.0
0.541338,1.0
0.553327,1.0
0.57853,1.0
0.622229,1.0
0.531703,0.0
0.564217,1.0
0.566813,0.0
0.59742,1.0
0.622166,0.0
0.552143,1.0
0.608223,1.0
0.589665,1.0
0.582601,1.0
0.62208,0.0
0.621203,0.0
0.563603,1.0
0.584985,1.0
0.57853,1.0
0.579497,1.0
0.588394,1.0
0.539406,1.0
0.582308,0.0
0.543624,1.0
0.622425,1.0
0.55909,1.0
0.5752,1.0
0.622436,0.0
0.579919,1.0
0.621574,1.0
0.538874,1.0
0.59249,1.0
0.547075,0.0
0.583114,1.0
0.53357,1.0
0.584248,0.0
0.62213,0.0
0.543374,0.0
0.582008,1.0
0.547427,1.0
0.548594,1.0
0.527953,1.0
0.527,0.0
0.515648,1.0
0.517878,0.0
0.51854,0.0
0.515908,0.0
0.53565,0.0
0.538293,1.0
0.531656,0.0
0.515037,0.0
0.532781,1.0
0.538278,1.0
0.518749,0.0
0.529117,1.0
0.53813,0.0
0.516353,0.0
0.517931,1.0
0.516106,1.0
0.52998,0.0
0.531953,1.0
0.532621,0.0
0.523112,0.0
0.524556,1.0
0.538996,1.0
0.531737,1.0
0.52998,0.0
0.521566,1.0
0.51949,0.0
0.532525,0.0
0.527483,1.0
0.517428,0.0
0.532775,1.0
0.529946,0.0
0.525884,1.0
0.555023,1.0
0.518754,1.0
0.530371,1.0
0.52997,1.0
0.519333,1.0
0.527763,0.0
0.530966,1.0
0.516616,1.0
0.52997,0.0
0.524639,1.0
0.515139,0.0
0.516514,1.0
0.528926,1.0
0.532173,0.0
0.541094,1.0
0.540671,0.0
0.528978,0.0
0.517994,1.0
0.518116,0.0
0.517631,1.0
0.530267,1.0
0.533596,0.0
0.529169,0.0
0.519204,1.0
0.534995,0.0
0.523856,1.0
0.516588,0.0
0.516475,0.0
0.526442,1.0
0.530024,1.0
0.518653,1.0
0.523719,1.0
0.55599,1.0
0.536333,0.0
0.528986,1.0
0.516539,0.0
0.533226,1.0
0.525849,0.0
0.539996,1.0
0.529007,0.0
0.529213,0.0
0.522644,0.0
0.531044,1.0
0.526442,1.0
0.529507,0.0
0.528277,0.0
0.515081,1.0
0.523577,1.0
0.514729,1.0
0.52998,1.0
0.515078,1.0
0.539976,1.0
0.528923,0.0
0.521627,0.0
0.530182,1.0
0.515371,0.0
0.526297,1.0
0.516184,1.0
0.524139,0.0
0.51726,1.0
0.522838,0.0
0.528995,0.0
0.517175,0.0
0.524639,0.0
0.515356,0.0
0.514052,0.0
0.662937,1.0
0.680667,1.0
0.721515,0.0
0.749328,0.0
0.735687,0.0
0.739637,1.0
0.66429,1.0
0.379434,0.0
0.334361,1.0
0.734205,1.0
0.34326,1.0
0.379443,1.0
0.719251,1.0
0.3358,0.0
0.372523,1.0
0.730401,1.0
0.720732,1.0
0.722639,1.0
0.33195,0.0
0.341553,1.0
0.676085,1.0
0.67918,1.0
0.680372,1.0
0.381157,0.0
0.341614,0.0
0.331893,1.0
0.676325,1.0
0.738878,1.0
0.346309,1.0
0.683081,1.0
0.742485,1.0
0.343419,0.0
0.331406,1.0
0.67455,1.0
0.613034,0.0
0.744464,1.0
0.340178,0.0
0.337066,0.0
0.712975,0.0
0.688251,1.0
0.667112,1.0
0.726459,1.0
0.331752,0.0
0.675636,1.0
0.734287,1.0
0.732199,1.0
0.333864,0.0
0.338212,1.0
0.656126,0.0
0.479123,0.0
0.329807,0.0
0.713708,0.0
0.739387,0.0
0.737248,0.0
0.339585,0.0
0.350365,0.0
0.676819,1.0
0.746311,0.0
0.385472,1.0
0.67412,1.0
0.738701,1.0
0.729555,1.0
0.675104,1.0
0.338281,0.0
0.743252,1.0
0.696097,0.0
0.577517,0.0
0.390972,0.0
0.335137,0.0
0.731927,1.0
0.380313,0.0
0.670952,1.0
0.65546,0.0
0.330227,0.0
0.330232,1.0
0.709627,0.0
0.665235,1.0
0.675104,1.0
0.671131,0.0
0.669606,1.0
0.735482,0.0
0.680383,1.0
0.73308,1.0
0.337268,0.0
0.723011,0.0
0.655343,1.0
0.328615,0.0
0.68338,1.0
0.338326,0.0
0.728684,1.0
0.668114,0.0
0.733572,1.0
0.678097,1.0
0.74243,1.0
0.68183,1.0
0.329979,0.0
0.733089,1.0
0.678922,1.0
0.733844,1.0
0.730432,1.0
0.715337,0.0
0.716057,1.0
0.779693,1.0
0.782633,0.0
0.771823,0.0
0.795588,1.0
0.69752,0.0
0.326897,0.0
0.373648,0.0
0.800052,1.0
0.381043,1.0
0.404263,0.0
0.777357,1.0
0.307564,0.0
0.395696,0.0
0.785996,1.0
0.775349,0.0
0.78482,1.0
0.305258,0.0
0.379277,1.0
0.705139,1.0
0.728497,1.0
0.723309,1.0
0.327202,1.0
0.308692,0.0
0.374625,0.0
0.736304,1.0
0.774171,1.0
0.381618,1.0
0.714576,1.0
0.792698,0.0
0.309967,1.0
0.374303,0.0
0.717764,1.0
0.586768,1.0
0.788944,1.0
0.3101,0.0
0.308631,0.0
0.76228,0.0
0.71771,0.0
0.707365,0.0
0.808663,0.0
0.305157,0.0
0.721406,1.0
0.78987,1.0
0.783182,1.0
0.306618,0.0
0.375996,0.0
0.654079,0.0
0.405915,1.0
0.303858,0.0
0.770778,0.0
0.770128,0.0
0.787181,0.0
0.309841,0.0
0.312479,0.0
0.711166,1.0
0.781751,0.0
0.408773,0.0
0.727993,0.0
0.800618,1.0
0.785415,1.0
0.715808,1.0
0.309288,0.0
0.789646,1.0
0.729993,0.0
0.513754,1.0
0.333874,1.0
0.307294,0.0
0.786217,1.0
0.331666,0.0
0.72244,0.0
0.657275,1.0
0.304064,0.0
0.372939,0.0
0.745994,1.0
0.706223,1.0
0.715808,0.0
0.694135,0.0
0.714345,1.0
0.785408,0.0
0.726504,1.0
0.791188,1.0
0.308739,0.0
0.784211,0.0
0.684539,1.0
0.303256,1.0
0.737301,1.0
0.309181,1.0
0.811902,1.0
0.704064,1.0
0.784192,0.0
0.725705,1.0
0.791059,1.0
0.732451,1.0
0.303938,0.0
0.806023,0.0
0.723238,1.0
0.789485,1.0
0.797859,1.0
0.720864,1.0
0.715128,1.0
0.414779,0.0
0.363001,0.0
0.402301,0.0
0.369739,0.0
0.7056,1.0
0.578647,1.0
0.57847,1.0
0.37368,0.0
0.573271,1.0
0.579519,0.0
0.437153,1.0
0.577685,0.0
0.579275,0.0
0.40001,1.0
0.438124,0.0
0.407369,0.0
0.577667,0.0
0.573292,0.0
0.69978,1.0
0.718482,0.0
0.702611,0.0
0.577571,0.0
0.577938,0.0
0.578306,1.0
0.70221,1.0
0.397533,0.0
0.573191,0.0
0.698542,1.0
0.365557,0.0
0.577175,1.0
0.578297,1.0
0.715986,1.0
0.650893,1.0
0.360041,0.0
0.577742,0.0
0.577698,1.0
0.479646,0.0
0.691564,1.0
0.712091,1.0
0.363148,0.0
0.577665,1.0
0.717973,0.0
0.392606,0.0
0.393882,1.0
0.577663,1.0
0.578543,1.0
0.690298,0.0
0.575348,1.0
0.577638,1.0
0.450544,0.0
0.405211,0.0
0.367311,0.0
0.577731,1.0
0.578088,0.0
0.708866,1.0
0.360385,0.0
0.579339,1.0
0.712803,1.0
0.361456,0.0
0.40491,0.0
0.717684,1.0
0.577706,0.0
0.36023,0.0
0.626171,0.0
0.602688,1.0
0.577282,1.0
0.577672,1.0
0.396008,1.0
0.578274,0.0
0.718271,1.0
0.700667,1.0
0.577642,0.0
0.578255,0.0
0.522982,0.0
0.713502,1.0
0.71823,1.0
0.708579,1.0
0.717385,0.0
0.376644,0.0
0.70893,1.0
0.379638,1.0
0.577699,1.0
0.404802,0.0
0.706389,1.0
0.576946,1.0
0.693187,1.0
0.576847,1.0
0.362826,0.0
0.720365,1.0
0.393466,0.0
0.714915,0.0
0.36142,0.0
0.705227,1.0
0.57764,1.0
0.363175,0.0
0.71748,1.0
0.390192,1.0
0.385512,0.0
0.716144,1.0
0.719436,1.0
0.789121,1.0
0.781513,0.0
0.775956,1.0
0.788019,1.0
0.700301,0.0
0.318449,1.0
0.359591,0.0
0.792666,1.0
0.451077,0.0
0.353001,1.0
0.788942,1.0
0.304879,1.0
0.348639,1.0
0.79361,1.0
0.770943,0.0
0.782176,1.0
0.304566,0.0
0.434308,1.0
0.707853,1.0
0.71341,1.0
0.708942,0.0
0.370911,1.0
0.304131,0.0
0.360923,0.0
0.738727,1.0
0.77133,1.0
0.435418,0.0
0.716616,1.0
0.780843,1.0
0.384675,0.0
0.360829,1.0
0.721514,0.0
0.634276,1.0
0.780534,1.0
0.305126,0.0
0.319401,0.0
0.773127,1.0
0.714431,0.0
0.708137,1.0
0.795463,1.0
0.318827,0.0
0.70617,1.0
0.784844,1.0
0.789652,1.0
0.319126,1.0
0.36018,0.0
0.661087,1.0
0.418492,1.0
0.318634,0.0
0.779204,1.0
0.774109,1.0
0.786271,1.0
0.319444,0.0
0.303962,1.0
0.714446,1.0
0.780069,1.0
0.370574,1.0
0.7259,1.0
0.792278,1.0
0.782525,1.0
0.719467,1.0
0.305148,0.0
0.78131,1.0
0.733188,1.0
0.426345,1.0
0.389355,1.0
0.319184,0.0
0.79331,1.0
0.306407,0.0
0.721694,0.0
0.683149,1.0
0.304391,0.0
0.344589,0.0
0.76572,1.0
0.711784,1.0
0.715372,1.0
0.706866,1.0
0.700269,1.0
0.785351,1.0
0.72919,1.0
0.795934,1.0
0.31941,1.0
0.787546,0.0
0.693921,0.0
0.383514,0.0
0.739013,1.0
0.385481,0.0
0.803227,1.0
0.722254,0.0
0.774511,1.0
0.710783,1.0
0.782687,1.0
0.735037,1.0
0.318636,1.0
0.793238,1.0
0.726768,1.0
0.795675,1.0
0.791791,1.0
0.526832,1.0
0.525307,0.0
0.523607,1.0
0.523499,1.0
0.522177,1.0
0.525118,0.0
0.527522,0.0
0.531256,1.0
0.539802,1.0
0.525571,1.0
0.543996,1.0
0.532816,1.0
0.52232,0.0
0.529697,1.0
0.532517,0.0
0.524079,0.0
0.519721,1.0
0.523069,1.0
0.536077,0.0
0.537353,1.0
0.525257,0.0
0.524192,1.0
0.522842,1.0
0.533685,1.0
0.536067,1.0
0.539873,0.0
0.527372,1.0
0.5218,0.0
0.542956,0.0
0.525021,1.0
0.524427,1.0
0.540724,1.0
0.533934,0.0
0.525088,1.0
0.544741,1.0
0.524789,1.0
0.53612,1.0
0.537423,1.0
0.52034,1.0
0.524846,0.0
0.526185,1.0
0.526418,1.0
0.53738,0.0
0.523669,1.0
0.523938,1.0
0.523769,1.0
0.531238,1.0
0.539844,1.0
0.530928,1.0
0.537221,1.0
0.537365,0.0
0.521408,0.0
0.521839,1.0
0.52502,1.0
0.537429,1.0
0.529656,0.0
0.525398,0.0
0.524613,0.0
0.534639,0.0
0.526335,1.0
0.526178,0.0
0.52319,0.0
0.525429,0.0
0.536119,1.0
0.524824,1.0
0.519351,1.0
0.540728,1.0
0.535328,1.0
0.537407,1.0
0.524118,1.0
0.536243,1.0
0.525902,1.0
0.52803,1.0
0.536065,0.0
0.538374,0.0
0.518773,1.0
0.526106,1.0
0.525435,1.0
0.526711,0.0
0.524438,1.0
0.524348,1.0
0.526119,1.0
0.525215,1.0
0.531262,1.0
0.522669,1.0
0.52731,1.0
0.540625,1.0
0.527107,1.0
0.540751,1.0
0.527461,0.0
0.526378,1.0
0.522335,1.0
0.524081,1.0
0.525008,1.0
0.526752,0.0
0.5312,0.0
0.526126,1.0
0.525973,1.0
0.524685,0.0
0.525012,0.0
0.60249,1.0
0.592128,0.0
0.665229,1.0
0.667244,1.0
0.666291,1.0
0.65976,1.0
0.589044,0.0
0.591641,1.0
0.622127,1.0
0.668431,1.0
0.583459,1.0
0.580755,1.0
0.651442,1.0
0.595645,1.0
0.582329,1.0
0.655646,1.0
0.661188,1.0
0.666022,1.0
0.636563,0.0
0.542291,0.0
0.591169,1.0
0.60259,1.0
0.6028,0.0
0.570583,1.0
0.634528,1.0
0.62381,0.0
0.603733,1.0
0.657865,0.0
0.591511,0.0
0.601484,1.0
0.668979,0.0
0.611295,0.0
0.576984,1.0
0.599306,0.0
0.561088,0.0
0.669492,1.0
0.634313,1.0
0.630878,1.0
0.660217,1.0
0.593098,1.0
0.599637,0.0
0.669274,1.0
0.63316,1.0
0.602086,1.0
0.666935,1.0
0.665695,0.0
0.590718,0.0
0.622048,1.0
0.598239,0.0
0.551745,1.0
0.63317,1.0
0.65345,1.0
0.665789,0.0
0.668841,1.0
0.630905,1.0
0.596992,0.0
0.592374,1.0
0.660648,0.0
0.574193,1.0
0.602683,1.0
0.660183,1.0
0.657206,1.0
0.592204,1.0
0.634284,1.0
0.669435,1.0
0.631309,0.0
0.581449,0.0
0.563073,0.0
0.630893,1.0
0.665357,0.0
0.634643,1.0
0.600265,1.0
0.596599,0.0
0.636572,0.0
0.628145,0.0
0.655082,0.0
0.601131,1.0
0.600014,0.0
0.593268,1.0
0.602334,1.0
0.668338,1.0
0.602118,1.0
0.667077,1.0
0.590678,0.0
0.66416,1.0
0.596506,0.0
0.611454,0.0
0.604252,1.0
0.610964,0.0
0.659452,1.0
0.600818,0.0
0.666717,1.0
0.603112,1.0
0.669351,1.0
0.5945,1.0
0.591549,1.0
0.669269,1.0
0.600523,0.0
0.656542,1.0
0.65826,0.0
0.604796,0.0
0.598482,0.0
0.54251,0.0
0.538142,0.0
0.537974,1.0
0.541817,0.0
0.59517,1.0
0.594553,0.0
0.604618,0.0
0.5436,0.0
0.599969,1.0
0.59105,0.0
0.544593,1.0
0.594277,1.0
0.592114,0.0
0.545592,1.0
0.535044,1.0
0.540391,1.0
0.599661,1.0
0.568427,1.0
0.599311,0.0
0.60073,0.0
0.592945,0.0
0.587539,1.0
0.604906,0.0
0.599401,1.0
0.607654,0.0
0.532145,1.0
0.592473,0.0
0.60185,0.0
0.535259,1.0
0.597012,1.0
0.592408,1.0
0.598934,1.0
0.586782,1.0
0.540056,0.0
0.604883,1.0
0.605105,1.0
0.538549,0.0
0.60033,0.0
0.59743,1.0
0.544143,1.0
0.605734,1.0
0.59916,1.0
0.541114,0.0
0.540362,0.0
0.587531,1.0
0.604626,0.0
0.591896,0.0
0.585577,0.0
0.605727,1.0
0.539237,0.0
0.533103,0.0
0.541213,0.0
0.605115,1.0
0.588531,1.0
0.601581,1.0
0.534737,0.0
0.592099,0.0
0.605429,0.0
0.543226,1.0
0.540019,1.0
0.602944,0.0
0.604876,1.0
0.540235,0.0
0.548479,1.0
0.591111,0.0
0.581117,1.0
0.6051,1.0
0.541379,0.0
0.605023,1.0
0.603884,0.0
0.594431,0.0
0.599656,0.0
0.598919,0.0
0.533669,1.0
0.602914,0.0
0.598375,0.0
0.601406,0.0
0.599155,1.0
0.540913,0.0
0.605423,0.0
0.546589,1.0
0.587535,0.0
0.539994,1.0
0.595508,1.0
0.596978,0.0
0.60686,0.0
0.596958,1.0
0.546457,1.0
0.600752,1.0
0.537311,0.0
0.600015,1.0
0.540696,1.0
0.606419,0.0
0.594968,1.0
0.54343,0.0
0.600605,1.0
0.546139,1.0
0.538537,1.0
0.685844,1.0
0.706019,1.0
0.757679,1.0
0.739281,1.0
0.743462,0.0
0.7514,1.0
0.688049,1.0
0.368296,1.0
0.335379,0.0
0.758865,1.0
0.346228,1.0
0.381239,0.0
0.767826,1.0
0.374169,0.0
0.373201,0.0
0.769322,0.0
0.73321,0.0
0.750749,0.0
0.352772,0.0
0.490376,0.0
0.674804,1.0
0.67197,1.0
0.679428,1.0
0.400403,0.0
0.336685,0.0
0.351215,0.0
0.70645,1.0
0.756382,1.0
0.363312,1.0
0.683608,1.0
0.765188,0.0
0.357292,0.0
0.37429,0.0
0.705713,1.0
0.666985,0.0
0.745637,1.0
0.340321,1.0
0.339061,0.0
0.744738,0.0
0.673232,0.0
0.699707,1.0
0.760557,1.0
0.336592,0.0
0.667268,1.0
0.751434,1.0
0.785353,1.0
0.389503,0.0
0.335332,0.0
0.66638,1.0
0.399056,1.0
0.336615,0.0
0.746397,0.0
0.75985,0.0
0.750631,0.0
0.339034,1.0
0.38407,0.0
0.683171,1.0
0.760736,0.0
0.370768,1.0
0.693062,0.0
0.756361,1.0
0.748383,0.0
0.686047,1.0
0.340342,0.0
0.7465,0.0
0.736097,0.0
0.366431,1.0
0.411817,1.0
0.339084,0.0
0.789516,1.0
0.339893,0.0
0.683518,0.0
0.682692,1.0
0.349042,0.0
0.349746,1.0
0.763785,0.0
0.682052,1.0
0.703167,0.0
0.675679,1.0
0.664127,1.0
0.750208,1.0
0.696634,1.0
0.772591,1.0
0.385501,0.0
0.748573,0.0
0.686976,0.0
0.353637,0.0
0.706028,1.0
0.357394,0.0
0.767846,1.0
0.708464,0.0
0.73942,0.0
0.671402,0.0
0.748828,1.0
0.701174,1.0
0.367689,0.0
0.757333,1.0
0.717226,1.0
0.770672,1.0
0.776419,1.0
0.593309,1.0
0.590552,0.0
0.660299,0.0
0.661107,1.0
0.673355,1.0
0.661387,1.0
0.590835,0.0
0.605563,1.0
0.634275,1.0
0.661324,1.0
0.616555,0.0
0.611752,1.0
0.658249,0.0
0.614424,1.0
0.616033,0.0
0.671974,1.0
0.672305,1.0
0.673092,1.0
0.625227,0.0
0.539187,1.0
0.591302,0.0
0.59288,1.0
0.593607,1.0
0.599992,1.0
0.633642,1.0
0.626008,1.0
0.593568,1.0
0.659746,0.0
0.608766,0.0
0.592401,0.0
0.672776,0.0
0.623105,0.0
0.614418,0.0
0.591212,0.0
0.593028,0.0
0.661361,1.0
0.619479,0.0
0.631718,0.0
0.671559,0.0
0.608218,0.0
0.590951,0.0
0.661201,1.0
0.632874,0.0
0.59237,0.0
0.660679,0.0
0.659048,0.0
0.606462,0.0
0.634296,1.0
0.592958,1.0
0.587542,1.0
0.632864,1.0
0.672265,1.0
0.672404,0.0
0.674278,0.0
0.620127,1.0
0.60947,0.0
0.591449,0.0
0.673589,0.0
0.604327,1.0
0.607555,1.0
0.661194,1.0
0.673189,1.0
0.591456,1.0
0.631124,1.0
0.674583,1.0
0.646844,0.0
0.607149,1.0
0.578391,0.0
0.631708,1.0
0.658752,0.0
0.631333,1.0
0.607912,1.0
0.590784,0.0
0.62793,1.0
0.615723,0.0
0.667494,1.0
0.592577,0.0
0.604962,0.0
0.592515,1.0
0.592923,1.0
0.661198,1.0
0.592612,0.0
0.660286,1.0
0.609847,0.0
0.673212,0.0
0.605601,0.0
0.625865,0.0
0.593803,1.0
0.623057,0.0
0.661128,1.0
0.605832,0.0
0.673829,1.0
0.608409,0.0
0.660972,0.0
0.592934,0.0
0.617803,1.0
0.661576,1.0
0.590563,0.0
0.660026,1.0
0.659717,1.0
0.51473,1.0
0.511417,0.0
0.515736,0.0
0.519278,1.0
0.518616,0.0
0.517338,0.0
0.51523,0.0
0.536697,0.0
0.532849,0.0
0.51619,1.0
0.53799,0.0
0.534384,0.0
0.513783,1.0
0.534406,0.0
0.535111,0.0
0.51479,0.0
0.519961,1.0
0.517647,1.0
0.534613,0.0
0.541254,1.0
0.516299,0.0
0.516739,0.0
0.515574,1.0
0.535473,0.0
0.532924,1.0
0.533498,1.0
0.511643,0.0
0.51579,0.0
0.538436,0.0
0.51523,1.0
0.515689,1.0
0.534681,1.0
0.53541,0.0
0.511971,0.0
0.525982,0.0
0.518397,1.0
0.53783,1.0
0.534163,1.0
0.51756,1.0
0.517736,0.0
0.513074,0.0
0.516221,1.0
0.53407,1.0
0.51803,0.0
0.516973,1.0
0.51154,0.0
0.535902,0.0
0.532848,0.0
0.518311,0.0
0.537945,0.0
0.533091,0.0
0.517741,1.0
0.515783,1.0
0.517936,1.0
0.535751,0.0
0.53569,0.0
0.51524,0.0
0.516382,0.0
0.536748,0.0
0.514355,0.0
0.516867,0.0
0.518066,1.0
0.513928,0.0
0.533226,1.0
0.518834,1.0
0.509962,0.0
0.536487,0.0
0.540946,0.0
0.533174,1.0
0.510899,1.0
0.533211,0.0
0.515747,0.0
0.515949,1.0
0.533259,0.0
0.537963,0.0
0.51379,0.0
0.515665,1.0
0.513078,0.0
0.515824,0.0
0.518028,0.0
0.51739,0.0
0.513425,0.0
0.513967,1.0
0.53539,0.0
0.517809,1.0
0.516703,1.0
0.534281,0.0
0.511716,0.0
0.534683,0.0
0.515152,0.0
0.513192,0.0
0.519392,0.0
0.518297,1.0
0.517768,1.0
0.512787,0.0
0.534118,0.0
0.516656,0.0
0.510029,0.0
0.514096,0.0
0.513292,0.0
0.73023,1.0
0.735965,1.0
0.355283,1.0
0.344294,0.0
0.353061,0.0
0.354359,1.0
0.734473,1.0
0.577783,0.0
0.578937,1.0
0.348587,1.0
0.579119,1.0
0.579452,1.0
0.351724,1.0
0.579316,0.0
0.580041,0.0
0.357973,0.0
0.344835,0.0
0.347089,0.0
0.579809,1.0
0.582364,1.0
0.735177,1.0
0.733975,1.0
0.727899,1.0
0.579602,0.0
0.581264,0.0
0.58154,1.0
0.732554,1.0
0.354933,0.0
0.579264,1.0
0.730445,1.0
0.346629,0.0
0.582338,1.0
0.580091,1.0
0.735666,1.0
0.720823,1.0
0.345532,0.0
0.581311,1.0
0.581974,1.0
0.347169,1.0
0.734055,1.0
0.735457,1.0
0.348283,1.0
0.581938,1.0
0.735212,1.0
0.34585,1.0
0.360144,1.0
0.580364,1.0
0.578937,0.0
0.730992,1.0
0.577923,1.0
0.57888,1.0
0.348089,1.0
0.347406,0.0
0.343574,0.0
0.577562,1.0
0.580259,1.0
0.735722,1.0
0.353126,1.0
0.57786,1.0
0.733919,1.0
0.354695,0.0
0.346498,0.0
0.735068,1.0
0.581274,1.0
0.344625,1.0
0.424521,0.0
0.578039,1.0
0.579539,1.0
0.581283,1.0
0.353934,1.0
0.5789,1.0
0.734097,1.0
0.730573,0.0
0.579119,0.0
0.579078,0.0
0.363693,0.0
0.731079,1.0
0.735663,1.0
0.734083,1.0
0.73394,0.0
0.354314,0.0
0.735176,1.0
0.351591,1.0
0.580319,1.0
0.34462,0.0
0.729854,0.0
0.579915,1.0
0.731899,1.0
0.579957,0.0
0.356705,1.0
0.734952,1.0
0.352036,1.0
0.729837,1.0
0.344175,0.0
0.734776,1.0
0.579288,1.0
0.354907,0.0
0.735685,1.0
0.358666,0.0
0.359288,0.0
0.598365,1.0
0.595379,0.0
0.665191,1.0
0.66308,0.0
0.663021,1.0
0.664957,1.0
0.597607,0.0
0.593887,1.0
0.615592,0.0
0.664174,1.0
0.576983,1.0
0.614601,1.0
0.663802,1.0
0.625818,1.0
0.61942,0.0
0.659803,1.0
0.663189,0.0
0.662339,1.0
0.606988,0.0
0.600986,0.0
0.597617,1.0
0.598505,1.0
0.598417,0.0
0.624908,1.0
0.624405,1.0
0.612069,0.0
0.595802,1.0
0.662443,1.0
0.576549,1.0
0.597624,1.0
0.662145,0.0
0.604294,0.0
0.606616,1.0
0.596252,0.0
0.596701,0.0
0.662534,1.0
0.572458,0.0
0.603695,1.0
0.66539,0.0
0.599393,1.0
0.596701,0.0
0.664037,1.0
0.603744,0.0
0.598727,0.0
0.665725,1.0
0.66173,0.0
0.607097,0.0
0.627621,1.0
0.600067,0.0
0.577098,1.0
0.614636,1.0
0.665197,1.0
0.662355,1.0
0.663207,1.0
0.585361,1.0
0.607044,0.0
0.597485,1.0
0.665612,0.0
0.582662,1.0
0.598172,1.0
0.661194,1.0
0.66255,1.0
0.596617,1.0
0.61146,1.0
0.666026,0.0
0.64972,0.0
0.585652,0.0
0.56544,0.0
0.611604,1.0
0.661393,0.0
0.61447,1.0
0.59937,1.0
0.593412,1.0
0.627608,0.0
0.589025,0.0
0.658619,0.0
0.598203,1.0
0.59703,0.0
0.598498,1.0
0.595937,0.0
0.661944,1.0
0.597048,1.0
0.662084,1.0
0.608187,0.0
0.663169,1.0
0.594564,0.0
0.608419,0.0
0.595896,1.0
0.619672,1.0
0.662709,1.0
0.5982,1.0
0.666195,1.0
0.599345,1.0
0.663162,1.0
0.596943,1.0
0.614238,1.0
0.660967,1.0
0.594767,1.0
0.658817,1.0
0.657486,1.0
0.611828,1.0
0.589455,0.0
0.68249,1.0
0.66726,1.0
0.68958,1.0
0.681452,1.0
0.590421,1.0
0.599845,1.0
0.585609,0.0
0.680929,1.0
0.582786,1.0
0.607194,0.0
0.681471,0.0
0.61937,1.0
0.595482,1.0
0.687583,0.0
0.66657,1.0
0.689445,1.0
0.580435,0.0
0.577689,0.0
0.612427,0.0
0.612867,1.0
0.591764,0.0
0.619186,1.0
0.617745,1.0
0.582795,0.0
0.610115,1.0
0.689529,1.0
0.582797,0.0
0.612769,0.0
0.667208,0.0
0.577784,0.0
0.602714,1.0
0.590142,0.0
0.590937,0.0
0.68959,0.0
0.552989,0.0
0.59964,0.0
0.660625,0.0
0.614223,0.0
0.590129,1.0
0.680836,1.0
0.577012,1.0
0.591362,0.0
0.683399,0.0
0.658797,1.0
0.581206,0.0
0.619968,1.0
0.591998,0.0
0.581537,1.0
0.606696,1.0
0.682305,1.0
0.689761,0.0
0.690169,0.0
0.586796,1.0
0.581052,0.0
0.612184,1.0
0.661048,0.0
0.585288,1.0
0.611806,0.0
0.688573,1.0
0.689574,1.0
0.610482,0.0
0.604257,1.0
0.661169,0.0
0.657534,0.0
0.56371,0.0
0.55118,1.0
0.604344,1.0
0.658765,0.0
0.606624,1.0
0.612482,0.0
0.619073,0.0
0.599852,1.0
0.575034,0.0
0.665407,0.0
0.613043,1.0
0.590425,0.0
0.61171,1.0
0.597856,1.0
0.688949,1.0
0.611959,1.0
0.678992,1.0
0.581817,0.0
0.690094,1.0
0.597599,0.0
0.581413,1.0
0.610178,1.0
0.61624,0.0
0.679423,1.0
0.61174,1.0
0.682983,0.0
0.614914,0.0
0.69016,1.0
0.611775,1.0
0.60682,1.0
0.688446,1.0
0.609339,1.0
0.686915,1.0
0.686193,0.0
0.736232,0.0
0.745204,1.0
0.341541,0.0
0.342287,0.0
0.34453,1.0
0.338493,1.0
0.737028,1.0
0.577144,1.0
0.581228,1.0
0.337516,0.0
0.581381,1.0
0.579625,0.0
0.355001,0.0
0.577478,0.0
0.578636,0.0
0.353794,0.0
0.345432,0.0
0.343547,0.0
0.581648,1.0
0.581908,0.0
0.743916,1.0
0.737041,1.0
0.743866,1.0
0.577541,0.0
0.577362,1.0
0.581434,1.0
0.735827,0.0
0.344565,1.0
0.581073,1.0
0.743941,1.0
0.355806,0.0
0.581824,1.0
0.580454,1.0
0.744792,1.0
0.736394,1.0
0.356198,0.0
0.583243,0.0
0.5801,1.0
0.358315,0.0
0.742968,1.0
0.737504,1.0
0.336936,0.0
0.581997,1.0
0.744739,1.0
0.356616,0.0
0.334735,1.0
0.58166,1.0
0.57739,0.0
0.741583,1.0
0.581343,1.0
0.580094,1.0
0.341695,0.0
0.358138,0.0
0.359273,0.0
0.581051,0.0
0.581658,1.0
0.73786,1.0
0.354034,0.0
0.581155,1.0
0.743177,1.0
0.340312,0.0
0.344029,0.0
0.744136,1.0
0.580213,1.0
0.353813,1.0
0.379741,0.0
0.582527,1.0
0.583301,1.0
0.580208,0.0
0.350912,1.0
0.580102,0.0
0.742921,1.0
0.741905,1.0
0.578462,1.0
0.578408,0.0
0.354645,0.0
0.737446,1.0
0.744703,1.0
0.73658,0.0
0.73673,0.0
0.341707,1.0
0.737534,1.0
0.335272,0.0
0.58161,1.0
0.347885,0.0
0.742335,0.0
0.581795,1.0
0.735669,1.0
0.576991,0.0
0.33514,0.0
0.736321,0.0
0.35595,0.0
0.74295,1.0
0.346388,1.0
0.737335,1.0
0.58014,1.0
0.339981,0.0
0.737348,1.0
0.338121,0.0
0.351648,1.0
0.590116,1.0
0.593244,1.0
0.659699,1.0
0.659615,1.0
0.663613,1.0
0.661244,1.0
0.592064,0.0
0.603157,1.0
0.586583,0.0
0.658159,1.0
0.60476,1.0
0.608215,1.0
0.661576,1.0
0.623127,1.0
0.614931,1.0
0.662036,0.0
0.660018,0.0
0.660681,1.0
0.585671,0.0
0.598108,1.0
0.595937,1.0
0.59497,1.0
0.595295,0.0
0.623285,1.0
0.610153,1.0
0.585626,0.0
0.588869,0.0
0.663507,0.0
0.589165,1.0
0.596262,1.0
0.661741,0.0
0.584517,0.0
0.610221,1.0
0.59384,0.0
0.59561,0.0
0.6624,1.0
0.588027,0.0
0.593314,1.0
0.661436,1.0
0.597159,1.0
0.591441,0.0
0.658029,1.0
0.600386,0.0
0.596094,0.0
0.662194,1.0
0.65621,0.0
0.586314,0.0
0.623055,1.0
0.595468,1.0
0.603255,1.0
0.610531,1.0
0.659553,1.0
0.662092,0.0
0.66141,0.0
0.616607,1.0
0.586199,1.0
0.594393,1.0
0.660934,0.0
0.604277,1.0
0.596483,1.0
0.66003,1.0
0.660742,1.0
0.595322,1.0
0.609634,1.0
0.663488,1.0
0.657643,1.0
0.579719,1.0
0.594783,0.0
0.621763,1.0
0.660109,0.0
0.622635,1.0
0.596988,1.0
0.597351,0.0
0.60381,1.0
0.591198,0.0
0.660119,0.0
0.595062,1.0
0.594273,0.0
0.589978,1.0
0.592214,1.0
0.663067,1.0
0.594207,0.0
0.656451,1.0
0.58639,0.0
0.660681,1.0
0.59307,0.0
0.602074,0.0
0.592747,1.0
0.607525,0.0
0.656853,1.0
0.590045,1.0
0.662229,1.0
0.597302,1.0
0.66366,0.0
0.594061,1.0
0.61081,1.0
0.659923,1.0
0.592168,1.0
0.658771,1.0
0.663822,1.0
0.731835,1.0
0.738171,1.0
0.331578,1.0
0.331261,0.0
0.341376,1.0
0.334897,1.0
0.743475,1.0
0.584285,0.0
0.585736,1.0
0.328262,0.0
0.584404,1.0
0.574975,0.0
0.333816,0.0
0.574349,0.0
0.574503,0.0
0.34921,1.0
0.349374,0.0
0.334012,0.0
0.585819,1.0
0.575311,0.0
0.739534,1.0
0.737658,1.0
0.744902,1.0
0.574376,1.0
0.583679,0.0
0.585821,1.0
0.739164,1.0
0.355915,1.0
0.585849,0.0
0.739337,0.0
0.34971,0.0
0.585916,1.0
0.583943,0.0
0.745216,1.0
0.740731,1.0
0.337236,0.0
0.575359,1.0
0.585533,1.0
0.335783,1.0
0.738875,1.0
0.743626,1.0
0.327779,0.0
0.584368,1.0
0.745945,1.0
0.336768,1.0
0.348416,1.0
0.585773,1.0
0.574316,0.0
0.735977,1.0
0.584511,1.0
0.583885,1.0
0.331485,0.0
0.353484,1.0
0.354875,0.0
0.575124,0.0
0.586144,1.0
0.738575,1.0
0.347692,0.0
0.58443,1.0
0.737706,0.0
0.331089,1.0
0.334487,0.0
0.738635,1.0
0.583967,0.0
0.337376,0.0
0.344423,1.0
0.586597,1.0
0.584778,1.0
0.575009,0.0
0.350154,1.0
0.575008,0.0
0.737762,1.0
0.744362,1.0
0.584262,0.0
0.574286,0.0
0.3478,0.0
0.738138,1.0
0.745318,0.0
0.732723,1.0
0.73367,0.0
0.338558,0.0
0.745247,1.0
0.3265,0.0
0.585766,0.0
0.338374,0.0
0.741306,1.0
0.584223,1.0
0.735277,1.0
0.574127,1.0
0.326378,1.0
0.731981,1.0
0.335884,0.0
0.738856,1.0
0.3574,0.0
0.737637,1.0
0.583868,1.0
0.330783,0.0
0.736751,1.0
0.329091,0.0
0.337098,0.0
0.5857,1.0
0.607274,0.0
0.686032,1.0
0.679667,0.0
0.722656,1.0
0.686801,1.0
0.619456,1.0
0.371988,0.0
0.403125,0.0
0.662064,0.0
0.382463,1.0
0.369286,0.0
0.687343,1.0
0.368085,0.0
0.369045,1.0
0.715446,1.0
0.70807,0.0
0.691896,1.0
0.402658,0.0
0.369115,0.0
0.662906,1.0
0.623139,1.0
0.633675,1.0
0.383966,0.0
0.369591,0.0
0.40311,0.0
0.587757,1.0
0.74099,1.0
0.368909,1.0
0.63807,1.0
0.712762,0.0
0.402762,0.0
0.366105,0.0
0.625463,1.0
0.657756,0.0
0.710201,1.0
0.401628,0.0
0.386068,0.0
0.706723,0.0
0.671445,1.0
0.610697,1.0
0.661184,0.0
0.399722,0.0
0.6729,1.0
0.714601,1.0
0.672294,1.0
0.402456,0.0
0.368231,0.0
0.61697,0.0
0.383155,1.0
0.382896,1.0
0.677376,0.0
0.748902,0.0
0.751537,0.0
0.366233,0.0
0.385707,0.0
0.632278,1.0
0.696243,1.0
0.38319,0.0
0.60881,0.0
0.687322,1.0
0.694566,1.0
0.626097,1.0
0.366718,0.0
0.692227,1.0
0.709056,1.0
0.385748,1.0
0.398266,0.0
0.365763,0.0
0.687909,1.0
0.365554,0.0
0.632244,0.0
0.698027,0.0
0.369732,0.0
0.390137,0.0
0.689401,0.0
0.632711,1.0
0.616645,0.0
0.593116,0.0
0.598781,0.0
0.69889,0.0
0.637104,1.0
0.651777,1.0
0.385933,0.0
0.715186,1.0
0.650124,0.0
0.399485,0.0
0.589506,1.0
0.403893,0.0
0.660417,1.0
0.587445,0.0
0.700767,1.0
0.68003,0.0
0.745326,1.0
0.613663,1.0
0.382737,0.0
0.677889,1.0
0.596414,0.0
0.666218,1.0
0.69022,1.0
0.827768,0.0
0.799593,1.0
0.855651,1.0
0.858063,0.0
0.818073,0.0
0.854773,1.0
0.789434,1.0
0.327746,1.0
0.340383,1.0
0.875007,1.0
0.410714,1.0
0.328877,1.0
0.85616,1.0
0.329064,0.0
0.406058,1.0
0.824687,1.0
0.828715,1.0
0.851585,0.0
0.340021,1.0
0.328156,1.0
0.74666,1.0
0.790712,1.0
0.778503,1.0
0.337642,1.0
0.326872,0.0
0.34028,0.0
0.828799,1.0
0.798123,1.0
0.401345,0.0
0.776963,1.0
0.824214,1.0
0.339969,0.0
0.324815,0.0
0.786874,1.0
0.730636,1.0
0.833543,1.0
0.342811,0.0
0.334086,1.0
0.828948,1.0
0.736319,1.0
0.801259,1.0
0.875928,1.0
0.339808,0.0
0.736361,1.0
0.826759,1.0
0.868244,1.0
0.339966,0.0
0.329155,1.0
0.782343,1.0
0.411113,1.0
0.411499,0.0
0.860174,1.0
0.784595,1.0
0.785265,0.0
0.327509,0.0
0.33323,0.0
0.779752,1.0
0.846509,1.0
0.333394,1.0
0.798551,1.0
0.854418,1.0
0.848968,1.0
0.78711,1.0
0.325127,0.0
0.851339,1.0
0.831627,1.0
0.410856,0.0
0.338468,1.0
0.327499,0.0
0.852794,1.0
0.327416,1.0
0.768572,0.0
0.696409,0.0
0.326439,0.0
0.337274,0.0
0.847311,1.0
0.778309,0.0
0.788668,1.0
0.810526,1.0
0.806939,1.0
0.838794,1.0
0.775499,1.0
0.890044,1.0
0.331152,0.0
0.828423,0.0
0.74447,0.0
0.339822,0.0
0.828303,1.0
0.345726,1.0
0.880767,1.0
0.816601,0.0
0.842867,1.0
0.720532,1.0
0.796839,1.0
0.801966,1.0
0.333639,0.0
0.865444,1.0
0.811347,1.0
0.876499,1.0
0.853262,1.0
0.585037,0.0
0.605347,1.0
0.687744,1.0
0.671763,0.0
0.718693,1.0
0.68864,1.0
0.622792,0.0
0.353722,0.0
0.352798,0.0
0.660647,0.0
0.443176,1.0
0.355843,0.0
0.685019,1.0
0.288939,0.0
0.447159,0.0
0.717195,1.0
0.701544,1.0
0.685301,0.0
0.352577,0.0
0.355097,1.0
0.66408,1.0
0.624282,1.0
0.635906,1.0
0.356951,0.0
0.286546,0.0
0.284725,0.0
0.592427,1.0
0.74307,1.0
0.359425,0.0
0.633655,1.0
0.70587,1.0
0.284569,0.0
0.285684,1.0
0.627957,1.0
0.658431,0.0
0.705749,1.0
0.287587,0.0
0.352214,0.0
0.703732,0.0
0.672991,1.0
0.614052,0.0
0.659946,0.0
0.285446,0.0
0.675555,1.0
0.714965,1.0
0.676756,1.0
0.284669,0.0
0.356466,0.0
0.615323,0.0
0.443433,1.0
0.361057,0.0
0.673242,1.0
0.746819,1.0
0.737997,0.0
0.288055,0.0
0.284258,0.0
0.633313,1.0
0.694282,0.0
0.352468,1.0
0.602426,1.0
0.688957,1.0
0.691413,1.0
0.627206,1.0
0.285793,0.0
0.689549,1.0
0.709924,0.0
0.35926,1.0
0.352529,1.0
0.288173,0.0
0.690989,1.0
0.355324,1.0
0.623203,0.0
0.689413,0.0
0.28613,0.0
0.289987,0.0
0.68487,1.0
0.627714,1.0
0.610872,1.0
0.592881,1.0
0.593523,1.0
0.69213,1.0
0.639186,1.0
0.655134,1.0
0.285662,0.0
0.706203,0.0
0.641969,1.0
0.285536,0.0
0.592838,1.0
0.358623,0.0
0.665119,1.0
0.583123,0.0
0.697068,1.0
0.676768,1.0
0.741182,1.0
0.615086,1.0
0.285536,0.0
0.676719,1.0
0.595495,1.0
0.666851,1.0
0.687769,1.0
0.578833,1.0
0.574393,0.0
0.511929,0.0
0.51273,1.0
0.526333,0.0
0.512322,0.0
0.585957,1.0
0.607824,1.0
0.608886,0.0
0.505247,0.0
0.576985,1.0
0.607451,0.0
0.510733,1.0
0.620318,0.0
0.592212,0.0
0.523446,1.0
0.516959,0.0
0.518948,0.0
0.608909,1.0
0.592649,1.0
0.592223,1.0
0.582879,1.0
0.586065,0.0
0.607922,1.0
0.620661,0.0
0.621817,1.0
0.572348,0.0
0.532413,0.0
0.611256,0.0
0.585136,0.0
0.518635,1.0
0.621829,1.0
0.608146,1.0
0.582724,0.0
0.594929,1.0
0.519066,1.0
0.621419,1.0
0.608674,1.0
0.523269,1.0
0.59535,1.0
0.58368,1.0
0.504888,0.0
0.621666,1.0
0.5961,1.0
0.522623,0.0
0.507257,0.0
0.621811,1.0
0.60734,0.0
0.584547,0.0
0.576941,1.0
0.611711,1.0
0.50504,1.0
0.533223,0.0
0.537294,0.0
0.620406,1.0
0.621542,1.0
0.584382,1.0
0.520061,1.0
0.593821,1.0
0.575789,0.0
0.512384,1.0
0.513382,1.0
0.582549,1.0
0.620715,1.0
0.512617,0.0
0.525845,1.0
0.597478,0.0
0.594095,1.0
0.620384,1.0
0.513293,0.0
0.592558,0.0
0.590296,1.0
0.60442,1.0
0.620715,0.0
0.620519,0.0
0.510088,1.0
0.586006,0.0
0.577156,0.0
0.571544,0.0
0.573395,1.0
0.51319,0.0
0.586883,0.0
0.497263,0.0
0.621023,1.0
0.526949,1.0
0.589854,1.0
0.621651,0.0
0.572215,1.0
0.608021,1.0
0.501966,1.0
0.577693,1.0
0.515683,0.0
0.596814,1.0
0.53171,1.0
0.579675,0.0
0.621334,0.0
0.50711,1.0
0.571616,1.0
0.502751,1.0
0.511874,1.0
0.611188,1.0
0.613603,1.0
0.683897,1.0
0.678189,1.0
0.690461,1.0
0.684073,1.0
0.612251,1.0
0.637285,1.0
0.63957,0.0
0.674955,1.0
0.546811,1.0
0.636131,1.0
0.682035,1.0
0.664114,1.0
0.594483,1.0
0.687372,1.0
0.685979,1.0
0.682495,1.0
0.639899,0.0
0.59267,0.0
0.619131,1.0
0.616822,1.0
0.618786,0.0
0.637605,1.0
0.664688,1.0
0.667099,0.0
0.614018,0.0
0.691527,1.0
0.647469,1.0
0.618485,1.0
0.685396,0.0
0.667112,0.0
0.631847,1.0
0.616938,1.0
0.61588,1.0
0.685706,1.0
0.666447,1.0
0.639196,1.0
0.682237,1.0
0.62068,1.0
0.611578,0.0
0.674811,1.0
0.666803,1.0
0.620684,1.0
0.688324,1.0
0.6817,1.0
0.667079,0.0
0.635886,1.0
0.613103,1.0
0.546675,1.0
0.648911,1.0
0.679384,1.0
0.691667,1.0
0.689616,1.0
0.66424,1.0
0.666399,1.0
0.6167,1.0
0.680886,0.0
0.595306,1.0
0.615248,1.0
0.682888,1.0
0.683297,1.0
0.615991,1.0
0.664741,1.0
0.684187,1.0
0.683181,1.0
0.60608,1.0
0.596022,1.0
0.664199,1.0
0.684401,0.0
0.591348,1.0
0.616144,1.0
0.620737,0.0
0.664781,1.0
0.664675,0.0
0.681647,1.0
0.619478,1.0
0.614838,1.0
0.612789,1.0
0.61342,1.0
0.684383,1.0
0.61912,1.0
0.677007,1.0
0.665437,1.0
0.684785,1.0
0.619947,0.0
0.666818,0.0
0.612895,1.0
0.63807,0.0
0.678066,1.0
0.610593,1.0
0.685535,1.0
0.62167,1.0
0.690081,1.0
0.616624,1.0
0.666054,1.0
0.680499,1.0
0.611946,1.0
0.678396,1.0
0.68259,0.0
0.731145,1.0
0.734702,1.0
0.330645,1.0
0.328462,0.0
0.337387,0.0
0.330731,1.0
0.7354,1.0
0.579177,0.0
0.578449,1.0
0.325767,0.0
0.579851,1.0
0.57913,0.0
0.330753,0.0
0.579058,0.0
0.579093,0.0
0.335933,0.0
0.332289,0.0
0.330514,0.0
0.578546,1.0
0.579149,0.0
0.738421,1.0
0.73603,0.0
0.744069,1.0
0.579351,0.0
0.579055,0.0
0.578,0.0
0.741129,1.0
0.340098,1.0
0.579685,1.0
0.736484,0.0
0.349546,1.0
0.577998,0.0
0.578354,1.0
0.736743,1.0
0.736114,0.0
0.333674,0.0
0.579235,0.0
0.579351,1.0
0.332326,0.0
0.738045,1.0
0.742496,1.0
0.325568,0.0
0.57922,0.0
0.738414,1.0
0.334983,0.0
0.329193,1.0
0.577998,1.0
0.579124,0.0
0.732932,1.0
0.579848,1.0
0.579889,1.0
0.328621,0.0
0.340303,0.0
0.339205,0.0
0.57905,0.0
0.579167,0.0
0.737037,1.0
0.347929,0.0
0.579227,1.0
0.732975,0.0
0.331044,0.0
0.331521,0.0
0.736775,0.0
0.579045,0.0
0.330703,0.0
0.334374,0.0
0.578759,0.0
0.579267,1.0
0.579049,0.0
0.348156,1.0
0.578045,0.0
0.734616,1.0
0.743043,0.0
0.579053,0.0
0.577858,0.0
0.330359,0.0
0.736351,0.0
0.734551,1.0
0.731983,0.0
0.731417,0.0
0.330765,1.0
0.737056,1.0
0.326309,0.0
0.5791,1.0
0.334449,0.0
0.742711,1.0
0.577922,1.0
0.733518,1.0
0.578589,0.0
0.327812,0.0
0.730174,0.0
0.331945,0.0
0.737617,1.0
0.339998,1.0
0.735415,1.0
0.579163,1.0
0.32919,0.0
0.733688,1.0
0.32811,0.0
0.348018,0.0
0.534032,1.0
0.531933,1.0
0.530607,0.0
0.536502,1.0
0.531363,0.0
0.530526,0.0
0.529858,0.0
0.533319,0.0
0.533076,0.0
0.537974,0.0
0.540051,1.0
0.533031,1.0
0.535541,0.0
0.531791,0.0
0.534961,0.0
0.532542,0.0
0.534252,1.0
0.535207,1.0
0.533362,0.0
0.539551,1.0
0.524596,0.0
0.535313,0.0
0.526754,1.0
0.533238,0.0
0.531771,1.0
0.533323,1.0
0.532403,1.0
0.524004,0.0
0.531213,0.0
0.534102,1.0
0.526454,1.0
0.533323,1.0
0.533168,0.0
0.529574,1.0
0.52977,1.0
0.533702,1.0
0.531851,0.0
0.532009,1.0
0.534487,1.0
0.523772,0.0
0.529062,0.0
0.538032,1.0
0.531844,1.0
0.523639,1.0
0.53282,1.0
0.531751,1.0
0.532135,0.0
0.533043,1.0
0.531085,1.0
0.540063,0.0
0.531338,0.0
0.536625,0.0
0.529666,1.0
0.530135,1.0
0.532026,0.0
0.531887,0.0
0.528766,1.0
0.533384,0.0
0.535375,0.0
0.53748,0.0
0.535215,0.0
0.534986,0.0
0.534262,1.0
0.532008,1.0
0.535214,1.0
0.533661,0.0
0.535441,0.0
0.53529,0.0
0.532028,1.0
0.52805,0.0
0.537085,1.0
0.529677,0.0
0.52372,0.0
0.531768,0.0
0.533228,0.0
0.535675,0.0
0.533192,1.0
0.531489,1.0
0.5373,1.0
0.538114,0.0
0.530331,0.0
0.528763,1.0
0.537907,0.0
0.530942,1.0
0.533199,1.0
0.523818,1.0
0.531941,1.0
0.534299,0.0
0.534811,0.0
0.537167,0.0
0.537968,0.0
0.534518,0.0
0.523883,1.0
0.524253,1.0
0.531732,0.0
0.530707,0.0
0.53626,1.0
0.533271,0.0
0.537022,0.0
0.533475,1.0
0.721775,1.0
0.72567,1.0
0.336097,1.0
0.321242,0.0
0.335799,0.0
0.33615,1.0
0.732864,1.0
0.574458,1.0
0.582886,1.0
0.329245,0.0
0.595088,1.0
0.576882,1.0
0.331281,0.0
0.574518,0.0
0.574528,0.0
0.334416,1.0
0.323665,0.0
0.322584,0.0
0.583117,1.0
0.574521,0.0
0.737147,1.0
0.729743,0.0
0.730761,1.0
0.574514,1.0
0.576831,0.0
0.576772,1.0
0.726401,1.0
0.343615,1.0
0.581371,0.0
0.724299,0.0
0.332106,0.0
0.576772,0.0
0.582689,1.0
0.728524,1.0
0.725626,1.0
0.324245,1.0
0.574493,0.0
0.584396,0.0
0.323386,0.0
0.737015,1.0
0.734498,1.0
0.320317,0.0
0.576804,1.0
0.731907,0.0
0.325497,0.0
0.326448,0.0
0.582269,1.0
0.576881,0.0
0.72463,1.0
0.592441,1.0
0.581471,1.0
0.330219,1.0
0.329732,1.0
0.328737,0.0
0.57444,1.0
0.574471,0.0
0.728971,1.0
0.333421,0.0
0.584578,0.0
0.725882,0.0
0.331345,0.0
0.331643,0.0
0.72405,1.0
0.576753,0.0
0.322716,0.0
0.333183,0.0
0.573901,1.0
0.584491,0.0
0.576756,0.0
0.339108,1.0
0.575052,1.0
0.732551,0.0
0.734557,1.0
0.574514,0.0
0.574508,0.0
0.331039,0.0
0.724609,0.0
0.725826,1.0
0.717826,1.0
0.723887,0.0
0.336148,0.0
0.72925,1.0
0.32958,0.0
0.583669,1.0
0.324747,0.0
0.730848,0.0
0.584637,1.0
0.730493,1.0
0.574549,0.0
0.329891,0.0
0.722503,0.0
0.33214,0.0
0.731237,0.0
0.334856,0.0
0.733089,1.0
0.581011,0.0
0.321666,0.0
0.730689,1.0
0.330047,0.0
0.324849,1.0
0.743507,1.0
0.745364,1.0
0.380266,0.0
0.358531,1.0
0.349303,1.0
0.380164,1.0
0.747103,1.0
0.592947,1.0
0.596571,1.0
0.361634,0.0
0.608437,1.0
0.593492,1.0
0.357174,1.0
0.558161,0.0
0.557621,1.0
0.378266,1.0
0.354343,1.0
0.356166,1.0
0.596791,1.0
0.55386,0.0
0.750243,1.0
0.726722,0.0
0.748738,1.0
0.592921,0.0
0.557668,1.0
0.593796,0.0
0.745299,1.0
0.374007,1.0
0.560294,1.0
0.726622,1.0
0.34727,0.0
0.557082,1.0
0.596824,1.0
0.74699,1.0
0.74719,1.0
0.378953,1.0
0.558099,0.0
0.559774,1.0
0.354863,1.0
0.750391,1.0
0.747883,1.0
0.361399,0.0
0.593131,1.0
0.728013,1.0
0.351627,1.0
0.356209,1.0
0.596212,1.0
0.557462,0.0
0.745461,1.0
0.606142,1.0
0.595432,1.0
0.382775,1.0
0.374511,1.0
0.346373,0.0
0.592534,1.0
0.55807,1.0
0.747373,1.0
0.353068,0.0
0.559377,1.0
0.726048,1.0
0.356415,0.0
0.356083,0.0
0.745085,1.0
0.557516,1.0
0.356082,1.0
0.353974,0.0
0.593631,1.0
0.559413,1.0
0.557515,1.0
0.377867,1.0
0.594874,1.0
0.727471,1.0
0.750202,1.0
0.558161,1.0
0.557697,0.0
0.357432,1.0
0.726774,1.0
0.745563,1.0
0.742559,1.0
0.725711,0.0
0.354182,1.0
0.747377,1.0
0.361507,1.0
0.596105,1.0
0.352355,0.0
0.727582,0.0
0.596893,1.0
0.744268,1.0
0.557475,1.0
0.360072,0.0
0.725937,1.0
0.355197,1.0
0.727518,1.0
0.343601,0.0
0.746035,1.0
0.560139,1.0
0.358044,0.0
0.744932,1.0
0.35988,0.0
0.378836,1.0
0.74832,1.0
0.751131,1.0
0.323147,0.0
0.359727,0.0
0.361374,1.0
0.364702,1.0
0.751525,1.0
0.601768,1.0
0.603203,1.0
0.314767,0.0
0.616455,1.0
0.602543,1.0
0.360206,1.0
0.55205,0.0
0.58935,0.0
0.365339,0.0
0.360135,0.0
0.359923,0.0
0.603392,1.0
0.546606,0.0
0.753789,1.0
0.716302,0.0
0.753515,1.0
0.562895,1.0
0.589133,0.0
0.562906,1.0
0.751548,1.0
0.368584,0.0
0.590173,1.0
0.747661,1.0
0.322224,0.0
0.589277,1.0
0.603704,1.0
0.752627,1.0
0.750745,1.0
0.364444,1.0
0.551984,0.0
0.590432,0.0
0.36008,1.0
0.753364,1.0
0.752577,0.0
0.314536,0.0
0.602212,1.0
0.751491,0.0
0.360643,1.0
0.360291,1.0
0.603081,1.0
0.550828,0.0
0.749804,1.0
0.613441,1.0
0.60241,1.0
0.363773,1.0
0.366908,0.0
0.322213,0.0
0.601366,0.0
0.589072,0.0
0.752768,1.0
0.318691,0.0
0.590904,1.0
0.744009,1.0
0.316851,0.0
0.317117,0.0
0.750982,1.0
0.589146,1.0
0.360022,0.0
0.318454,0.0
0.602722,1.0
0.590891,0.0
0.589148,1.0
0.366075,1.0
0.605067,0.0
0.74773,1.0
0.751882,0.0
0.589061,0.0
0.551547,0.0
0.360101,0.0
0.747572,1.0
0.750966,1.0
0.74696,1.0
0.71064,0.0
0.360401,1.0
0.752966,1.0
0.360245,0.0
0.603401,1.0
0.318489,0.0
0.723417,0.0
0.60398,1.0
0.750166,1.0
0.58937,0.0
0.3154,0.0
0.74142,0.0
0.36026,1.0
0.750847,1.0
0.325072,1.0
0.751755,1.0
0.59009,1.0
0.315761,0.0
0.750341,1.0
0.315536,0.0
0.364729,0.0
0.589918,1.0
0.589222,0.0
0.66188,1.0
0.648611,0.0
0.657484,1.0
0.656481,1.0
0.590046,0.0
0.562906,1.0
0.56286,0.0
0.65568,1.0
0.525591,1.0
0.560471,1.0
0.652489,1.0
0.597143,1.0
0.581362,1.0
0.655666,1.0
0.651453,1.0
0.650249,1.0
0.562393,0.0
0.581692,0.0
0.593069,1.0
0.59276,1.0
0.593352,0.0
0.579393,1.0
0.580931,1.0
0.575622,0.0
0.591294,1.0
0.659184,1.0
0.572174,1.0
0.589425,1.0
0.6632,1.0
0.566933,0.0
0.56104,1.0
0.591223,1.0
0.59106,0.0
0.656545,1.0
0.59696,1.0
0.580003,1.0
0.653518,0.0
0.594097,1.0
0.586912,0.0
0.655369,1.0
0.561291,1.0
0.589804,0.0
0.655583,1.0
0.652841,0.0
0.562788,0.0
0.593514,1.0
0.590056,0.0
0.532706,1.0
0.564426,1.0
0.653092,1.0
0.658079,0.0
0.663404,0.0
0.576221,1.0
0.58342,1.0
0.591755,1.0
0.660805,0.0
0.56552,1.0
0.587649,1.0
0.658934,1.0
0.659152,1.0
0.590147,1.0
0.568762,1.0
0.650292,0.0
0.660381,1.0
0.559851,0.0
0.577489,0.0
0.568751,1.0
0.658875,0.0
0.563495,1.0
0.591157,1.0
0.59105,0.0
0.583696,1.0
0.595478,0.0
0.649911,1.0
0.589994,1.0
0.590057,0.0
0.587757,1.0
0.590797,1.0
0.654704,1.0
0.592621,1.0
0.647072,1.0
0.561226,0.0
0.660767,1.0
0.595926,0.0
0.560019,0.0
0.59006,1.0
0.580866,0.0
0.656691,1.0
0.58165,1.0
0.653812,0.0
0.594118,1.0
0.667108,0.0
0.591278,1.0
0.572066,1.0
0.657494,1.0
0.589195,1.0
0.656825,1.0
0.654332,0.0
0.731381,1.0
0.742447,1.0
0.325834,1.0
0.34223,0.0
0.330388,0.0
0.32946,1.0
0.743254,1.0
0.593237,0.0
0.592354,1.0
0.321562,1.0
0.601277,1.0
0.593889,0.0
0.326872,0.0
0.567032,0.0
0.572246,0.0
0.325672,1.0
0.322866,0.0
0.322335,0.0
0.59242,1.0
0.564733,1.0
0.739003,1.0
0.72793,1.0
0.745593,1.0
0.585969,1.0
0.57207,0.0
0.586262,0.0
0.734586,1.0
0.331103,0.0
0.590879,0.0
0.731717,1.0
0.327757,0.0
0.591604,0.0
0.593277,1.0
0.736318,1.0
0.743078,1.0
0.329384,1.0
0.566992,0.0
0.572474,1.0
0.346662,0.0
0.738926,1.0
0.740497,1.0
0.321426,0.0
0.593737,0.0
0.741873,1.0
0.328786,0.0
0.346689,1.0
0.592424,1.0
0.566164,0.0
0.7415,1.0
0.598418,1.0
0.592733,1.0
0.327057,0.0
0.345683,0.0
0.344811,1.0
0.574705,0.0
0.572298,1.0
0.736726,1.0
0.34303,0.0
0.591843,1.0
0.727846,0.0
0.323297,0.0
0.323502,0.0
0.734087,1.0
0.591722,1.0
0.342445,0.0
0.324556,0.0
0.593219,1.0
0.573403,1.0
0.591723,1.0
0.349529,1.0
0.574849,0.0
0.73254,1.0
0.742508,1.0
0.572317,0.0
0.56772,0.0
0.322287,0.0
0.731902,1.0
0.742399,1.0
0.729843,1.0
0.723371,0.0
0.328039,0.0
0.7369,1.0
0.321557,0.0
0.592908,0.0
0.324686,0.0
0.740614,1.0
0.593072,1.0
0.73285,1.0
0.57306,1.0
0.322092,0.0
0.720282,0.0
0.346775,0.0
0.737078,1.0
0.351973,0.0
0.734963,1.0
0.590912,1.0
0.322459,0.0
0.733303,1.0
0.322195,0.0
0.343381,0.0
0.742321,1.0
0.745694,1.0
0.381597,1.0
0.364854,0.0
0.357882,1.0
0.382473,1.0
0.747097,1.0
0.562441,1.0
0.602262,1.0
0.385277,1.0
0.601621,1.0
0.562495,0.0
0.363264,1.0
0.552484,0.0
0.555037,0.0
0.382405,1.0
0.363785,0.0
0.364829,0.0
0.602286,1.0
0.593824,0.0
0.748115,1.0
0.741023,1.0
0.748807,1.0
0.597763,0.0
0.55479,1.0
0.559071,1.0
0.743343,1.0
0.352582,0.0
0.561242,1.0
0.741882,1.0
0.355385,0.0
0.561039,1.0
0.59927,1.0
0.745012,1.0
0.748152,0.0
0.382407,0.0
0.552446,0.0
0.59391,1.0
0.360838,1.0
0.748491,1.0
0.745698,1.0
0.364668,0.0
0.562457,1.0
0.746486,1.0
0.360171,1.0
0.384517,1.0
0.602317,1.0
0.551646,0.0
0.746121,1.0
0.600725,1.0
0.599081,1.0
0.36285,1.0
0.353515,1.0
0.379387,0.0
0.556966,0.0
0.593727,1.0
0.74545,1.0
0.357539,0.0
0.599539,1.0
0.725517,1.0
0.361451,1.0
0.361242,0.0
0.743418,1.0
0.599608,0.0
0.363434,1.0
0.359821,0.0
0.602834,1.0
0.596407,1.0
0.599609,1.0
0.380246,1.0
0.556332,0.0
0.743172,1.0
0.749392,1.0
0.555191,1.0
0.551557,0.0
0.365098,1.0
0.742365,1.0
0.74592,1.0
0.741751,1.0
0.724848,0.0
0.361143,0.0
0.745338,1.0
0.367197,1.0
0.562478,1.0
0.359359,0.0
0.747658,0.0
0.602642,1.0
0.742228,1.0
0.596277,1.0
0.36358,0.0
0.725178,1.0
0.360537,1.0
0.746221,1.0
0.347616,0.0
0.743681,1.0
0.598999,1.0
0.362854,0.0
0.742973,1.0
0.363475,1.0
0.3594,1.0
0.853228,1.0
0.831553,1.0
0.88033,1.0
0.894878,0.0
0.885683,1.0
0.883685,1.0
0.817153,0.0
0.407134,1.0
0.424342,1.0
0.903793,1.0
0.411186,0.0
0.391756,1.0
0.904523,1.0
0.413768,1.0
0.407559,1.0
0.885324,1.0
0.898405,1.0
0.901784,0.0
0.424278,1.0
0.446818,1.0
0.795707,1.0
0.857192,1.0
0.787671,1.0
0.410141,1.0
0.42408,0.0
0.427727,0.0
0.84425,1.0
0.855451,1.0
0.412014,0.0
0.857691,1.0
0.867793,1.0
0.424959,0.0
0.415486,0.0
0.832866,1.0
0.780919,1.0
0.873594,1.0
0.413938,0.0
0.432361,1.0
0.889068,1.0
0.784337,1.0
0.828618,1.0
0.901482,1.0
0.407673,1.0
0.810961,1.0
0.894054,1.0
0.883927,1.0
0.42461,1.0
0.417529,1.0
0.822982,1.0
0.411289,1.0
0.415843,0.0
0.90322,0.0
0.861847,1.0
0.840105,1.0
0.400167,0.0
0.432115,0.0
0.827263,0.0
0.86845,1.0
0.423173,1.0
0.880392,1.0
0.899777,1.0
0.889926,1.0
0.847352,1.0
0.408293,0.0
0.899114,1.0
0.884692,1.0
0.426389,0.0
0.440002,1.0
0.424997,1.0
0.852505,1.0
0.403868,1.0
0.843071,0.0
0.761164,0.0
0.422054,0.0
0.423178,1.0
0.911093,1.0
0.852563,1.0
0.826264,1.0
0.862369,1.0
0.861991,1.0
0.888347,0.0
0.824791,1.0
0.917133,1.0
0.415326,0.0
0.883181,1.0
0.759335,0.0
0.425065,0.0
0.855115,1.0
0.440985,1.0
0.897927,1.0
0.890328,0.0
0.887965,1.0
0.807961,1.0
0.823551,0.0
0.842269,1.0
0.422204,1.0
0.895534,1.0
0.853227,1.0
0.906276,1.0
0.884995,1.0
0.621974,1.0
0.618869,1.0
0.564896,1.0
0.572261,0.0
0.566011,0.0
0.565488,0.0
0.619562,1.0
0.585958,1.0
0.585377,0.0
0.568781,1.0
0.603421,1.0
0.586446,0.0
0.569023,1.0
0.581066,0.0
0.582614,0.0
0.565769,1.0
0.569624,1.0
0.573349,1.0
0.585391,1.0
0.576793,0.0
0.615568,1.0
0.624175,0.0
0.615963,0.0
0.584534,1.0
0.598878,0.0
0.598984,1.0
0.622858,0.0
0.561758,0.0
0.60121,0.0
0.623329,1.0
0.564151,1.0
0.599617,1.0
0.60245,1.0
0.620014,1.0
0.611119,1.0
0.565009,1.0
0.597876,1.0
0.583136,1.0
0.56656,0.0
0.614906,0.0
0.618439,1.0
0.570127,1.0
0.585886,1.0
0.619104,1.0
0.567385,1.0
0.565518,1.0
0.58534,1.0
0.580232,0.0
0.617015,0.0
0.587318,0.0
0.602376,1.0
0.571836,1.0
0.56179,0.0
0.558118,1.0
0.600655,1.0
0.599592,1.0
0.622821,1.0
0.564257,1.0
0.58517,0.0
0.624891,0.0
0.568283,1.0
0.568175,1.0
0.621545,1.0
0.601555,1.0
0.568187,1.0
0.567238,1.0
0.601387,1.0
0.58223,1.0
0.584879,1.0
0.559675,1.0
0.583534,0.0
0.624264,1.0
0.614649,0.0
0.599197,0.0
0.579391,0.0
0.570007,1.0
0.622401,0.0
0.618555,1.0
0.621571,0.0
0.624851,1.0
0.571209,1.0
0.620608,0.0
0.570899,0.0
0.601131,0.0
0.566986,1.0
0.615989,1.0
0.601554,0.0
0.623547,1.0
0.582054,1.0
0.569541,1.0
0.626674,1.0
0.566383,1.0
0.619059,1.0
0.558835,1.0
0.622212,0.0
0.585268,0.0
0.569137,0.0
0.621551,1.0
0.569282,1.0
0.565892,1.0
0.854424,1.0
0.836469,1.0
0.881812,1.0
0.883348,0.0
0.887268,1.0
0.883921,1.0
0.8189,0.0
0.429413,0.0
0.420538,1.0
0.900579,1.0
0.325224,1.0
0.42511,0.0
0.902332,1.0
0.452436,1.0
0.444204,1.0
0.88592,0.0
0.89063,1.0
0.889877,0.0
0.424575,0.0
0.463799,0.0
0.804476,1.0
0.856195,1.0
0.794583,1.0
0.433944,0.0
0.342591,0.0
0.341896,0.0
0.845681,1.0
0.853529,1.0
0.334218,0.0
0.858162,1.0
0.865084,1.0
0.339256,1.0
0.329808,0.0
0.837784,1.0
0.781287,1.0
0.868106,1.0
0.351767,0.0
0.439774,0.0
0.889697,1.0
0.791702,1.0
0.833879,1.0
0.893095,1.0
0.429589,1.0
0.818343,1.0
0.894404,1.0
0.884458,1.0
0.424751,1.0
0.456592,0.0
0.827081,1.0
0.413892,1.0
0.330139,0.0
0.898218,1.0
0.867181,0.0
0.837359,1.0
0.342755,0.0
0.339237,0.0
0.828324,1.0
0.865359,0.0
0.423922,1.0
0.874971,1.0
0.898822,1.0
0.883776,1.0
0.849864,1.0
0.334066,0.0
0.898069,1.0
0.879461,0.0
0.329042,1.0
0.440332,0.0
0.429231,0.0
0.857164,1.0
0.439273,0.0
0.841524,1.0
0.763857,1.0
0.341724,0.0
0.458428,0.0
0.90718,0.0
0.8523,1.0
0.831833,1.0
0.860059,1.0
0.854656,0.0
0.878726,1.0
0.829014,1.0
0.911031,1.0
0.332064,0.0
0.878205,1.0
0.755155,0.0
0.325424,1.0
0.856275,1.0
0.441243,1.0
0.890247,1.0
0.879161,0.0
0.889399,1.0
0.815795,1.0
0.82,1.0
0.844037,1.0
0.424004,0.0
0.887743,1.0
0.854669,1.0
0.903677,1.0
0.887059,1.0
0.622679,1.0
0.620446,0.0
0.566267,1.0
0.569743,1.0
0.567254,0.0
0.566768,0.0
0.620883,1.0
0.598716,1.0
0.584407,0.0
0.568929,0.0
0.600874,1.0
0.598201,0.0
0.569174,1.0
0.575197,0.0
0.577181,0.0
0.56991,1.0
0.56755,1.0
0.570442,1.0
0.600206,1.0
0.590837,0.0
0.618315,1.0
0.6247,1.0
0.61881,0.0
0.597215,1.0
0.612581,0.0
0.612528,1.0
0.623905,0.0
0.561915,0.0
0.613517,0.0
0.62394,1.0
0.563658,1.0
0.598702,1.0
0.6141,1.0
0.621549,0.0
0.612752,1.0
0.564151,1.0
0.61015,1.0
0.597578,1.0
0.567607,1.0
0.617813,0.0
0.620053,1.0
0.567892,0.0
0.582055,1.0
0.621326,1.0
0.56809,1.0
0.566671,1.0
0.58368,1.0
0.591515,1.0
0.618596,1.0
0.585438,1.0
0.614064,0.0
0.568616,0.0
0.567415,0.0
0.558811,1.0
0.611298,1.0
0.613198,1.0
0.620745,1.0
0.566948,0.0
0.583646,1.0
0.624562,0.0
0.568694,1.0
0.566552,1.0
0.622555,1.0
0.612819,1.0
0.568603,0.0
0.568998,1.0
0.600644,1.0
0.597666,1.0
0.59938,1.0
0.562368,0.0
0.595356,1.0
0.621718,1.0
0.613317,1.0
0.612662,0.0
0.591165,1.0
0.572636,1.0
0.623056,1.0
0.620255,1.0
0.621896,1.0
0.62669,1.0
0.56578,1.0
0.62233,0.0
0.570508,1.0
0.613877,1.0
0.565716,1.0
0.617038,1.0
0.601471,0.0
0.624296,0.0
0.580667,1.0
0.567492,1.0
0.62587,1.0
0.567386,1.0
0.621351,1.0
0.555287,1.0
0.623337,1.0
0.600146,0.0
0.567313,1.0
0.622374,1.0
0.569347,1.0
0.56705,1.0
0.496091,1.0
0.499036,0.0
0.504871,1.0
0.505481,1.0
0.506222,0.0
0.506681,0.0
0.501027,0.0
0.537445,0.0
0.53883,0.0
0.504562,0.0
0.53535,1.0
0.53597,1.0
0.502349,0.0
0.540437,1.0
0.540075,0.0
0.504997,0.0
0.503719,1.0
0.504529,1.0
0.536875,0.0
0.538381,1.0
0.502241,1.0
0.49623,0.0
0.505578,1.0
0.537868,1.0
0.53158,1.0
0.532793,0.0
0.498813,0.0
0.510245,1.0
0.531332,0.0
0.495534,1.0
0.50692,1.0
0.535926,1.0
0.53237,0.0
0.499297,1.0
0.50483,0.0
0.506588,1.0
0.53345,1.0
0.53789,1.0
0.504002,1.0
0.505736,0.0
0.498134,0.0
0.505378,1.0
0.540594,1.0
0.50122,1.0
0.503323,1.0
0.50464,0.0
0.540299,0.0
0.539251,1.0
0.499012,1.0
0.53943,1.0
0.531301,0.0
0.504988,0.0
0.50926,0.0
0.51047,1.0
0.533113,1.0
0.532616,0.0
0.499388,0.0
0.509419,0.0
0.539944,0.0
0.494916,1.0
0.502747,0.0
0.504543,0.0
0.496251,1.0
0.532688,1.0
0.504946,1.0
0.505699,0.0
0.535437,1.0
0.537805,0.0
0.537193,1.0
0.509891,1.0
0.537968,1.0
0.498403,0.0
0.508473,1.0
0.531559,0.0
0.539333,0.0
0.502328,0.0
0.496366,1.0
0.498514,1.0
0.494656,0.0
0.497976,0.0
0.505343,0.0
0.500941,1.0
0.501338,1.0
0.53231,1.0
0.505231,1.0
0.511229,1.0
0.53409,1.0
0.497255,1.0
0.541245,1.0
0.503749,0.0
0.494268,1.0
0.503983,1.0
0.501807,1.0
0.512894,1.0
0.497233,0.0
0.535417,0.0
0.504123,1.0
0.495256,0.0
0.502139,0.0
0.504286,1.0
0.542468,0.0
0.537436,0.0
0.540665,1.0
0.540344,1.0
0.536692,1.0
0.536462,1.0
0.535183,0.0
0.535618,1.0
0.539647,0.0
0.537602,0.0
0.537064,1.0
0.535362,1.0
0.537677,0.0
0.542245,1.0
0.541336,0.0
0.536224,1.0
0.541112,1.0
0.540738,1.0
0.53514,0.0
0.536745,1.0
0.539484,0.0
0.540343,1.0
0.539529,1.0
0.536196,1.0
0.532878,1.0
0.533185,1.0
0.539449,1.0
0.538981,0.0
0.5327,0.0
0.543247,1.0
0.539682,1.0
0.537471,1.0
0.532999,0.0
0.54151,1.0
0.532325,1.0
0.539865,1.0
0.533782,1.0
0.535802,1.0
0.54106,1.0
0.534804,0.0
0.537381,0.0
0.541292,1.0
0.541622,1.0
0.541429,1.0
0.541329,1.0
0.536503,1.0
0.540731,1.0
0.537439,0.0
0.53975,1.0
0.540359,1.0
0.532695,0.0
0.537396,0.0
0.534812,1.0
0.537858,1.0
0.53363,1.0
0.533057,1.0
0.537504,1.0
0.53467,0.0
0.540447,1.0
0.543532,0.0
0.537455,0.0
0.536427,0.0
0.542346,1.0
0.533368,1.0
0.541571,0.0
0.535722,0.0
0.537072,1.0
0.535555,0.0
0.535447,1.0
0.539271,1.0
0.536446,1.0
0.538497,1.0
0.536174,1.0
0.532779,0.0
0.537287,1.0
0.537658,0.0
0.542613,1.0
0.540837,1.0
0.538988,0.0
0.53968,0.0
0.535996,0.0
0.541889,1.0
0.542098,1.0
0.533059,1.0
0.540441,1.0
0.535676,1.0
0.536352,1.0
0.543311,0.0
0.541905,1.0
0.53687,0.0
0.542656,0.0
0.541075,1.0
0.541438,0.0
0.536447,1.0
0.539257,1.0
0.534551,0.0
0.540933,0.0
0.539081,0.0
0.53776,0.0
0.540954,1.0
0.877974,1.0
0.869861,1.0
0.900465,1.0
0.897404,0.0
0.903966,1.0
0.902325,1.0
0.855165,1.0
0.381345,1.0
0.419913,0.0
0.913518,1.0
0.409576,1.0
0.384945,1.0
0.914939,1.0
0.49575,0.0
0.466302,1.0
0.901512,1.0
0.904627,1.0
0.901085,1.0
0.372679,1.0
0.390672,1.0
0.851327,1.0
0.875908,1.0
0.838918,1.0
0.389884,0.0
0.374509,1.0
0.373603,0.0
0.870334,1.0
0.887226,1.0
0.364638,1.0
0.875834,1.0
0.891466,1.0
0.412293,0.0
0.367591,1.0
0.864863,1.0
0.830148,1.0
0.89311,1.0
0.38101,1.0
0.38502,0.0
0.90403,1.0
0.842879,1.0
0.869184,1.0
0.905045,1.0
0.455324,0.0
0.855018,1.0
0.906474,1.0
0.903553,1.0
0.436519,1.0
0.392911,1.0
0.859306,1.0
0.437738,1.0
0.364692,0.0
0.912123,0.0
0.890418,1.0
0.874116,1.0
0.380655,1.0
0.372877,1.0
0.861001,1.0
0.892976,1.0
0.434184,1.0
0.885907,1.0
0.913471,1.0
0.906565,1.0
0.87197,1.0
0.379369,0.0
0.910713,1.0
0.901561,1.0
0.409155,1.0
0.37326,1.0
0.384029,0.0
0.88614,1.0
0.392403,0.0
0.867263,1.0
0.814795,1.0
0.364582,0.0
0.392682,1.0
0.914712,1.0
0.87274,1.0
0.862426,1.0
0.88152,1.0
0.874865,0.0
0.90355,0.0
0.860453,1.0
0.913358,1.0
0.377379,0.0
0.898545,1.0
0.800823,1.0
0.402968,0.0
0.878887,1.0
0.453101,0.0
0.909586,1.0
0.883883,0.0
0.904141,1.0
0.858171,1.0
0.860373,1.0
0.870581,1.0
0.36839,0.0
0.906409,1.0
0.879864,1.0
0.915506,1.0
0.903024,1.0
0.512932,1.0
0.512932,0.0
0.512932,1.0
0.512932,1.0
0.512932,0.0
0.512932,1.0
0.512932,0.0
0.512932,1.0
0.512932,1.0
0.512932,0.0
0.512932,1.0
0.512932,1.0
0.512932,1.0
0.512932,0.0
0.512932,0.0
0.512932,1.0
0.512932,1.0
0.512932,0.0
0.512932,1.0
0.512932,0.0
0.512932,0.0
0.512932,0.0
0.512932,1.0
0.512932,1.0
0.512932,0.0
0.512932,0.0
0.512932,0.0
0.512932,1.0
0.512932,1.0
0.512932,0.0
0.512932,1.0
0.512932,0.0
0.512932,1.0
0.512932,1.0
0.512932,1.0
0.512932,0.0
0.512932,0.0
0.512932,0.0
0.512932,0.0
0.512932,0.0
0.512932,1.0
0.512932,0.0
0.512932,0.0
0.512932,0.0
0.512932,0.0
0.512932,1.0
0.512932,1.0
0.512932,1.0
0.512932,1.0
0.512932,1.0
0.512932,0.0
0.512932,1.0
0.512932,0.0
0.512932,0.0
0.512932,0.0
0.512932,1.0
0.512932,0.0
0.512932,0.0
0.512932,1.0
0.512932,1.0
0.512932,0.0
0.512932,1.0
0.512932,1.0
0.512932,0.0
0.512932,1.0
0.512932,0.0
0.512932,0.0
0.512932,1.0
0.512932,0.0
0.512932,1.0
0.512932,0.0
0.512932,0.0
0.512932,0.0
0.512932,0.0
0.512932,1.0
0.512932,0.0
0.512932,0.0
0.512932,1.0
0.512932,0.0
0.512932,0.0
0.512932,1.0
0.512932,1.0
0.512932,1.0
0.512932,0.0
0.512932,1.0
0.512932,0.0
0.512932,0.0
0.512932,0.0
0.512932,1.0
0.512932,0.0
0.512932,0.0
0.512932,0.0
0.512932,1.0
0.512932,1.0
0.512932,0.0
0.512932,1.0
0.512932,0.0
0.512932,1.0
0.512932,0.0
0.512932,0.0
0.518569,1.0
0.493895,0.0
0.518569,1.0
0.518569,1.0
0.493895,1.0
0.518569,1.0
0.493895,0.0
0.518569,1.0
0.518569,0.0
0.493895,1.0
0.518569,1.0
0.518569,1.0
0.518569,1.0
0.493895,1.0
0.493895,0.0
0.518569,1.0
0.518569,1.0
0.493895,0.0
0.518569,1.0
0.493895,0.0
0.493895,0.0
0.493895,0.0
0.518569,1.0
0.518569,0.0
0.493895,1.0
0.493895,0.0
0.493895,0.0
0.518569,1.0
0.518569,1.0
0.493895,0.0
0.518569,1.0
0.493895,1.0
0.518569,1.0
0.518569,1.0
0.518569,1.0
0.493895,1.0
0.493895,1.0
0.493895,0.0
0.493895,1.0
0.493895,1.0
0.518569,1.0
0.493895,0.0
0.493895,0.0
0.493895,0.0
0.493895,0.0
0.518569,0.0
0.518569,1.0
0.518569,1.0
0.518569,1.0
0.518569,1.0
0.493895,0.0
0.518569,0.0
0.493895,0.0
0.493895,1.0
0.493895,1.0
0.518569,0.0
0.493895,0.0
0.493895,1.0
0.518569,0.0
0.518569,1.0
0.493895,1.0
0.518569,1.0
0.518569,1.0
0.493895,1.0
0.518569,0.0
0.493895,0.0
0.493895,1.0
0.518569,0.0
0.493895,0.0
0.518569,1.0
0.493895,0.0
0.493895,1.0
0.493895,1.0
0.493895,1.0
0.518569,1.0
0.493895,1.0
0.493895,0.0
0.518569,1.0
0.493895,0.0
0.493895,0.0
0.518569,1.0
0.518569,1.0
0.518569,1.0
0.493895,1.0
0.518569,1.0
0.493895,0.0
0.493895,1.0
0.493895,0.0
0.518569,0.0
0.493895,1.0
0.493895,0.0
0.493895,0.0
0.518569,0.0
0.518569,0.0
0.493895,0.0
0.518569,1.0
0.493895,1.0
0.518569,0.0
0.493895,0.0
0.493895,0.0
0.499922,1.0
0.532489,0.0
0.499922,1.0
0.499922,0.0
0.511904,0.0
0.499922,1.0
0.532489,1.0
0.499922,1.0
0.521149,1.0
0.511904,1.0
0.499922,1.0
0.499922,1.0
0.499922,1.0
0.511904,1.0
0.532489,1.0
0.499922,1.0
0.499922,1.0
0.532489,1.0
0.499922,0.0
0.532489,1.0
0.532489,0.0
0.532489,0.0
0.499922,1.0
0.521149,1.0
0.511904,1.0
0.532489,1.0
0.532489,1.0
0.499922,0.0
0.499922,1.0
0.532489,1.0
0.499922,1.0
0.511904,1.0
0.499922,0.0
0.499922,1.0
0.499922,1.0
0.511904,1.0
0.511904,1.0
0.532489,1.0
0.511904,1.0
0.511904,0.0
0.499922,1.0
0.532489,1.0
0.532489,1.0
0.532489,1.0
0.532489,1.0
0.521149,1.0
0.499922,1.0
0.499922,1.0
0.499922,0.0
0.499922,0.0
0.532489,1.0
0.521149,1.0
0.532489,1.0
0.511904,1.0
0.511904,0.0
0.521149,1.0
0.532489,1.0
0.511904,1.0
0.521149,1.0
0.499922,1.0
0.511904,1.0
0.499922,1.0
0.499922,1.0
0.511904,0.0
0.521149,1.0
0.532489,1.0
0.511904,1.0
0.521149,1.0
0.532489,0.0
0.499922,1.0
0.532489,1.0
0.511904,1.0
0.511904,0.0
0.511904,1.0
0.499922,1.0
0.511904,0.0
0.532489,1.0
0.499922,1.0
0.532489,1.0
0.532489,1.0
0.499922,1.0
0.499922,0.0
0.499922,0.0
0.511904,1.0
0.499922,1.0
0.532489,0.0
0.511904,1.0
0.532489,1.0
0.521149,1.0
0.511904,1.0
0.532489,1.0
0.532489,1.0
0.521149,1.0
0.521149,0.0
0.532489,0.0
0.499922,1.0
0.511904,0.0
0.521149,1.0
0.532489,1.0
0.532489,0.0
0.564084,1.0
0.576364,1.0
0.564084,1.0
0.581833,1.0
0.580036,1.0
0.564084,0.0
0.558531,0.0
0.564084,0.0
0.560397,1.0
0.562203,1.0
0.564084,1.0
0.564084,1.0
0.564084,1.0
0.562203,0.0
0.558531,0.0
0.564084,1.0
0.564084,1.0
0.558531,1.0
0.581833,0.0
0.558531,0.0
0.576364,0.0
0.576364,0.0
0.564084,1.0
0.560397,1.0
0.562203,1.0
0.558531,0.0
0.558531,0.0
0.581833,1.0
0.564084,1.0
0.558531,1.0
0.564084,0.0
0.562203,1.0
0.581833,1.0
0.564084,1.0
0.564084,0.0
0.562203,1.0
0.562203,0.0
0.558531,1.0
0.562203,0.0
0.580036,1.0
0.564084,0.0
0.558531,0.0
0.558531,0.0
0.558531,0.0
0.558531,0.0
0.560397,1.0
0.564084,0.0
0.564084,1.0
0.581833,1.0
0.581833,0.0
0.558531,0.0
0.560397,1.0
0.558531,1.0
0.562203,0.0
0.580036,1.0
0.560397,1.0
0.558531,1.0
0.562203,1.0
0.560397,1.0
0.564084,0.0
0.562203,1.0
0.564084,0.0
0.564084,1.0
0.580036,1.0
0.560397,1.0
0.558531,1.0
0.562203,1.0
0.560397,1.0
0.576364,1.0
0.564084,1.0
0.558531,1.0
0.562203,0.0
0.580036,0.0
0.562203,1.0
0.564084,1.0
0.580036,0.0
0.558531,0.0
0.564084,0.0
0.558531,1.0
0.558531,1.0
0.564084,1.0
0.581833,0.0
0.581833,1.0
0.562203,0.0
0.564084,0.0
0.576364,0.0
0.562203,0.0
0.558531,1.0
0.560397,1.0
0.562203,1.0
0.558531,1.0
0.558531,1.0
0.560397,1.0
0.578189,1.0
0.576364,0.0
0.564084,1.0
0.580036,1.0
0.560397,1.0
0.558531,0.0
0.576364,1.0
0.543453,0.0
0.544227,1.0
0.543453,1.0
0.542573,1.0
0.543012,1.0
0.54289,1.0
0.545091,0.0
0.54289,1.0
0.544676,0.0
0.544438,1.0
0.543453,0.0
0.543453,1.0
0.543453,0.0
0.543864,0.0
0.545091,1.0
0.543453,0.0
0.543453,1.0
0.54565,1.0
0.541606,1.0
0.545091,1.0
0.543231,1.0
0.543231,1.0
0.543453,1.0
0.544676,0.0
0.544438,0.0
0.545091,1.0
0.545091,1.0
0.542573,0.0
0.543453,1.0
0.54565,1.0
0.54289,0.0
0.544438,1.0
0.542573,1.0
0.543453,1.0
0.54289,1.0
0.544438,1.0
0.543864,0.0
0.54565,1.0
0.543864,1.0
0.543012,1.0
0.54289,1.0
0.545091,0.0
0.545091,1.0
0.545091,1.0
0.545091,1.0
0.544676,0.0
0.54289,0.0
0.543453,0.0
0.542573,0.0
0.541606,1.0
0.545091,1.0
0.544676,1.0
0.54565,0.0
0.543864,0.0
0.543012,1.0
0.544676,1.0
0.54565,0.0
0.544438,1.0
0.544676,0.0
0.54289,1.0
0.544438,1.0
0.54289,1.0
0.543453,1.0
0.543012,0.0
0.544676,1.0
0.54565,1.0
0.544438,1.0
0.544676,1.0
0.544227,1.0
0.543453,1.0
0.54565,1.0
0.543864,0.0
0.542024,1.0
0.544438,0.0
0.543453,0.0
0.542024,1.0
0.545091,1.0
0.54289,0.0
0.54565,1.0
0.54565,1.0
0.543453,1.0
0.541606,0.0
0.542573,1.0
0.543864,1.0
0.54289,1.0
0.543231,1.0
0.543864,1.0
0.54565,0.0
0.544676,1.0
0.544438,0.0
0.54565,0.0
0.54565,0.0
0.544676,1.0
0.543769,0.0
0.543231,1.0
0.543453,1.0
0.543012,1.0
0.544676,1.0
0.545091,0.0
0.544227,1.0
0.558431,0.0
0.592213,1.0
0.561355,1.0
0.589872,0.0
0.591435,1.0
0.559573,0.0
0.556417,1.0
0.559573,0.0
0.557136,1.0
0.561874,1.0
0.558431,1.0
0.561355,1.0
0.558431,1.0
0.557709,1.0
0.559029,1.0
0.558431,0.0
0.561355,1.0
0.560573,1.0
0.59074,1.0
0.559029,1.0
0.593204,1.0
0.593204,0.0
0.561355,1.0
0.557136,1.0
0.559142,1.0
0.559029,0.0
0.559029,1.0
0.589411,1.0
0.561355,1.0
0.560573,1.0
0.556741,0.0
0.561874,1.0
0.589872,0.0
0.561355,1.0
0.559573,0.0
0.561874,1.0
0.557709,0.0
0.560573,1.0
0.560345,0.0
0.591435,0.0
0.559573,0.0
0.556417,1.0
0.559029,1.0
0.559029,1.0
0.559029,0.0
0.557136,1.0
0.556741,0.0
0.558431,1.0
0.589411,1.0
0.59074,1.0
0.559029,0.0
0.560037,1.0
0.557866,1.0
0.557709,0.0
0.591435,1.0
0.560037,1.0
0.557866,1.0
0.561874,0.0
0.557136,1.0
0.559573,1.0
0.561874,1.0
0.559573,1.0
0.561355,1.0
0.591082,1.0
0.560037,1.0
0.560573,1.0
0.561874,1.0
0.560037,1.0
0.592213,1.0
0.561355,0.0
0.560573,1.0
0.557709,1.0
0.592366,1.0
0.559142,1.0
0.558431,0.0
0.592366,1.0
0.559029,0.0
0.556741,0.0
0.560573,1.0
0.560573,1.0
0.561355,1.0
0.590347,1.0
0.589872,1.0
0.560345,1.0
0.559573,0.0
0.593204,1.0
0.560345,1.0
0.557866,1.0
0.560037,1.0
0.559142,1.0
0.557866,0.0
0.557866,1.0
0.560037,1.0
0.590209,1.0
0.593204,0.0
0.561355,0.0
0.591435,1.0
0.560037,1.0
0.556417,1.0
0.592213,1.0
0.565903,1.0
0.579975,0.0
0.576764,0.0
0.577546,1.0
0.579776,1.0
0.562798,0.0
0.571381,1.0
0.562798,1.0
0.574498,1.0
0.578497,1.0
0.573481,0.0
0.576764,0.0
0.573481,1.0
0.570479,1.0
0.573831,1.0
0.565903,0.0
0.576764,1.0
0.579548,0.0
0.579497,0.0
0.573831,1.0
0.57982,1.0
0.578072,1.0
0.576764,1.0
0.574498,0.0
0.57545,1.0
0.56695,1.0
0.573831,0.0
0.579382,1.0
0.576764,1.0
0.579548,1.0
0.560491,0.0
0.578497,1.0
0.577546,1.0
0.576764,0.0
0.562798,0.0
0.578497,0.0
0.563825,1.0
0.579548,0.0
0.565871,1.0
0.577761,1.0
0.562798,1.0
0.571381,0.0
0.573831,0.0
0.573831,1.0
0.56695,1.0
0.574498,1.0
0.560491,1.0
0.573481,1.0
0.579382,1.0
0.579497,1.0
0.56695,1.0
0.577822,0.0
0.576448,0.0
0.563825,0.0
0.579776,0.0
0.577822,0.0
0.576448,1.0
0.571217,1.0
0.574498,1.0
0.570444,1.0
0.578497,1.0
0.570444,0.0
0.576764,0.0
0.579481,0.0
0.577822,0.0
0.579548,1.0
0.578497,1.0
0.577822,1.0
0.579975,0.0
0.568886,0.0
0.579548,0.0
0.570479,1.0
0.579585,0.0
0.57545,1.0
0.565903,1.0
0.579585,0.0
0.56695,1.0
0.560491,1.0
0.579548,1.0
0.579548,1.0
0.576764,1.0
0.579208,1.0
0.579748,1.0
0.572886,1.0
0.562798,1.0
0.57982,0.0
0.572886,1.0
0.576448,1.0
0.577822,1.0
0.57545,1.0
0.569614,1.0
0.576448,1.0
0.577822,1.0
0.579619,1.0
0.578072,0.0
0.568886,0.0
0.579776,0.0
0.577822,1.0
0.571381,1.0
0.579975,1.0
0.592671,1.0
0.561044,0.0
0.535311,0.0
0.595062,1.0
0.595483,1.0
0.519723,1.0
0.598002,1.0
0.589325,1.0
0.601888,1.0
0.605897,1.0
0.532637,0.0
0.535311,1.0
0.601051,1.0
0.597311,1.0
0.600596,1.0
0.52404,1.0
0.605081,1.0
0.541974,1.0
0.559901,1.0
0.600596,1.0
0.5947,1.0
0.593989,1.0
0.605081,1.0
0.53478,0.0
0.602313,1.0
0.593674,1.0
0.536423,0.0
0.59543,1.0
0.605081,0.0
0.606585,1.0
0.519562,1.0
0.605897,1.0
0.595062,1.0
0.535311,1.0
0.519723,0.0
0.539936,0.0
0.590942,1.0
0.541974,1.0
0.592642,1.0
0.594636,1.0
0.589325,1.0
0.53565,1.0
0.536423,0.0
0.600596,1.0
0.593674,0.0
0.601888,1.0
0.587066,0.0
0.601051,0.0
0.59543,1.0
0.595539,1.0
0.593674,1.0
0.53747,0.0
0.539783,1.0
0.527691,0.0
0.56025,0.0
0.53747,0.0
0.602951,0.0
0.597994,1.0
0.601888,1.0
0.597795,0.0
0.605897,0.0
0.52822,1.0
0.535311,0.0
0.560889,1.0
0.53747,0.0
0.606585,1.0
0.605897,1.0
0.605941,0.0
0.561044,1.0
0.525726,1.0
0.541974,0.0
0.597311,1.0
0.560675,1.0
0.602313,1.0
0.592671,1.0
0.560675,0.0
0.593674,0.0
0.587066,1.0
0.606585,1.0
0.606585,1.0
0.605081,1.0
0.595,1.0
0.596012,1.0
0.599873,1.0
0.589325,1.0
0.561455,1.0
0.599873,1.0
0.602951,0.0
0.605941,1.0
0.602313,0.0
0.596042,1.0
0.602951,1.0
0.605941,1.0
0.595081,1.0
0.561849,0.0
0.525726,0.0
0.56025,0.0
0.605941,0.0
0.598002,1.0
0.595118,1.0
0.503757,1.0
0.605951,0.0
0.52723,1.0
0.576852,1.0
0.576683,1.0
0.515886,1.0
0.483918,0.0
0.509242,1.0
0.498813,1.0
0.499268,0.0
0.515851,1.0
0.524859,1.0
0.507342,1.0
0.488666,1.0
0.488334,1.0
0.510055,1.0
0.518202,1.0
0.496817,1.0
0.590932,0.0
0.488334,0.0
0.582122,0.0
0.585634,0.0
0.518202,1.0
0.506886,1.0
0.49065,0.0
0.48614,0.0
0.497327,0.0
0.576532,1.0
0.52009,1.0
0.491219,0.0
0.505298,0.0
0.499268,1.0
0.576852,1.0
0.524859,0.0
0.518144,0.0
0.50739,1.0
0.48713,1.0
0.496817,0.0
0.492351,0.0
0.580432,0.0
0.509242,1.0
0.491541,0.0
0.497327,0.0
0.488334,0.0
0.488867,0.0
0.498813,1.0
0.501534,0.0
0.509401,1.0
0.576532,1.0
0.575514,0.0
0.48614,0.0
0.517907,1.0
0.490502,0.0
0.497498,0.0
0.602854,1.0
0.517907,0.0
0.486426,0.0
0.49585,0.0
0.498813,1.0
0.514996,0.0
0.501244,0.0
0.519373,1.0
0.52723,1.0
0.595001,1.0
0.517907,1.0
0.491219,0.0
0.499268,0.0
0.511343,1.0
0.595016,0.0
0.521599,0.0
0.499229,1.0
0.488666,1.0
0.594169,0.0
0.49065,1.0
0.503757,1.0
0.605056,1.0
0.488867,0.0
0.498917,1.0
0.491219,0.0
0.491219,1.0
0.518202,1.0
0.578874,1.0
0.57293,0.0
0.495178,1.0
0.509242,1.0
0.597019,0.0
0.495178,0.0
0.486426,0.0
0.509584,0.0
0.49294,0.0
0.482225,0.0
0.484064,1.0
0.509584,1.0
0.57978,0.0
0.611292,0.0
0.523889,1.0
0.602854,1.0
0.511343,1.0
0.483918,0.0
0.579926,1.0
0.677717,1.0
0.404853,0.0
0.750893,1.0
0.390973,0.0
0.391901,0.0
0.721977,1.0
0.612393,1.0
0.685637,0.0
0.666893,0.0
0.662811,1.0
0.742874,1.0
0.71799,0.0
0.677226,1.0
0.625344,0.0
0.633325,1.0
0.714898,0.0
0.686909,1.0
0.682822,1.0
0.419396,1.0
0.639069,1.0
0.414774,1.0
0.411332,0.0
0.686909,1.0
0.732762,1.0
0.644974,1.0
0.634112,1.0
0.696282,1.0
0.391787,0.0
0.714585,1.0
0.650181,1.0
0.708019,1.0
0.660099,1.0
0.390973,0.0
0.714522,0.0
0.746763,1.0
0.724929,0.0
0.618243,0.0
0.683274,1.0
0.651429,0.0
0.415343,0.0
0.685637,1.0
0.647055,1.0
0.696282,1.0
0.639069,1.0
0.650652,1.0
0.666893,1.0
0.697599,1.0
0.703427,1.0
0.391787,0.0
0.420215,0.0
0.634112,1.0
0.744323,1.0
0.662711,1.0
0.678818,0.0
0.38256,0.0
0.740394,1.0
0.641892,1.0
0.661434,1.0
0.666893,1.0
0.711262,0.0
0.682978,0.0
0.718822,1.0
0.750893,1.0
0.388601,1.0
0.744323,1.0
0.650181,1.0
0.662811,1.0
0.705199,1.0
0.414984,1.0
0.71886,0.0
0.709627,1.0
0.625344,1.0
0.416254,0.0
0.640007,0.0
0.677717,0.0
0.380698,1.0
0.650652,1.0
0.670771,0.0
0.650181,0.0
0.645874,0.0
0.686909,1.0
0.390224,0.0
0.422098,1.0
0.650515,0.0
0.685637,1.0
0.413296,1.0
0.654352,1.0
0.641892,1.0
0.680171,1.0
0.662219,1.0
0.621919,0.0
0.620937,1.0
0.67959,1.0
0.416139,0.0
0.399384,0.0
0.753644,1.0
0.38256,0.0
0.705199,1.0
0.612393,1.0
0.38915,1.0
0.684854,0.0
0.34345,0.0
0.723948,1.0
0.326574,0.0
0.327213,1.0
0.721353,1.0
0.63335,1.0
0.653955,0.0
0.63553,1.0
0.678276,1.0
0.729429,0.0
0.687542,0.0
0.681149,1.0
0.593336,0.0
0.657721,1.0
0.692617,1.0
0.681621,1.0
0.706496,1.0
0.430183,0.0
0.661313,1.0
0.421973,1.0
0.337349,1.0
0.681621,1.0
0.732578,1.0
0.666004,1.0
0.658892,1.0
0.740037,1.0
0.327092,0.0
0.700974,1.0
0.668629,1.0
0.72983,1.0
0.673102,1.0
0.326574,0.0
0.694362,0.0
0.742393,1.0
0.707589,0.0
0.5859,1.0
0.710614,1.0
0.621677,0.0
0.339101,1.0
0.688604,1.0
0.693664,1.0
0.740037,1.0
0.661313,1.0
0.695024,1.0
0.677195,1.0
0.721608,0.0
0.705452,1.0
0.327092,0.0
0.341588,0.0
0.658892,0.0
0.726409,1.0
0.701959,0.0
0.694,1.0
0.333131,0.0
0.736894,1.0
0.681605,1.0
0.679746,1.0
0.677195,1.0
0.68301,0.0
0.661235,0.0
0.716335,1.0
0.723948,1.0
0.408965,0.0
0.726409,1.0
0.668629,0.0
0.678276,0.0
0.701109,1.0
0.426799,0.0
0.700422,1.0
0.733564,0.0
0.652833,0.0
0.344476,0.0
0.609074,0.0
0.646981,0.0
0.410098,0.0
0.695024,1.0
0.644125,1.0
0.616158,0.0
0.614007,0.0
0.681621,1.0
0.326497,0.0
0.426397,1.0
0.621956,0.0
0.688604,1.0
0.425621,0.0
0.674768,1.0
0.681605,0.0
0.68715,1.0
0.697268,0.0
0.577629,0.0
0.644897,1.0
0.679816,1.0
0.339533,0.0
0.340037,0.0
0.726848,1.0
0.333131,0.0
0.701109,1.0
0.63335,0.0
0.404282,0.0
0.678728,0.0
0.288674,0.0
0.775365,1.0
0.278309,0.0
0.344282,0.0
0.755727,1.0
0.658136,1.0
0.67567,0.0
0.688836,1.0
0.692257,1.0
0.756687,0.0
0.725621,0.0
0.703816,1.0
0.574856,0.0
0.683551,1.0
0.748356,0.0
0.707941,0.0
0.729645,0.0
0.369972,0.0
0.68225,1.0
0.446629,0.0
0.347242,1.0
0.707941,1.0
0.761776,1.0
0.685056,1.0
0.682674,1.0
0.74917,1.0
0.278475,0.0
0.740795,1.0
0.685612,1.0
0.742461,0.0
0.694747,0.0
0.278309,0.0
0.713907,0.0
0.762485,0.0
0.744642,0.0
0.628765,0.0
0.724666,1.0
0.617048,0.0
0.347544,1.0
0.712451,0.0
0.724274,1.0
0.74917,1.0
0.68225,1.0
0.725419,1.0
0.698489,0.0
0.714578,1.0
0.736271,1.0
0.278475,0.0
0.280659,0.0
0.63329,0.0
0.769625,0.0
0.690829,0.0
0.756411,0.0
0.287914,0.0
0.759512,0.0
0.713118,1.0
0.694667,0.0
0.698489,1.0
0.706491,0.0
0.67775,0.0
0.752336,1.0
0.775365,1.0
0.358854,0.0
0.769625,1.0
0.644543,0.0
0.657635,1.0
0.733837,1.0
0.367793,0.0
0.741524,1.0
0.737501,0.0
0.632822,1.0
0.284863,0.0
0.603906,0.0
0.665096,0.0
0.364642,1.0
0.725419,1.0
0.698669,1.0
0.607616,0.0
0.612693,0.0
0.707941,0.0
0.278485,0.0
0.449221,1.0
0.626322,0.0
0.712451,1.0
0.367101,0.0
0.691653,1.0
0.670533,0.0
0.698406,0.0
0.685665,1.0
0.53084,0.0
0.671703,0.0
0.703274,1.0
0.280361,0.0
0.287362,0.0
0.775859,1.0
0.287914,0.0
0.733837,0.0
0.597027,0.0
0.35295,0.0
0.587885,1.0
0.621112,1.0
0.538874,0.0
0.622196,0.0
0.609712,1.0
0.539701,0.0
0.563651,1.0
0.590421,1.0
0.583363,1.0
0.582008,1.0
0.540964,0.0
0.568011,1.0
0.584248,1.0
0.580871,1.0
0.574988,1.0
0.553312,0.0
0.59428,1.0
0.560048,1.0
0.610905,0.0
0.573556,1.0
0.593544,0.0
0.595078,0.0
0.587793,1.0
0.535181,0.0
0.575934,1.0
0.569259,0.0
0.532319,1.0
0.622192,1.0
0.553816,1.0
0.57853,1.0
0.544915,0.0
0.589665,0.0
0.622196,0.0
0.571244,1.0
0.539035,0.0
0.542077,0.0
0.574569,1.0
0.55347,1.0
0.579567,0.0
0.595103,0.0
0.586591,0.0
0.547208,0.0
0.532319,0.0
0.573556,0.0
0.545222,0.0
0.589314,0.0
0.542727,0.0
0.550062,1.0
0.622192,1.0
0.622518,0.0
0.576095,0.0
0.54219,0.0
0.563603,1.0
0.539592,0.0
0.620737,1.0
0.540003,1.0
0.552421,1.0
0.585622,0.0
0.582634,1.0
0.571335,1.0
0.57697,1.0
0.542947,0.0
0.538874,0.0
0.611881,1.0
0.537515,1.0
0.582917,1.0
0.579845,0.0
0.555327,1.0
0.611147,0.0
0.548557,1.0
0.538788,0.0
0.570083,0.0
0.621902,0.0
0.582376,1.0
0.589181,0.0
0.595892,0.0
0.545222,1.0
0.57866,0.0
0.58165,0.0
0.583966,1.0
0.59428,0.0
0.622162,0.0
0.576018,1.0
0.584469,0.0
0.578655,0.0
0.611217,1.0
0.577933,1.0
0.563814,0.0
0.591856,0.0
0.555894,1.0
0.584941,0.0
0.579703,0.0
0.586688,1.0
0.622469,1.0
0.62118,0.0
0.538347,0.0
0.620737,0.0
0.56443,1.0
0.574691,1.0
0.612811,1.0
0.525709,0.0
0.530293,0.0
0.516616,1.0
0.528978,1.0
0.533582,0.0
0.515534,0.0
0.532621,0.0
0.527779,1.0
0.526617,1.0
0.524639,0.0
0.517573,0.0
0.517148,0.0
0.522336,0.0
0.563988,0.0
0.52664,0.0
0.515432,0.0
0.522883,0.0
0.516976,0.0
0.532002,1.0
0.527352,0.0
0.537817,1.0
0.53569,1.0
0.52175,0.0
0.517876,0.0
0.526531,0.0
0.527483,0.0
0.51742,1.0
0.530033,1.0
0.514105,1.0
0.526442,1.0
0.516427,0.0
0.526462,1.0
0.528978,1.0
0.519319,1.0
0.518984,0.0
0.517859,0.0
0.550525,0.0
0.516661,1.0
0.549414,0.0
0.535689,1.0
0.522407,0.0
0.517421,0.0
0.518523,0.0
0.527804,1.0
0.517212,1.0
0.525511,0.0
0.516575,0.0
0.514531,0.0
0.530033,0.0
0.528902,0.0
0.541468,1.0
0.517409,1.0
0.522644,0.0
0.518301,0.0
0.530388,1.0
0.517125,1.0
0.519708,0.0
0.526696,0.0
0.523375,1.0
0.520927,0.0
0.528084,1.0
0.515037,0.0
0.516616,1.0
0.532863,0.0
0.515835,1.0
0.535678,1.0
0.528441,0.0
0.515072,1.0
0.531943,0.0
0.514596,1.0
0.518539,0.0
0.533043,0.0
0.52905,1.0
0.553956,1.0
0.530691,0.0
0.53568,1.0
0.516862,1.0
0.524801,0.0
0.555295,0.0
0.550121,0.0
0.523532,1.0
0.528987,1.0
0.541262,0.0
0.543441,0.0
0.520846,0.0
0.53302,1.0
0.525023,0.0
0.527797,0.0
0.525018,1.0
0.52155,0.0
0.548416,0.0
0.534512,0.0
0.522531,1.0
0.529969,0.0
0.529218,0.0
0.516978,0.0
0.52933,1.0
0.516543,0.0
0.559351,0.0
0.532603,1.0
0.674626,1.0
0.333376,0.0
0.726459,1.0
0.335085,0.0
0.351474,0.0
0.735955,1.0
0.676085,1.0
0.666175,1.0
0.671003,1.0
0.678922,1.0
0.737694,1.0
0.715211,1.0
0.679036,1.0
0.475949,0.0
0.679595,1.0
0.731921,0.0
0.673023,0.0
0.726047,1.0
0.340286,1.0
0.679429,1.0
0.37529,0.0
0.407168,0.0
0.676384,1.0
0.739886,1.0
0.679125,1.0
0.686032,1.0
0.742778,1.0
0.338444,0.0
0.720717,1.0
0.675104,1.0
0.744676,1.0
0.670515,1.0
0.335085,1.0
0.708036,0.0
0.746826,1.0
0.739228,0.0
0.624354,1.0
0.724754,1.0
0.63441,0.0
0.4069,0.0
0.684003,1.0
0.734606,1.0
0.746584,1.0
0.679838,1.0
0.731845,1.0
0.674914,1.0
0.741476,0.0
0.729609,1.0
0.333107,0.0
0.328255,0.0
0.65779,0.0
0.734489,1.0
0.709627,1.0
0.738838,1.0
0.340113,1.0
0.742006,0.0
0.720316,1.0
0.675742,1.0
0.675396,1.0
0.705868,1.0
0.679599,1.0
0.734205,1.0
0.726459,1.0
0.340226,0.0
0.729986,1.0
0.660476,0.0
0.679936,1.0
0.720287,1.0
0.334978,0.0
0.72864,1.0
0.746483,0.0
0.67501,1.0
0.334083,0.0
0.615149,0.0
0.667891,0.0
0.397838,1.0
0.728707,1.0
0.68341,1.0
0.607165,1.0
0.629889,0.0
0.671668,1.0
0.335135,0.0
0.488123,1.0
0.649129,0.0
0.690496,1.0
0.344539,0.0
0.680739,1.0
0.699715,0.0
0.672982,0.0
0.717447,1.0
0.305889,1.0
0.667636,1.0
0.673206,1.0
0.331756,0.0
0.330156,0.0
0.730254,1.0
0.336601,0.0
0.719901,1.0
0.546757,1.0
0.34466,0.0
0.722219,1.0
0.305777,1.0
0.808663,1.0
0.307271,0.0
0.313143,0.0
0.800214,1.0
0.705139,1.0
0.716546,1.0
0.71682,1.0
0.723238,1.0
0.800607,1.0
0.787398,0.0
0.733282,1.0
0.342966,0.0
0.718449,1.0
0.788065,1.0
0.720356,1.0
0.783424,1.0
0.378253,0.0
0.716194,1.0
0.323294,1.0
0.346518,1.0
0.736798,1.0
0.799591,1.0
0.717766,1.0
0.717072,1.0
0.790062,0.0
0.309374,0.0
0.793971,1.0
0.715808,1.0
0.787247,1.0
0.718831,1.0
0.377114,1.0
0.759498,1.0
0.79288,1.0
0.789414,1.0
0.653417,1.0
0.780747,1.0
0.619237,0.0
0.346313,0.0
0.737616,0.0
0.782102,1.0
0.791478,1.0
0.712534,1.0
0.780366,0.0
0.723617,1.0
0.776471,0.0
0.792457,1.0
0.305849,0.0
0.303078,0.0
0.652487,1.0
0.79918,0.0
0.759449,0.0
0.795596,1.0
0.38079,0.0
0.78546,0.0
0.770611,0.0
0.720259,0.0
0.726614,1.0
0.76491,1.0
0.727106,0.0
0.800052,1.0
0.808663,1.0
0.307411,0.0
0.804888,1.0
0.671658,1.0
0.710937,1.0
0.788226,1.0
0.304106,0.0
0.793171,1.0
0.783053,0.0
0.702522,1.0
0.306636,0.0
0.592874,1.0
0.691592,0.0
0.420413,0.0
0.781127,1.0
0.72767,1.0
0.632534,0.0
0.617385,0.0
0.729475,0.0
0.307293,0.0
0.507122,1.0
0.646715,1.0
0.74538,1.0
0.310416,0.0
0.722874,1.0
0.725266,1.0
0.70924,1.0
0.760119,0.0
0.336548,0.0
0.69957,1.0
0.73073,1.0
0.30516,0.0
0.30384,0.0
0.810483,0.0
0.307843,0.0
0.783847,1.0
0.531452,0.0
0.310857,0.0
0.712531,1.0
0.576947,0.0
0.362101,0.0
0.577671,1.0
0.578089,1.0
0.369584,0.0
0.69978,1.0
0.71405,1.0
0.717224,0.0
0.71748,1.0
0.362102,0.0
0.434338,1.0
0.709536,1.0
0.580378,1.0
0.70809,1.0
0.386456,0.0
0.718652,1.0
0.413988,0.0
0.578673,0.0
0.710837,1.0
0.577624,0.0
0.576831,0.0
0.712562,1.0
0.361198,0.0
0.713357,1.0
0.696756,1.0
0.362361,0.0
0.577708,1.0
0.400219,0.0
0.717684,1.0
0.373988,0.0
0.716117,1.0
0.572991,1.0
0.490093,1.0
0.359039,0.0
0.366125,0.0
0.667764,1.0
0.413648,0.0
0.663369,1.0
0.578767,1.0
0.692447,1.0
0.398708,0.0
0.361441,1.0
0.70873,1.0
0.400418,0.0
0.71392,1.0
0.39226,0.0
0.395739,0.0
0.577676,1.0
0.577625,1.0
0.690329,0.0
0.362795,0.0
0.514359,0.0
0.363765,0.0
0.578545,0.0
0.363607,0.0
0.460205,0.0
0.713744,1.0
0.713172,1.0
0.503831,1.0
0.671861,1.0
0.37368,0.0
0.362101,1.0
0.57796,0.0
0.362148,0.0
0.708815,1.0
0.717172,1.0
0.411071,1.0
0.577924,1.0
0.385575,0.0
0.365512,1.0
0.701683,1.0
0.577674,0.0
0.655664,1.0
0.711598,1.0
0.579662,0.0
0.401136,0.0
0.692304,1.0
0.659052,0.0
0.668529,0.0
0.71765,0.0
0.577672,1.0
0.569447,0.0
0.690817,1.0
0.655469,1.0
0.577995,1.0
0.711382,1.0
0.583928,1.0
0.720179,1.0
0.496573,1.0
0.578285,1.0
0.705276,0.0
0.715911,1.0
0.577665,1.0
0.57766,1.0
0.362589,0.0
0.577706,0.0
0.429998,0.0
0.60791,1.0
0.57796,1.0
0.726429,1.0
0.36797,1.0
0.799841,1.0
0.319184,1.0
0.318309,0.0
0.792445,1.0
0.707853,1.0
0.721595,1.0
0.702267,1.0
0.726768,1.0
0.792431,1.0
0.792802,1.0
0.736308,1.0
0.279446,0.0
0.721318,1.0
0.793966,1.0
0.737822,0.0
0.781774,1.0
0.345421,0.0
0.718987,1.0
0.369668,1.0
0.378322,0.0
0.740207,1.0
0.791249,1.0
0.720802,1.0
0.718676,1.0
0.77746,0.0
0.319467,0.0
0.789564,1.0
0.719467,1.0
0.780366,1.0
0.722928,1.0
0.449583,0.0
0.785886,1.0
0.784467,1.0
0.793227,1.0
0.672556,1.0
0.778763,1.0
0.650085,0.0
0.321328,0.0
0.733008,1.0
0.778308,1.0
0.794726,1.0
0.715588,1.0
0.771739,0.0
0.727255,1.0
0.778497,0.0
0.787726,1.0
0.318874,1.0
0.318587,0.0
0.66266,1.0
0.786289,1.0
0.759721,1.0
0.787997,1.0
0.347277,1.0
0.783978,1.0
0.76783,0.0
0.718958,1.0
0.729885,1.0
0.778771,0.0
0.722835,1.0
0.792666,1.0
0.811194,1.0
0.303779,0.0
0.796205,1.0
0.693062,0.0
0.71572,1.0
0.796341,1.0
0.317577,0.0
0.787196,1.0
0.793591,1.0
0.70721,1.0
0.3048,0.0
0.643156,1.0
0.706052,1.0
0.360471,1.0
0.777648,1.0
0.729541,1.0
0.614893,1.0
0.631566,0.0
0.709302,1.0
0.319183,0.0
0.558391,1.0
0.676884,1.0
0.746434,1.0
0.318565,0.0
0.725712,1.0
0.744705,1.0
0.726498,1.0
0.766858,1.0
0.344133,0.0
0.686324,1.0
0.734317,1.0
0.318828,0.0
0.318547,0.0
0.797398,1.0
0.304839,1.0
0.783621,1.0
0.33228,1.0
0.318766,0.0
0.526626,1.0
0.533424,1.0
0.527083,1.0
0.531243,1.0
0.537381,0.0
0.525718,0.0
0.525257,1.0
0.52676,1.0
0.524001,1.0
0.525973,0.0
0.526133,1.0
0.523113,1.0
0.526999,1.0
0.535324,1.0
0.525723,0.0
0.525114,0.0
0.527046,1.0
0.522779,0.0
0.538443,1.0
0.525451,1.0
0.533598,1.0
0.540038,1.0
0.527502,1.0
0.526062,0.0
0.525517,0.0
0.525141,0.0
0.523002,1.0
0.537429,1.0
0.524181,1.0
0.525429,1.0
0.523988,0.0
0.526119,0.0
0.543886,1.0
0.521918,1.0
0.525382,0.0
0.525971,1.0
0.531747,0.0
0.522426,0.0
0.542922,1.0
0.537645,1.0
0.526737,0.0
0.522599,0.0
0.526038,0.0
0.525056,1.0
0.520457,1.0
0.526368,0.0
0.52168,0.0
0.524042,1.0
0.53122,1.0
0.53736,1.0
0.528052,1.0
0.525289,0.0
0.518026,0.0
0.525379,0.0
0.5324,1.0
0.524948,1.0
0.518368,1.0
0.525959,1.0
0.526364,1.0
0.520102,1.0
0.52696,1.0
0.525571,0.0
0.52807,1.0
0.536045,0.0
0.526638,1.0
0.52724,1.0
0.525366,1.0
0.524082,1.0
0.537314,1.0
0.524465,1.0
0.525558,1.0
0.525473,0.0
0.536094,1.0
0.540759,1.0
0.52728,0.0
0.533317,1.0
0.522514,1.0
0.526291,0.0
0.550034,1.0
0.546065,0.0
0.524378,1.0
0.537407,1.0
0.541006,1.0
0.529238,1.0
0.526602,1.0
0.537388,1.0
0.525896,1.0
0.522102,0.0
0.526592,1.0
0.518981,0.0
0.538848,0.0
0.52424,1.0
0.526867,1.0
0.53738,1.0
0.537361,1.0
0.526693,0.0
0.529695,1.0
0.522531,0.0
0.532532,0.0
0.5374,1.0
0.602356,1.0
0.571304,0.0
0.669089,1.0
0.590716,1.0
0.633569,1.0
0.659574,1.0
0.598377,1.0
0.602657,1.0
0.602271,1.0
0.592645,1.0
0.669261,1.0
0.661476,1.0
0.602402,1.0
0.642163,1.0
0.593443,0.0
0.65803,1.0
0.600863,1.0
0.656459,1.0
0.626064,1.0
0.599992,0.0
0.57101,1.0
0.614366,0.0
0.602309,1.0
0.660194,1.0
0.592396,0.0
0.593766,0.0
0.667168,0.0
0.630883,1.0
0.666444,1.0
0.599803,1.0
0.659551,1.0
0.593607,1.0
0.584095,1.0
0.654243,1.0
0.660638,1.0
0.668814,1.0
0.579167,1.0
0.656512,1.0
0.575381,1.0
0.631651,0.0
0.596873,1.0
0.657582,0.0
0.659401,0.0
0.600328,1.0
0.663696,1.0
0.593593,1.0
0.656001,1.0
0.666719,1.0
0.590787,1.0
0.630918,0.0
0.598311,1.0
0.660377,0.0
0.647463,1.0
0.660014,1.0
0.58216,1.0
0.669213,0.0
0.658274,0.0
0.601119,1.0
0.601765,1.0
0.647978,1.0
0.608329,1.0
0.659247,1.0
0.667868,1.0
0.636834,1.0
0.669122,1.0
0.597662,0.0
0.600111,1.0
0.663603,1.0
0.631226,0.0
0.667476,1.0
0.668531,0.0
0.592873,0.0
0.634296,0.0
0.574987,1.0
0.595809,1.0
0.578353,1.0
0.66612,1.0
0.595921,1.0
0.555007,0.0
0.5753,1.0
0.603949,1.0
0.630893,1.0
0.530802,1.0
0.597931,1.0
0.609783,1.0
0.631165,1.0
0.60107,1.0
0.619309,1.0
0.601202,0.0
0.643233,1.0
0.627409,1.0
0.600358,1.0
0.601791,1.0
0.630919,0.0
0.630953,0.0
0.66001,1.0
0.595668,1.0
0.655003,1.0
0.613843,1.0
0.631124,0.0
0.605653,0.0
0.580724,1.0
0.545854,0.0
0.594242,0.0
0.605817,1.0
0.543177,0.0
0.599662,0.0
0.605344,0.0
0.598961,1.0
0.604639,1.0
0.543627,0.0
0.54604,1.0
0.607078,1.0
0.606398,0.0
0.599119,0.0
0.543415,0.0
0.607346,1.0
0.539766,1.0
0.604166,0.0
0.598545,0.0
0.587653,0.0
0.596215,1.0
0.608148,1.0
0.542885,1.0
0.598797,1.0
0.597588,0.0
0.532566,0.0
0.60511,1.0
0.542567,1.0
0.603145,1.0
0.539353,0.0
0.604483,0.0
0.600017,0.0
0.546778,1.0
0.540886,0.0
0.543764,1.0
0.592672,0.0
0.538772,1.0
0.595589,1.0
0.599524,0.0
0.60578,0.0
0.534248,0.0
0.541762,0.0
0.602019,0.0
0.534545,0.0
0.605104,0.0
0.536433,0.0
0.541953,1.0
0.594248,1.0
0.599182,0.0
0.593832,0.0
0.536617,0.0
0.534821,1.0
0.54168,0.0
0.591259,1.0
0.536386,1.0
0.529926,1.0
0.603501,0.0
0.605786,0.0
0.544411,0.0
0.603854,1.0
0.543211,0.0
0.551095,0.0
0.605539,1.0
0.544756,0.0
0.595983,1.0
0.602731,0.0
0.546778,1.0
0.599226,0.0
0.541828,1.0
0.541363,0.0
0.596283,1.0
0.598957,0.0
0.593102,1.0
0.603038,1.0
0.590487,0.0
0.538659,1.0
0.604624,0.0
0.58354,0.0
0.595258,1.0
0.600721,0.0
0.6051,0.0
0.53303,1.0
0.598561,0.0
0.603261,0.0
0.605148,0.0
0.604422,0.0
0.562496,1.0
0.601461,1.0
0.540728,1.0
0.605398,0.0
0.595115,0.0
0.606962,0.0
0.599194,1.0
0.59919,1.0
0.544329,0.0
0.594284,0.0
0.540505,1.0
0.601543,0.0
0.599253,1.0
0.695351,1.0
0.417136,0.0
0.765796,1.0
0.369433,0.0
0.336393,0.0
0.75595,1.0
0.676561,0.0
0.6913,0.0
0.664738,1.0
0.695311,1.0
0.758145,0.0
0.772778,1.0
0.706447,1.0
0.333107,0.0
0.707759,1.0
0.758795,0.0
0.702698,0.0
0.748144,1.0
0.337647,0.0
0.707042,0.0
0.395947,0.0
0.360645,0.0
0.710802,1.0
0.755236,1.0
0.709364,1.0
0.704022,1.0
0.754148,0.0
0.339047,0.0
0.757845,1.0
0.689681,1.0
0.743615,1.0
0.690095,1.0
0.342549,0.0
0.774536,0.0
0.747111,1.0
0.760599,0.0
0.658361,1.0
0.744792,1.0
0.651247,0.0
0.349423,0.0
0.697173,0.0
0.762359,1.0
0.786239,1.0
0.683366,1.0
0.731081,1.0
0.6942,1.0
0.7353,0.0
0.755777,1.0
0.37331,0.0
0.350394,0.0
0.645738,0.0
0.767013,0.0
0.733453,1.0
0.751266,0.0
0.384627,0.0
0.768468,1.0
0.751512,1.0
0.686659,1.0
0.697965,1.0
0.76075,1.0
0.690347,0.0
0.756355,1.0
0.78682,1.0
0.337793,0.0
0.761954,1.0
0.686481,0.0
0.68453,1.0
0.775294,1.0
0.350309,0.0
0.754574,0.0
0.786676,0.0
0.697182,1.0
0.351573,0.0
0.654863,1.0
0.678378,0.0
0.383229,0.0
0.745706,1.0
0.694863,1.0
0.657826,1.0
0.643033,0.0
0.667318,0.0
0.335498,0.0
0.724793,0.0
0.661277,0.0
0.711496,1.0
0.335384,1.0
0.693431,0.0
0.733574,1.0
0.71834,1.0
0.751735,0.0
0.333001,1.0
0.652467,1.0
0.702735,1.0
0.35412,0.0
0.354138,0.0
0.759098,1.0
0.370256,0.0
0.750974,0.0
0.343512,0.0
0.353966,0.0
0.592918,1.0
0.590423,1.0
0.661562,1.0
0.617889,1.0
0.632966,0.0
0.661432,1.0
0.606435,1.0
0.607734,1.0
0.592658,0.0
0.591517,1.0
0.674239,1.0
0.658483,1.0
0.59249,1.0
0.635244,1.0
0.591329,1.0
0.673608,1.0
0.60698,1.0
0.659737,0.0
0.633223,1.0
0.604668,0.0
0.603696,0.0
0.621446,0.0
0.592465,1.0
0.661153,1.0
0.590451,0.0
0.59148,0.0
0.6738,0.0
0.631725,0.0
0.660269,1.0
0.591281,0.0
0.661003,1.0
0.592338,1.0
0.631166,1.0
0.667677,1.0
0.661465,1.0
0.673594,0.0
0.589133,1.0
0.659595,0.0
0.603856,1.0
0.627746,1.0
0.608511,1.0
0.660038,0.0
0.660133,0.0
0.59183,0.0
0.659556,0.0
0.592337,1.0
0.673862,1.0
0.660325,1.0
0.614856,1.0
0.627294,1.0
0.608752,0.0
0.673239,0.0
0.655643,0.0
0.67437,0.0
0.608837,1.0
0.660471,0.0
0.657406,0.0
0.592406,1.0
0.592467,0.0
0.653904,1.0
0.610577,1.0
0.661336,1.0
0.660714,1.0
0.63232,1.0
0.661542,1.0
0.606063,0.0
0.591754,0.0
0.659125,0.0
0.627332,0.0
0.673406,1.0
0.671417,0.0
0.591018,0.0
0.626734,1.0
0.588077,1.0
0.608487,1.0
0.610691,0.0
0.659873,1.0
0.593627,1.0
0.580189,0.0
0.606247,0.0
0.609455,1.0
0.634187,1.0
0.641388,1.0
0.60807,1.0
0.59775,1.0
0.623021,1.0
0.606597,0.0
0.630483,0.0
0.590944,0.0
0.66737,0.0
0.624257,0.0
0.592416,1.0
0.592502,1.0
0.624567,0.0
0.624559,0.0
0.661648,1.0
0.61747,1.0
0.672404,1.0
0.630529,0.0
0.62464,0.0
0.513069,1.0
0.535944,0.0
0.5154,1.0
0.533958,0.0
0.534064,0.0
0.5167,0.0
0.516252,0.0
0.514751,1.0
0.518515,1.0
0.512758,0.0
0.517125,0.0
0.513308,1.0
0.511471,0.0
0.532822,0.0
0.510606,1.0
0.516651,0.0
0.513128,0.0
0.517245,0.0
0.532936,0.0
0.512341,0.0
0.53612,1.0
0.534827,1.0
0.510869,0.0
0.517051,0.0
0.511114,0.0
0.511913,0.0
0.517254,0.0
0.534163,1.0
0.516092,0.0
0.514276,1.0
0.518451,1.0
0.513601,0.0
0.532967,0.0
0.512688,1.0
0.518245,0.0
0.516523,0.0
0.518774,0.0
0.517763,0.0
0.524794,1.0
0.533259,1.0
0.514021,0.0
0.514899,0.0
0.512003,1.0
0.515112,1.0
0.519653,1.0
0.512979,0.0
0.519947,0.0
0.516421,0.0
0.53435,0.0
0.533288,0.0
0.522216,1.0
0.515475,1.0
0.518046,0.0
0.517851,0.0
0.534797,1.0
0.514647,1.0
0.515761,0.0
0.514143,0.0
0.513184,0.0
0.513155,0.0
0.516204,0.0
0.516589,0.0
0.512215,1.0
0.53314,1.0
0.515985,0.0
0.516828,1.0
0.514962,1.0
0.513125,0.0
0.534249,0.0
0.517386,0.0
0.512477,0.0
0.513215,1.0
0.533335,0.0
0.521372,0.0
0.516922,0.0
0.53555,0.0
0.517828,0.0
0.513279,0.0
0.526614,0.0
0.527794,0.0
0.518521,1.0
0.532876,1.0
0.511684,0.0
0.519356,0.0
0.511918,0.0
0.535455,1.0
0.514528,1.0
0.508672,0.0
0.510174,0.0
0.515285,0.0
0.537315,0.0
0.519324,1.0
0.511865,0.0
0.534645,0.0
0.534646,0.0
0.51644,0.0
0.53401,0.0
0.517421,0.0
0.534047,0.0
0.53464,1.0
0.729817,1.0
0.579977,0.0
0.349321,0.0
0.579337,1.0
0.579551,1.0
0.355096,0.0
0.733897,1.0
0.729645,1.0
0.730212,1.0
0.734865,1.0
0.354114,0.0
0.353949,1.0
0.733653,1.0
0.578849,1.0
0.730035,1.0
0.355104,0.0
0.733984,1.0
0.353447,0.0
0.578935,0.0
0.735493,1.0
0.582653,1.0
0.582354,1.0
0.733615,1.0
0.354474,0.0
0.735812,1.0
0.734846,1.0
0.3521,0.0
0.581974,1.0
0.356372,1.0
0.731802,1.0
0.345741,1.0
0.734587,1.0
0.579119,1.0
0.357776,1.0
0.353061,1.0
0.352931,0.0
0.730472,1.0
0.352848,0.0
0.719383,1.0
0.581525,1.0
0.732335,0.0
0.356029,0.0
0.351708,0.0
0.73123,1.0
0.342434,1.0
0.734383,0.0
0.351287,0.0
0.355898,0.0
0.579346,1.0
0.579167,1.0
0.726061,1.0
0.346898,1.0
0.356298,1.0
0.351272,0.0
0.581821,0.0
0.348242,1.0
0.357001,1.0
0.734471,1.0
0.7354,1.0
0.367488,1.0
0.729561,1.0
0.3553,0.0
0.353267,1.0
0.581238,1.0
0.355741,1.0
0.729955,1.0
0.731659,0.0
0.358804,1.0
0.579818,0.0
0.354329,0.0
0.357986,1.0
0.731073,1.0
0.579158,1.0
0.727175,0.0
0.733357,1.0
0.580152,1.0
0.354304,0.0
0.732461,1.0
0.716933,0.0
0.71841,1.0
0.728787,0.0
0.581274,1.0
0.395247,1.0
0.731647,1.0
0.722461,1.0
0.579951,1.0
0.731062,0.0
0.436863,0.0
0.73549,1.0
0.362435,1.0
0.578858,1.0
0.728571,0.0
0.734084,1.0
0.579858,1.0
0.579858,1.0
0.355169,0.0
0.579307,0.0
0.355316,0.0
0.579686,1.0
0.582239,1.0
0.596889,1.0
0.626223,0.0
0.660003,1.0
0.614982,1.0
0.606957,1.0
0.661267,1.0
0.598377,0.0
0.598652,1.0
0.598976,1.0
0.596027,1.0
0.661606,1.0
0.661293,1.0
0.595469,1.0
0.615274,1.0
0.594685,0.0
0.661392,1.0
0.597879,1.0
0.662945,1.0
0.627435,1.0
0.596471,0.0
0.602937,1.0
0.604079,1.0
0.595031,1.0
0.661317,1.0
0.595306,1.0
0.595956,0.0
0.663071,0.0
0.603696,1.0
0.663889,1.0
0.596973,0.0
0.665757,1.0
0.596943,1.0
0.616194,1.0
0.660726,1.0
0.665407,0.0
0.662692,1.0
0.598545,1.0
0.663108,0.0
0.602811,0.0
0.612745,1.0
0.595123,1.0
0.661804,0.0
0.659016,0.0
0.597379,0.0
0.66617,0.0
0.593237,1.0
0.663554,1.0
0.661113,1.0
0.613981,1.0
0.6157,0.0
0.600383,1.0
0.665163,0.0
0.665035,1.0
0.663327,1.0
0.622618,1.0
0.664489,0.0
0.664766,0.0
0.597358,1.0
0.596967,1.0
0.660612,1.0
0.600237,1.0
0.661187,0.0
0.659654,1.0
0.611506,1.0
0.663512,0.0
0.599167,0.0
0.59392,1.0
0.663173,1.0
0.620151,1.0
0.661924,0.0
0.662656,1.0
0.596632,1.0
0.615574,1.0
0.594534,1.0
0.600379,1.0
0.606825,1.0
0.662202,0.0
0.596985,1.0
0.590872,0.0
0.603985,1.0
0.596874,1.0
0.612444,1.0
0.657692,0.0
0.600897,1.0
0.597465,1.0
0.583732,1.0
0.594399,0.0
0.646995,1.0
0.595208,1.0
0.663768,1.0
0.57906,0.0
0.595718,1.0
0.59565,1.0
0.607119,0.0
0.607117,0.0
0.660767,1.0
0.626816,1.0
0.661969,0.0
0.607823,0.0
0.603894,0.0
0.610822,1.0
0.600018,0.0
0.688048,1.0
0.607289,1.0
0.602367,0.0
0.688548,1.0
0.590947,0.0
0.612239,1.0
0.614526,0.0
0.609958,1.0
0.688863,1.0
0.678457,1.0
0.60965,1.0
0.607045,1.0
0.589323,0.0
0.688663,1.0
0.611013,1.0
0.689761,1.0
0.619883,0.0
0.590125,0.0
0.599964,0.0
0.600213,0.0
0.609315,1.0
0.688654,0.0
0.609756,0.0
0.58994,0.0
0.666987,0.0
0.599641,1.0
0.680483,1.0
0.590553,1.0
0.682613,1.0
0.610658,1.0
0.60775,1.0
0.678194,1.0
0.660651,1.0
0.689792,0.0
0.61206,1.0
0.66651,0.0
0.594474,0.0
0.605219,0.0
0.619882,0.0
0.666876,0.0
0.666537,1.0
0.59074,0.0
0.660799,0.0
0.618167,1.0
0.689863,0.0
0.688413,1.0
0.60673,1.0
0.585902,0.0
0.616028,1.0
0.661043,0.0
0.683008,1.0
0.690032,1.0
0.617218,1.0
0.660666,0.0
0.660287,0.0
0.610919,0.0
0.611756,1.0
0.678003,1.0
0.61385,0.0
0.666805,1.0
0.677044,0.0
0.604258,1.0
0.659605,1.0
0.591801,1.0
0.61934,1.0
0.680535,0.0
0.616385,0.0
0.666939,1.0
0.680024,0.0
0.611178,1.0
0.607457,0.0
0.620253,1.0
0.613153,1.0
0.602939,0.0
0.666848,0.0
0.610958,1.0
0.596536,0.0
0.617592,0.0
0.621803,1.0
0.604849,1.0
0.653842,1.0
0.613792,1.0
0.611725,1.0
0.584371,0.0
0.596905,0.0
0.678664,1.0
0.609479,0.0
0.681827,1.0
0.559956,0.0
0.620799,1.0
0.609811,1.0
0.580554,0.0
0.580554,0.0
0.68832,1.0
0.619865,1.0
0.666756,1.0
0.580818,0.0
0.577429,0.0
0.73636,1.0
0.578268,0.0
0.338868,0.0
0.580115,1.0
0.579936,0.0
0.34055,0.0
0.744209,1.0
0.736118,0.0
0.743095,0.0
0.737061,1.0
0.340941,0.0
0.335726,1.0
0.736221,1.0
0.580067,1.0
0.743801,1.0
0.341122,0.0
0.735792,1.0
0.346521,1.0
0.576759,0.0
0.744844,0.0
0.580163,0.0
0.580104,1.0
0.736011,1.0
0.354388,0.0
0.744494,1.0
0.74493,1.0
0.357084,0.0
0.580531,1.0
0.337608,0.0
0.738573,0.0
0.340609,0.0
0.736846,1.0
0.580051,1.0
0.337429,0.0
0.337356,1.0
0.3574,0.0
0.735276,1.0
0.358555,0.0
0.736458,1.0
0.579698,1.0
0.741542,1.0
0.355641,0.0
0.337001,0.0
0.745235,1.0
0.358935,0.0
0.736283,1.0
0.358664,0.0
0.34089,0.0
0.580154,1.0
0.581234,1.0
0.7356,1.0
0.353531,1.0
0.347806,1.0
0.346416,0.0
0.577469,0.0
0.352659,0.0
0.356047,1.0
0.743596,1.0
0.737535,1.0
0.339372,0.0
0.741225,1.0
0.338715,1.0
0.348794,1.0
0.580209,1.0
0.3346,1.0
0.736648,1.0
0.737038,0.0
0.353256,1.0
0.576962,1.0
0.340252,0.0
0.351427,0.0
0.737409,1.0
0.579565,1.0
0.732082,1.0
0.735744,1.0
0.579974,0.0
0.355334,0.0
0.736118,0.0
0.733173,1.0
0.735232,1.0
0.735431,1.0
0.580175,0.0
0.351935,0.0
0.735355,1.0
0.732647,1.0
0.580888,0.0
0.74387,1.0
0.370539,1.0
0.743931,1.0
0.346019,1.0
0.582773,1.0
0.735605,1.0
0.736414,1.0
0.581644,1.0
0.581644,0.0
0.339659,0.0
0.577463,0.0
0.341319,0.0
0.581605,1.0
0.581838,1.0
0.593344,1.0
0.600863,1.0
0.659495,1.0
0.610937,1.0
0.606805,1.0
0.660059,1.0
0.594837,0.0
0.590485,1.0
0.593567,1.0
0.592689,1.0
0.660251,1.0
0.65854,1.0
0.592392,1.0
0.610591,1.0
0.592375,1.0
0.660171,1.0
0.593638,1.0
0.663587,0.0
0.608393,1.0
0.590023,0.0
0.606287,0.0
0.593733,0.0
0.592124,1.0
0.662344,1.0
0.594761,0.0
0.593706,0.0
0.661897,1.0
0.608654,0.0
0.657932,1.0
0.588642,1.0
0.659646,1.0
0.593279,1.0
0.610867,1.0
0.656178,1.0
0.6593,0.0
0.662118,1.0
0.594621,1.0
0.661802,1.0
0.597326,1.0
0.594836,0.0
0.598461,1.0
0.6616,0.0
0.656992,0.0
0.595028,0.0
0.661673,0.0
0.595547,1.0
0.661965,1.0
0.660015,1.0
0.610833,1.0
0.586798,1.0
0.597084,1.0
0.663245,0.0
0.662953,1.0
0.66078,1.0
0.622186,1.0
0.660098,0.0
0.663281,1.0
0.595767,1.0
0.594076,1.0
0.656381,1.0
0.59792,1.0
0.660481,1.0
0.661063,1.0
0.609615,1.0
0.657207,1.0
0.593443,0.0
0.592338,1.0
0.663638,1.0
0.595441,0.0
0.658668,1.0
0.660712,1.0
0.593612,1.0
0.595795,1.0
0.597672,1.0
0.595437,1.0
0.607464,1.0
0.661553,1.0
0.589544,1.0
0.597545,0.0
0.600403,0.0
0.598019,1.0
0.62188,1.0
0.653254,1.0
0.595882,1.0
0.593651,1.0
0.599047,0.0
0.596768,1.0
0.65803,1.0
0.5948,1.0
0.662234,1.0
0.579439,1.0
0.597131,1.0
0.592548,1.0
0.585722,1.0
0.598012,0.0
0.659819,1.0
0.623261,1.0
0.658851,1.0
0.585652,0.0
0.584368,0.0
0.73599,1.0
0.574396,0.0
0.329808,0.0
0.583856,1.0
0.575025,1.0
0.331305,0.0
0.74524,1.0
0.731934,1.0
0.736149,0.0
0.736617,1.0
0.331663,0.0
0.332037,1.0
0.735495,1.0
0.583878,0.0
0.736163,1.0
0.331764,0.0
0.735209,1.0
0.357416,0.0
0.574212,1.0
0.741951,0.0
0.57491,1.0
0.585115,1.0
0.735082,1.0
0.334833,0.0
0.745996,1.0
0.745568,1.0
0.336068,0.0
0.583598,1.0
0.328266,1.0
0.73362,1.0
0.330909,0.0
0.736571,1.0
0.583855,1.0
0.327382,0.0
0.349481,0.0
0.338839,0.0
0.736533,1.0
0.337577,1.0
0.733353,1.0
0.585003,1.0
0.737638,1.0
0.349438,1.0
0.344532,0.0
0.746183,1.0
0.352059,0.0
0.737264,1.0
0.340317,0.0
0.331542,1.0
0.583868,1.0
0.586084,1.0
0.737442,1.0
0.352716,0.0
0.343347,1.0
0.337009,1.0
0.574321,0.0
0.346552,0.0
0.339076,1.0
0.738111,1.0
0.737816,1.0
0.328382,1.0
0.736508,1.0
0.333973,0.0
0.332588,0.0
0.583968,1.0
0.330057,0.0
0.74321,1.0
0.735516,1.0
0.338035,1.0
0.58474,1.0
0.329458,0.0
0.330199,0.0
0.737686,1.0
0.58531,1.0
0.734892,1.0
0.735999,1.0
0.575066,0.0
0.333513,0.0
0.731777,1.0
0.738984,1.0
0.739959,0.0
0.737359,0.0
0.575002,1.0
0.333152,0.0
0.736285,1.0
0.733811,1.0
0.574925,0.0
0.738941,1.0
0.353805,1.0
0.737894,1.0
0.34077,1.0
0.586604,1.0
0.737723,1.0
0.735726,1.0
0.586177,1.0
0.575137,0.0
0.330498,1.0
0.574347,1.0
0.330219,0.0
0.585819,1.0
0.585927,1.0
0.598174,0.0
0.372517,0.0
0.672623,1.0
0.382732,0.0
0.385405,0.0
0.679056,1.0
0.640873,1.0
0.587362,0.0
0.634446,1.0
0.598382,1.0
0.682397,0.0
0.668423,0.0
0.588912,1.0
0.366581,0.0
0.588722,1.0
0.681524,0.0
0.595241,0.0
0.742525,0.0
0.38835,1.0
0.594192,1.0
0.400839,0.0
0.402598,0.0
0.585277,1.0
0.697929,1.0
0.641948,1.0
0.628119,1.0
0.703648,0.0
0.39926,0.0
0.668039,1.0
0.587699,1.0
0.675802,1.0
0.601919,1.0
0.382852,0.0
0.652722,0.0
0.682029,1.0
0.718959,0.0
0.62692,0.0
0.718645,0.0
0.627278,0.0
0.40286,0.0
0.651654,0.0
0.715919,1.0
0.671014,1.0
0.65303,1.0
0.726318,1.0
0.625255,1.0
0.725237,0.0
0.687306,1.0
0.382707,0.0
0.386279,1.0
0.673007,1.0
0.706953,0.0
0.728551,0.0
0.719246,1.0
0.368471,0.0
0.686007,0.0
0.705022,1.0
0.624173,0.0
0.616336,1.0
0.662036,0.0
0.629881,0.0
0.674271,1.0
0.666782,1.0
0.383069,0.0
0.654375,1.0
0.626754,0.0
0.635658,1.0
0.701028,0.0
0.40549,0.0
0.668813,1.0
0.672637,1.0
0.616098,1.0
0.386086,0.0
0.649463,0.0
0.615868,0.0
0.368998,0.0
0.688224,1.0
0.580649,1.0
0.683452,0.0
0.665196,0.0
0.648404,0.0
0.381819,0.0
0.652256,1.0
0.628879,0.0
0.588341,0.0
0.386025,0.0
0.658316,1.0
0.720425,1.0
0.613119,1.0
0.71106,0.0
0.385149,1.0
0.674275,1.0
0.591281,1.0
0.38586,0.0
0.385169,0.0
0.684362,0.0
0.384085,1.0
0.671509,1.0
0.402739,1.0
0.402775,0.0
0.808451,1.0
0.330515,0.0
0.870509,1.0
0.333646,0.0
0.337491,0.0
0.864219,1.0
0.768678,1.0
0.81794,1.0
0.778722,1.0
0.817392,1.0
0.855374,1.0
0.867296,0.0
0.828381,1.0
0.325121,1.0
0.828169,1.0
0.856152,1.0
0.810055,1.0
0.793897,1.0
0.418257,0.0
0.821923,1.0
0.343622,0.0
0.34079,0.0
0.832377,1.0
0.845822,1.0
0.769424,1.0
0.785061,1.0
0.834392,1.0
0.340298,0.0
0.873359,1.0
0.828383,1.0
0.867367,1.0
0.812861,1.0
0.333713,0.0
0.883809,0.0
0.860329,1.0
0.819049,1.0
0.771827,1.0
0.816763,1.0
0.763533,0.0
0.34105,0.0
0.750564,0.0
0.824259,1.0
0.871118,1.0
0.757656,1.0
0.816147,1.0
0.786913,1.0
0.812535,1.0
0.854337,1.0
0.333623,1.0
0.411896,1.0
0.72999,1.0
0.829899,1.0
0.806319,0.0
0.821956,1.0
0.329259,1.0
0.850906,1.0
0.836408,1.0
0.779628,1.0
0.798593,1.0
0.873515,0.0
0.773675,1.0
0.868744,1.0
0.876073,1.0
0.333743,0.0
0.887664,1.0
0.771046,0.0
0.774435,1.0
0.834658,1.0
0.342702,1.0
0.874099,1.0
0.87059,1.0
0.796957,1.0
0.33431,0.0
0.741796,0.0
0.784333,0.0
0.328649,1.0
0.855288,1.0
0.836523,1.0
0.702257,0.0
0.72226,0.0
0.75407,1.0
0.336143,0.0
0.888154,1.0
0.768301,1.0
0.822375,1.0
0.335203,1.0
0.751833,0.0
0.819286,1.0
0.80114,1.0
0.824212,1.0
0.410388,1.0
0.731404,1.0
0.825677,1.0
0.333278,1.0
0.334569,0.0
0.85163,1.0
0.415741,0.0
0.87148,1.0
0.420811,1.0
0.339962,0.0
0.597153,1.0
0.289022,0.0
0.672224,1.0
0.285544,1.0
0.288161,0.0
0.677728,1.0
0.643355,1.0
0.587655,0.0
0.630107,1.0
0.601009,1.0
0.677484,1.0
0.665959,1.0
0.592366,1.0
0.352451,1.0
0.592281,1.0
0.676745,0.0
0.594651,0.0
0.734394,0.0
0.367018,0.0
0.594439,1.0
0.288566,0.0
0.285345,0.0
0.589131,1.0
0.694466,1.0
0.644132,0.0
0.630412,1.0
0.696182,1.0
0.286031,1.0
0.67164,1.0
0.591322,1.0
0.674935,1.0
0.604343,1.0
0.285565,0.0
0.650425,0.0
0.68177,1.0
0.710234,1.0
0.624813,0.0
0.715199,0.0
0.62076,0.0
0.285485,0.0
0.641575,1.0
0.717639,1.0
0.672083,1.0
0.655244,1.0
0.722441,1.0
0.626528,1.0
0.716156,0.0
0.688921,1.0
0.352887,0.0
0.443299,0.0
0.675315,1.0
0.70078,0.0
0.720654,1.0
0.719534,1.0
0.35651,0.0
0.681893,0.0
0.705877,1.0
0.621275,0.0
0.61769,1.0
0.660561,0.0
0.626769,1.0
0.673804,1.0
0.66753,1.0
0.285524,0.0
0.657349,1.0
0.619749,0.0
0.636669,0.0
0.698555,1.0
0.354462,0.0
0.669014,1.0
0.672276,0.0
0.617736,1.0
0.285078,0.0
0.641127,1.0
0.608347,0.0
0.355676,0.0
0.685781,1.0
0.585044,1.0
0.676131,0.0
0.651735,0.0
0.63928,1.0
0.288081,0.0
0.655498,1.0
0.626669,0.0
0.588207,1.0
0.357635,0.0
0.652559,0.0
0.721518,1.0
0.61478,1.0
0.708103,1.0
0.441819,0.0
0.676185,1.0
0.594513,1.0
0.351403,0.0
0.288996,0.0
0.683042,1.0
0.365697,0.0
0.671286,1.0
0.448366,1.0
0.284559,0.0
0.573251,0.0
0.620374,1.0
0.505136,1.0
0.608851,0.0
0.621044,1.0
0.507603,0.0
0.586811,0.0
0.576637,0.0
0.585216,1.0
0.574289,1.0
0.506913,1.0
0.504431,1.0
0.571795,1.0
0.593115,1.0
0.570667,0.0
0.512357,0.0
0.578828,1.0
0.534112,1.0
0.610878,0.0
0.571937,0.0
0.621288,0.0
0.621734,0.0
0.5707,1.0
0.514595,1.0
0.592297,1.0
0.583147,0.0
0.514808,0.0
0.609136,1.0
0.504972,1.0
0.570753,1.0
0.506397,1.0
0.575755,0.0
0.621333,0.0
0.502909,1.0
0.509357,0.0
0.520292,1.0
0.586642,1.0
0.527538,1.0
0.589263,0.0
0.621722,0.0
0.591027,0.0
0.523634,0.0
0.505106,1.0
0.590321,0.0
0.525295,1.0
0.583441,1.0
0.527821,0.0
0.512411,1.0
0.608522,1.0
0.593996,0.0
0.595776,0.0
0.522132,1.0
0.526557,1.0
0.524237,0.0
0.607337,1.0
0.514557,1.0
0.51916,1.0
0.586447,0.0
0.58035,0.0
0.507722,0.0
0.58465,1.0
0.505891,0.0
0.503045,1.0
0.621342,1.0
0.498289,1.0
0.588273,1.0
0.591804,0.0
0.515853,1.0
0.608688,0.0
0.503716,0.0
0.510938,1.0
0.579545,0.0
0.621451,0.0
0.589306,1.0
0.586072,1.0
0.607473,1.0
0.511051,0.0
0.569294,0.0
0.601714,0.0
0.598232,1.0
0.588814,1.0
0.620988,0.0
0.497288,1.0
0.588196,0.0
0.57056,0.0
0.607397,1.0
0.597842,1.0
0.524767,1.0
0.578997,1.0
0.519522,1.0
0.594264,1.0
0.596545,1.0
0.572529,1.0
0.608787,1.0
0.620572,1.0
0.509369,0.0
0.610995,1.0
0.504735,1.0
0.576211,1.0
0.62183,1.0
0.614044,1.0
0.664241,0.0
0.679573,1.0
0.633113,1.0
0.665599,1.0
0.681966,1.0
0.618275,0.0
0.610705,1.0
0.617957,1.0
0.613047,1.0
0.680318,1.0
0.679823,1.0
0.612503,1.0
0.593833,1.0
0.61235,0.0
0.678488,1.0
0.610617,1.0
0.686605,1.0
0.647201,1.0
0.612781,1.0
0.666261,1.0
0.667003,0.0
0.612153,1.0
0.683832,1.0
0.615139,1.0
0.617029,1.0
0.685083,1.0
0.634191,1.0
0.679437,1.0
0.611535,1.0
0.680106,1.0
0.614742,1.0
0.666053,1.0
0.673229,1.0
0.682717,1.0
0.686117,1.0
0.612988,1.0
0.684085,1.0
0.615803,1.0
0.666988,0.0
0.622362,1.0
0.688677,0.0
0.679497,1.0
0.619671,0.0
0.688016,1.0
0.616974,1.0
0.685511,1.0
0.682867,1.0
0.638838,1.0
0.600158,1.0
0.622016,1.0
0.681704,1.0
0.68912,0.0
0.688978,1.0
0.636238,1.0
0.678211,0.0
0.685636,1.0
0.61445,1.0
0.616746,1.0
0.676877,1.0
0.618194,1.0
0.681144,1.0
0.678528,1.0
0.666038,1.0
0.676283,1.0
0.614522,1.0
0.617023,1.0
0.684187,1.0
0.639185,0.0
0.680139,1.0
0.6766,1.0
0.615836,1.0
0.666291,1.0
0.619681,1.0
0.614312,1.0
0.636531,1.0
0.683496,1.0
0.612659,1.0
0.620986,0.0
0.61974,1.0
0.620087,1.0
0.665488,1.0
0.675239,1.0
0.614979,1.0
0.613973,1.0
0.636487,1.0
0.618821,1.0
0.687448,1.0
0.614755,1.0
0.685703,1.0
0.601954,1.0
0.62147,1.0
0.61274,1.0
0.639433,1.0
0.664697,1.0
0.682719,1.0
0.647533,1.0
0.679336,1.0
0.544327,0.0
0.667114,0.0
0.73292,1.0
0.577885,0.0
0.328608,1.0
0.578279,1.0
0.579188,0.0
0.328979,0.0
0.744564,1.0
0.729689,1.0
0.735617,1.0
0.734625,1.0
0.328945,0.0
0.328834,0.0
0.733571,1.0
0.579072,0.0
0.741683,1.0
0.327602,0.0
0.731267,1.0
0.337463,0.0
0.579946,0.0
0.733463,0.0
0.579236,1.0
0.577927,1.0
0.733181,1.0
0.33183,0.0
0.737351,1.0
0.737114,0.0
0.331276,0.0
0.578543,1.0
0.328851,1.0
0.733508,0.0
0.329175,1.0
0.734411,1.0
0.579164,1.0
0.326016,0.0
0.329599,0.0
0.334007,0.0
0.734398,1.0
0.334163,0.0
0.732942,1.0
0.577929,1.0
0.735992,1.0
0.351049,0.0
0.328718,0.0
0.745001,1.0
0.336797,0.0
0.73599,0.0
0.3336,0.0
0.331233,0.0
0.57934,1.0
0.579687,1.0
0.737212,1.0
0.331664,0.0
0.352959,0.0
0.335518,0.0
0.579158,0.0
0.34654,1.0
0.334138,0.0
0.734309,0.0
0.735608,0.0
0.326908,0.0
0.734735,1.0
0.328523,0.0
0.328148,0.0
0.579168,1.0
0.326882,0.0
0.734497,1.0
0.735292,1.0
0.332541,0.0
0.578471,0.0
0.327859,0.0
0.327857,1.0
0.735719,1.0
0.57917,0.0
0.735578,1.0
0.732909,1.0
0.579161,0.0
0.330237,0.0
0.732027,1.0
0.741482,1.0
0.73409,0.0
0.735073,0.0
0.579172,0.0
0.327831,0.0
0.733704,1.0
0.73183,1.0
0.579234,1.0
0.737074,1.0
0.337697,0.0
0.735756,1.0
0.334191,1.0
0.579873,1.0
0.737504,1.0
0.733762,1.0
0.579346,1.0
0.579111,0.0
0.329294,0.0
0.579907,0.0
0.328692,1.0
0.581503,0.0
0.577998,1.0
0.533542,0.0
0.533529,0.0
0.532182,1.0
0.532748,0.0
0.531912,0.0
0.53619,1.0
0.52493,0.0
0.534949,1.0
0.529901,0.0
0.532741,0.0
0.536318,0.0
0.536538,0.0
0.534114,0.0
0.537496,0.0
0.531428,0.0
0.536792,0.0
0.534198,0.0
0.531551,0.0
0.532119,0.0
0.537398,0.0
0.530672,1.0
0.531931,0.0
0.534527,0.0
0.534747,0.0
0.528039,0.0
0.533994,1.0
0.534765,1.0
0.532987,0.0
0.532212,0.0
0.537737,1.0
0.531908,0.0
0.532504,0.0
0.530707,1.0
0.538104,1.0
0.535881,0.0
0.533428,0.0
0.529701,0.0
0.533437,0.0
0.528658,1.0
0.53193,1.0
0.527492,0.0
0.530485,0.0
0.536642,0.0
0.523651,1.0
0.532039,1.0
0.534815,0.0
0.533395,0.0
0.535194,0.0
0.532027,0.0
0.533076,0.0
0.523402,1.0
0.53482,0.0
0.529125,0.0
0.532379,0.0
0.533372,1.0
0.52981,1.0
0.533639,0.0
0.535577,1.0
0.535875,0.0
0.537345,1.0
0.530938,1.0
0.536509,0.0
0.537,0.0
0.530902,0.0
0.537753,1.0
0.529292,1.0
0.529512,0.0
0.534483,1.0
0.534403,0.0
0.53688,1.0
0.532672,0.0
0.53062,0.0
0.531663,1.0
0.525814,0.0
0.531255,0.0
0.533358,1.0
0.535512,1.0
0.534939,0.0
0.519664,1.0
0.530134,0.0
0.534292,1.0
0.531694,0.0
0.537586,1.0
0.529949,1.0
0.535426,1.0
0.532143,1.0
0.525847,0.0
0.531945,1.0
0.531179,0.0
0.528458,0.0
0.533412,0.0
0.523492,0.0
0.533835,0.0
0.532001,0.0
0.531979,1.0
0.535879,1.0
0.532409,1.0
0.532252,0.0
0.544926,0.0
0.532133,0.0
0.730227,1.0
0.574427,0.0
0.325746,0.0
0.582359,0.0
0.574479,1.0
0.32182,0.0
0.737293,1.0
0.720329,1.0
0.733599,0.0
0.731706,1.0
0.330275,0.0
0.330317,1.0
0.7305,1.0
0.572568,0.0
0.733449,0.0
0.329859,0.0
0.728348,1.0
0.335457,0.0
0.574826,1.0
0.725941,0.0
0.583495,0.0
0.582106,1.0
0.73005,1.0
0.331767,0.0
0.735403,0.0
0.724678,1.0
0.323011,0.0
0.582561,1.0
0.334702,1.0
0.718858,1.0
0.334875,0.0
0.731785,1.0
0.583512,1.0
0.320405,0.0
0.330868,1.0
0.333065,0.0
0.732112,1.0
0.33317,0.0
0.72602,1.0
0.58463,1.0
0.734869,0.0
0.337238,0.0
0.330258,0.0
0.732423,0.0
0.326503,0.0
0.729774,0.0
0.333073,0.0
0.331502,0.0
0.581892,1.0
0.582585,1.0
0.731189,1.0
0.331641,1.0
0.338943,1.0
0.3344,0.0
0.576755,1.0
0.328195,1.0
0.333228,1.0
0.721173,1.0
0.729181,1.0
0.320886,1.0
0.726418,1.0
0.330388,0.0
0.330038,0.0
0.581142,1.0
0.320761,1.0
0.726607,1.0
0.733489,0.0
0.32358,1.0
0.574654,1.0
0.321322,0.0
0.334048,0.0
0.733403,0.0
0.576859,1.0
0.734268,1.0
0.730485,1.0
0.576756,1.0
0.322493,0.0
0.7291,0.0
0.731807,0.0
0.729449,0.0
0.723136,0.0
0.574546,0.0
0.321508,0.0
0.725824,1.0
0.722149,0.0
0.584479,0.0
0.735828,0.0
0.326868,0.0
0.733156,1.0
0.338283,0.0
0.582826,0.0
0.736584,0.0
0.730733,1.0
0.581876,1.0
0.576774,1.0
0.321908,0.0
0.577042,0.0
0.334592,0.0
0.563798,1.0
0.582268,1.0
0.744641,1.0
0.557543,1.0
0.356847,0.0
0.559798,1.0
0.592497,0.0
0.357954,0.0
0.75034,1.0
0.742831,1.0
0.727405,1.0
0.745384,1.0
0.358487,0.0
0.382678,0.0
0.744414,1.0
0.555055,1.0
0.728073,1.0
0.359429,1.0
0.743939,1.0
0.349648,0.0
0.592519,0.0
0.726613,0.0
0.559806,1.0
0.596054,1.0
0.744122,1.0
0.355527,0.0
0.728514,1.0
0.74538,1.0
0.355222,0.0
0.596683,1.0
0.381822,1.0
0.742565,1.0
0.356808,0.0
0.745501,1.0
0.595909,1.0
0.361667,1.0
0.38189,1.0
0.353039,0.0
0.746908,1.0
0.353201,1.0
0.746658,1.0
0.596886,1.0
0.727388,1.0
0.347779,0.0
0.359094,0.0
0.728517,1.0
0.350183,0.0
0.726879,1.0
0.353083,0.0
0.356474,1.0
0.595884,1.0
0.596279,1.0
0.749636,1.0
0.38069,1.0
0.374712,1.0
0.351049,0.0
0.593637,0.0
0.378925,1.0
0.379534,1.0
0.743793,1.0
0.744522,0.0
0.383199,1.0
0.74562,1.0
0.358886,1.0
0.359763,0.0
0.595291,1.0
0.383566,0.0
0.746513,1.0
0.727604,1.0
0.379945,1.0
0.593385,1.0
0.35926,0.0
0.358026,1.0
0.728035,1.0
0.593044,1.0
0.748757,1.0
0.745665,1.0
0.593632,1.0
0.356721,0.0
0.726466,1.0
0.726761,1.0
0.727095,1.0
0.725695,0.0
0.558206,1.0
0.36147,1.0
0.746065,1.0
0.725346,1.0
0.559756,1.0
0.728064,1.0
0.35048,1.0
0.746437,1.0
0.35124,1.0
0.560241,1.0
0.728125,1.0
0.744605,1.0
0.595869,1.0
0.593177,1.0
0.357312,1.0
0.557725,1.0
0.357394,0.0
0.593334,1.0
0.596211,1.0
0.749931,1.0
0.589245,0.0
0.316463,0.0
0.590452,0.0
0.562812,0.0
0.315883,0.0
0.753935,1.0
0.747602,0.0
0.74865,0.0
0.750953,1.0
0.315844,0.0
0.320228,0.0
0.750181,1.0
0.589213,1.0
0.748753,1.0
0.359837,0.0
0.748627,1.0
0.320861,0.0
0.562892,1.0
0.712326,1.0
0.590201,1.0
0.602946,1.0
0.749896,1.0
0.317261,0.0
0.750203,0.0
0.75147,0.0
0.316952,0.0
0.603571,1.0
0.364204,0.0
0.747974,0.0
0.31701,0.0
0.750953,1.0
0.603213,1.0
0.360084,1.0
0.363972,0.0
0.31853,0.0
0.750936,1.0
0.360438,0.0
0.749993,1.0
0.603975,1.0
0.749586,1.0
0.322498,0.0
0.315768,0.0
0.751908,1.0
0.320052,0.0
0.746956,1.0
0.318544,0.0
0.360165,0.0
0.602796,1.0
0.602925,1.0
0.752677,0.0
0.364111,1.0
0.367614,1.0
0.319821,0.0
0.562891,0.0
0.364719,0.0
0.364866,0.0
0.749035,1.0
0.720468,1.0
0.363592,0.0
0.751081,0.0
0.360075,0.0
0.31554,0.0
0.602406,0.0
0.319001,0.0
0.7507,0.0
0.748589,1.0
0.364319,0.0
0.602121,0.0
0.315427,0.0
0.35999,0.0
0.748646,1.0
0.602084,0.0
0.751639,1.0
0.749607,1.0
0.602767,0.0
0.316464,0.0
0.745481,1.0
0.749751,0.0
0.746162,0.0
0.716419,0.0
0.589057,1.0
0.360643,0.0
0.750304,1.0
0.745478,1.0
0.590454,0.0
0.750324,0.0
0.361146,1.0
0.751787,1.0
0.36117,0.0
0.590551,1.0
0.75069,1.0
0.750317,1.0
0.602786,1.0
0.602274,0.0
0.359831,0.0
0.589216,0.0
0.316736,0.0
0.610126,1.0
0.603081,1.0
0.589908,1.0
0.58144,0.0
0.658421,1.0
0.581376,1.0
0.591011,1.0
0.657563,1.0
0.592718,0.0
0.584791,1.0
0.587363,1.0
0.589847,1.0
0.657679,1.0
0.65921,1.0
0.589772,1.0
0.562622,1.0
0.588496,0.0
0.648507,1.0
0.589697,1.0
0.662493,1.0
0.580988,1.0
0.594063,0.0
0.569493,1.0
0.563119,0.0
0.589642,1.0
0.659446,1.0
0.586449,0.0
0.585973,0.0
0.659173,0.0
0.561399,1.0
0.652221,1.0
0.583352,0.0
0.658923,1.0
0.59017,1.0
0.561716,1.0
0.648874,1.0
0.651739,1.0
0.660808,1.0
0.590456,1.0
0.652706,0.0
0.591493,1.0
0.560031,0.0
0.593451,1.0
0.663255,0.0
0.657306,0.0
0.592626,1.0
0.66185,0.0
0.589327,1.0
0.660817,1.0
0.650568,1.0
0.563492,1.0
0.563585,1.0
0.590409,1.0
0.655466,0.0
0.661102,1.0
0.661804,1.0
0.586779,1.0
0.654545,0.0
0.654416,1.0
0.58955,0.0
0.597523,1.0
0.649388,1.0
0.589253,1.0
0.648907,1.0
0.656888,1.0
0.576568,1.0
0.657556,0.0
0.586961,1.0
0.591065,1.0
0.653148,0.0
0.574368,0.0
0.656752,1.0
0.6497,0.0
0.589049,1.0
0.573912,1.0
0.593517,1.0
0.591654,1.0
0.571921,1.0
0.658317,1.0
0.587619,1.0
0.589783,0.0
0.587076,0.0
0.594947,1.0
0.572031,1.0
0.646643,0.0
0.591225,1.0
0.588404,1.0
0.579826,1.0
0.589178,1.0
0.656348,0.0
0.590781,0.0
0.654166,0.0
0.570494,1.0
0.594048,1.0
0.589872,1.0
0.563513,1.0
0.573307,0.0
0.64945,1.0
0.580749,1.0
0.658572,0.0
0.518403,0.0
0.562789,0.0
0.732892,1.0
0.573043,0.0
0.323009,0.0
0.572649,0.0
0.569098,0.0
0.322549,0.0
0.746322,1.0
0.725532,1.0
0.728582,0.0
0.733962,1.0
0.322479,1.0
0.323467,1.0
0.732916,1.0
0.592733,1.0
0.741162,1.0
0.321696,1.0
0.731661,1.0
0.326579,0.0
0.585841,0.0
0.738238,1.0
0.591454,1.0
0.592375,1.0
0.732561,1.0
0.323633,0.0
0.73904,1.0
0.738554,1.0
0.342269,0.0
0.59322,1.0
0.323313,0.0
0.734289,1.0
0.323387,0.0
0.734042,1.0
0.593408,1.0
0.325297,0.0
0.322995,0.0
0.324672,0.0
0.734981,1.0
0.342739,0.0
0.73465,1.0
0.59307,1.0
0.734875,1.0
0.345031,0.0
0.341848,0.0
0.738014,1.0
0.343747,0.0
0.730957,1.0
0.324678,0.0
0.322535,0.0
0.592876,1.0
0.592792,1.0
0.735002,1.0
0.347218,1.0
0.335518,0.0
0.325727,0.0
0.568552,0.0
0.343362,1.0
0.324706,0.0
0.740343,1.0
0.734451,0.0
0.322082,1.0
0.730254,1.0
0.321964,0.0
0.322207,0.0
0.575048,1.0
0.341934,0.0
0.73042,1.0
0.733306,1.0
0.343023,1.0
0.575472,0.0
0.322165,0.0
0.34233,0.0
0.732953,1.0
0.574706,0.0
0.737017,1.0
0.733377,1.0
0.574764,0.0
0.32302,1.0
0.729198,1.0
0.741533,1.0
0.735396,1.0
0.727616,0.0
0.591019,1.0
0.342836,0.0
0.734312,1.0
0.729068,1.0
0.572468,0.0
0.73184,1.0
0.347933,1.0
0.743191,1.0
0.343316,0.0
0.591091,1.0
0.7371,1.0
0.733103,1.0
0.592873,1.0
0.575424,0.0
0.322012,0.0
0.572086,0.0
0.342203,0.0
0.605478,1.0
0.592424,1.0
0.742723,1.0
0.554354,0.0
0.361963,1.0
0.555487,1.0
0.554065,0.0
0.362802,0.0
0.75012,1.0
0.740208,1.0
0.725618,0.0
0.743246,1.0
0.384255,1.0
0.383479,1.0
0.742394,1.0
0.600309,1.0
0.744632,1.0
0.386352,0.0
0.742332,1.0
0.356873,1.0
0.559448,1.0
0.743809,1.0
0.599345,1.0
0.602299,1.0
0.74216,1.0
0.360899,0.0
0.744339,1.0
0.743774,1.0
0.359596,0.0
0.59925,1.0
0.363222,1.0
0.741806,0.0
0.361477,0.0
0.743363,1.0
0.599382,1.0
0.366153,1.0
0.363648,0.0
0.359284,0.0
0.745106,1.0
0.361126,1.0
0.745668,1.0
0.602642,0.0
0.744145,1.0
0.353449,0.0
0.361565,0.0
0.746732,1.0
0.356032,0.0
0.7416,1.0
0.359317,0.0
0.364564,0.0
0.599128,1.0
0.599075,1.0
0.746496,1.0
0.382971,1.0
0.351712,0.0
0.357896,0.0
0.553493,1.0
0.382996,1.0
0.360956,1.0
0.744519,1.0
0.726786,1.0
0.386032,1.0
0.741958,1.0
0.365882,0.0
0.363406,1.0
0.594281,0.0
0.361463,0.0
0.743311,1.0
0.743236,1.0
0.383988,1.0
0.556287,1.0
0.363527,0.0
0.363955,0.0
0.7429,1.0
0.556799,0.0
0.747316,1.0
0.743946,1.0
0.556755,1.0
0.383911,1.0
0.740619,1.0
0.748782,1.0
0.744393,1.0
0.72493,0.0
0.599147,1.0
0.366377,1.0
0.744726,1.0
0.740018,1.0
0.555196,1.0
0.743255,1.0
0.38225,1.0
0.746178,1.0
0.359459,1.0
0.599079,1.0
0.746615,1.0
0.742554,1.0
0.599127,1.0
0.556076,1.0
0.365449,0.0
0.554799,1.0
0.360285,1.0
0.609858,1.0
0.602317,1.0
0.852142,1.0
0.415991,0.0
0.901467,1.0
0.421078,0.0
0.408443,0.0
0.895312,1.0
0.776373,1.0
0.870609,1.0
0.855165,1.0
0.849657,1.0
0.89786,1.0
0.892901,1.0
0.854957,1.0
0.427181,1.0
0.84002,1.0
0.900663,0.0
0.854344,1.0
0.883403,1.0
0.416304,0.0
0.838834,1.0
0.423325,0.0
0.424652,0.0
0.856657,1.0
0.88879,1.0
0.839428,1.0
0.845596,1.0
0.876427,1.0
0.415525,1.0
0.905282,1.0
0.844696,1.0
0.890737,1.0
0.847716,1.0
0.41633,0.0
0.913484,1.0
0.897957,1.0
0.882975,0.0
0.833447,1.0
0.891269,1.0
0.822605,0.0
0.408276,0.0
0.828728,1.0
0.851346,1.0
0.883648,1.0
0.81122,1.0
0.862234,1.0
0.859199,1.0
0.883046,0.0
0.900912,1.0
0.41571,1.0
0.415431,0.0
0.804572,0.0
0.873678,1.0
0.850102,1.0
0.877714,1.0
0.426389,1.0
0.876066,1.0
0.897752,1.0
0.836777,1.0
0.84741,1.0
0.907423,1.0
0.849993,1.0
0.905053,1.0
0.906092,1.0
0.407438,0.0
0.88326,1.0
0.845746,0.0
0.843924,1.0
0.882581,1.0
0.423872,1.0
0.897724,1.0
0.891842,1.0
0.853159,1.0
0.401107,0.0
0.798196,1.0
0.836504,0.0
0.417004,1.0
0.895563,1.0
0.868935,1.0
0.77176,1.0
0.826866,0.0
0.844311,1.0
0.423455,0.0
0.907908,1.0
0.832576,1.0
0.87024,1.0
0.422515,0.0
0.840495,1.0
0.867842,1.0
0.822356,1.0
0.885156,1.0
0.42206,0.0
0.803578,1.0
0.853694,1.0
0.415716,0.0
0.424981,0.0
0.903776,1.0
0.424069,0.0
0.888469,1.0
0.437088,0.0
0.424611,0.0
0.622184,1.0
0.59813,1.0
0.568547,1.0
0.599366,1.0
0.598982,1.0
0.5691,0.0
0.612584,1.0
0.623391,0.0
0.624892,1.0
0.621725,1.0
0.56784,1.0
0.567028,1.0
0.623032,1.0
0.584596,0.0
0.620345,0.0
0.573057,0.0
0.622036,1.0
0.56562,1.0
0.600419,1.0
0.620343,1.0
0.601355,0.0
0.601569,0.0
0.623295,1.0
0.567978,1.0
0.620524,1.0
0.621367,1.0
0.565749,0.0
0.586383,1.0
0.569143,1.0
0.62188,1.0
0.568317,1.0
0.621634,1.0
0.602345,1.0
0.570356,1.0
0.569556,1.0
0.570308,1.0
0.617669,0.0
0.566925,1.0
0.619214,0.0
0.602098,0.0
0.621918,0.0
0.56089,0.0
0.56706,0.0
0.618167,0.0
0.563062,0.0
0.623436,1.0
0.570318,0.0
0.570044,1.0
0.586337,1.0
0.602433,1.0
0.620364,0.0
0.563701,0.0
0.56066,1.0
0.566001,0.0
0.581872,1.0
0.564134,1.0
0.56797,1.0
0.620181,1.0
0.622942,1.0
0.569345,0.0
0.624125,1.0
0.570725,0.0
0.569258,1.0
0.601098,1.0
0.566991,0.0
0.622698,1.0
0.621686,1.0
0.565285,1.0
0.582814,0.0
0.569505,1.0
0.568505,0.0
0.621502,1.0
0.600507,1.0
0.61433,1.0
0.623046,1.0
0.58377,0.0
0.567469,1.0
0.624038,1.0
0.610551,0.0
0.620782,0.0
0.62534,1.0
0.601316,0.0
0.569476,1.0
0.618331,0.0
0.625707,0.0
0.599141,0.0
0.621914,1.0
0.562608,1.0
0.619001,1.0
0.565909,1.0
0.601505,1.0
0.617703,1.0
0.622834,1.0
0.6024,1.0
0.599113,1.0
0.570516,1.0
0.59888,0.0
0.566457,1.0
0.600764,1.0
0.601578,1.0
0.853746,1.0
0.34821,1.0
0.900089,1.0
0.344772,0.0
0.34819,0.0
0.88757,1.0
0.785724,1.0
0.866439,1.0
0.849556,1.0
0.8518,1.0
0.895979,1.0
0.892056,1.0
0.856117,1.0
0.425667,1.0
0.84191,1.0
0.887004,1.0
0.855402,1.0
0.886095,1.0
0.340502,0.0
0.842654,1.0
0.328718,0.0
0.325688,0.0
0.85748,1.0
0.882832,1.0
0.843123,1.0
0.848297,1.0
0.87157,1.0
0.423467,1.0
0.902914,1.0
0.839396,1.0
0.884433,1.0
0.850185,0.0
0.329978,1.0
0.908885,1.0
0.890253,1.0
0.874228,0.0
0.836361,1.0
0.892044,1.0
0.821964,0.0
0.326965,0.0
0.832391,1.0
0.849508,1.0
0.877675,1.0
0.816857,1.0
0.859247,0.0
0.859294,1.0
0.873669,1.0
0.892629,1.0
0.423767,0.0
0.33001,0.0
0.805791,1.0
0.875222,0.0
0.849393,1.0
0.872953,1.0
0.45117,1.0
0.877927,0.0
0.897267,1.0
0.840817,1.0
0.851776,1.0
0.902791,0.0
0.851935,1.0
0.895354,1.0
0.903533,1.0
0.337513,0.0
0.877341,1.0
0.843629,0.0
0.846937,1.0
0.883396,1.0
0.439228,1.0
0.890089,1.0
0.88446,0.0
0.854528,1.0
0.343093,0.0
0.806786,1.0
0.835921,0.0
0.436886,0.0
0.894171,1.0
0.866952,1.0
0.77972,1.0
0.825395,0.0
0.840554,1.0
0.328935,1.0
0.904684,1.0
0.835565,1.0
0.866536,1.0
0.341775,1.0
0.84413,1.0
0.870851,1.0
0.828469,1.0
0.887213,1.0
0.332048,1.0
0.81177,1.0
0.85509,1.0
0.330045,0.0
0.343025,0.0
0.894889,1.0
0.342578,0.0
0.889849,1.0
0.323374,1.0
0.329113,1.0
0.623011,0.0
0.596192,1.0
0.568867,1.0
0.611985,1.0
0.610609,1.0
0.567288,0.0
0.615887,1.0
0.623399,0.0
0.624039,1.0
0.622674,1.0
0.568301,1.0
0.56775,1.0
0.623787,1.0
0.583384,0.0
0.621517,1.0
0.567195,1.0
0.622739,1.0
0.566895,1.0
0.612499,0.0
0.621589,1.0
0.614666,0.0
0.6151,1.0
0.623986,1.0
0.566413,0.0
0.621785,1.0
0.622439,0.0
0.564874,0.0
0.583725,1.0
0.569254,1.0
0.621531,1.0
0.56665,1.0
0.625622,1.0
0.600239,1.0
0.570032,1.0
0.567501,1.0
0.568242,1.0
0.618954,1.0
0.56776,1.0
0.620121,0.0
0.614034,1.0
0.623406,1.0
0.56121,1.0
0.565822,0.0
0.62031,0.0
0.566188,0.0
0.623971,1.0
0.565165,0.0
0.567836,1.0
0.600153,1.0
0.614072,0.0
0.61848,0.0
0.568601,1.0
0.561013,1.0
0.565087,0.0
0.577779,1.0
0.568803,1.0
0.568484,1.0
0.621493,0.0
0.623963,1.0
0.572291,1.0
0.62496,1.0
0.568402,1.0
0.569331,1.0
0.612308,1.0
0.565771,1.0
0.623146,1.0
0.622742,0.0
0.566512,1.0
0.5799,0.0
0.567469,1.0
0.569904,1.0
0.6223,0.0
0.611261,1.0
0.616733,1.0
0.623751,1.0
0.597166,0.0
0.56805,1.0
0.624253,1.0
0.613441,1.0
0.621444,1.0
0.624719,1.0
0.600857,0.0
0.569451,1.0
0.619585,0.0
0.625814,1.0
0.598457,0.0
0.623078,1.0
0.564584,1.0
0.620873,1.0
0.567065,1.0
0.600043,0.0
0.62009,1.0
0.623633,1.0
0.614074,1.0
0.612306,0.0
0.568153,1.0
0.612583,0.0
0.567443,1.0
0.601831,0.0
0.600588,1.0
0.497392,0.0
0.536467,0.0
0.502598,1.0
0.532957,0.0
0.533315,0.0
0.50612,0.0
0.50464,0.0
0.495827,1.0
0.497434,0.0
0.495836,0.0
0.50311,0.0
0.503601,0.0
0.495515,1.0
0.53912,0.0
0.496954,1.0
0.504357,0.0
0.495729,1.0
0.504287,1.0
0.531728,1.0
0.497373,0.0
0.531028,1.0
0.531987,1.0
0.495362,0.0
0.506638,0.0
0.497179,0.0
0.497967,0.0
0.508091,1.0
0.540255,0.0
0.502283,1.0
0.497651,1.0
0.504472,0.0
0.497104,1.0
0.535537,1.0
0.501532,1.0
0.503794,1.0
0.506501,1.0
0.497467,0.0
0.503631,1.0
0.502409,1.0
0.532239,1.0
0.499796,0.0
0.508941,1.0
0.507369,0.0
0.502217,1.0
0.510187,1.0
0.495505,0.0
0.507899,0.0
0.503473,0.0
0.53693,1.0
0.531299,0.0
0.504336,1.0
0.506456,1.0
0.50891,0.0
0.507883,0.0
0.541784,1.0
0.506065,1.0
0.502966,0.0
0.499142,0.0
0.496583,1.0
0.502964,1.0
0.497343,1.0
0.503203,0.0
0.502172,1.0
0.532837,0.0
0.505478,1.0
0.498661,1.0
0.49874,1.0
0.504742,1.0
0.539916,0.0
0.503762,1.0
0.505236,0.0
0.496985,1.0
0.533124,1.0
0.502139,0.0
0.500003,0.0
0.536424,1.0
0.503334,1.0
0.49408,0.0
0.50565,1.0
0.501936,1.0
0.499718,0.0
0.534254,1.0
0.502025,1.0
0.499581,0.0
0.494455,1.0
0.534858,0.0
0.497845,1.0
0.506284,0.0
0.499167,1.0
0.504227,1.0
0.534579,0.0
0.502177,0.0
0.495659,1.0
0.532378,1.0
0.531775,0.0
0.503196,1.0
0.531579,1.0
0.503893,0.0
0.534082,0.0
0.535451,1.0
0.539252,1.0
0.537777,0.0
0.541609,1.0
0.533285,1.0
0.533596,0.0
0.536687,0.0
0.533785,0.0
0.542773,0.0
0.539957,0.0
0.539163,0.0
0.53727,0.0
0.537012,1.0
0.543136,1.0
0.539892,1.0
0.5416,0.0
0.536544,0.0
0.542504,1.0
0.540894,0.0
0.533008,0.0
0.538453,0.0
0.5326,1.0
0.532851,1.0
0.539989,0.0
0.536395,1.0
0.538508,0.0
0.538795,0.0
0.540091,1.0
0.540764,1.0
0.541747,1.0
0.541686,1.0
0.536473,0.0
0.542039,0.0
0.537182,0.0
0.542024,1.0
0.541096,1.0
0.539831,1.0
0.536877,0.0
0.541209,1.0
0.538088,1.0
0.533103,1.0
0.539082,1.0
0.538676,0.0
0.535995,0.0
0.540574,1.0
0.538986,1.0
0.540069,0.0
0.535616,0.0
0.53703,1.0
0.535358,0.0
0.532695,0.0
0.539364,1.0
0.53996,0.0
0.533792,0.0
0.535648,0.0
0.542908,1.0
0.540147,1.0
0.537355,0.0
0.538162,0.0
0.543239,0.0
0.541454,1.0
0.54386,1.0
0.537172,0.0
0.541775,1.0
0.533329,0.0
0.540372,1.0
0.540431,1.0
0.542313,1.0
0.540756,1.0
0.540797,0.0
0.541084,1.0
0.536058,0.0
0.54207,1.0
0.533633,1.0
0.535091,0.0
0.53739,0.0
0.535344,1.0
0.541314,1.0
0.54038,0.0
0.536404,0.0
0.539187,0.0
0.540194,1.0
0.53647,1.0
0.541818,1.0
0.537057,1.0
0.544369,1.0
0.536689,1.0
0.542652,0.0
0.535519,0.0
0.541195,0.0
0.540957,1.0
0.536488,0.0
0.536859,0.0
0.543036,1.0
0.533112,0.0
0.532906,1.0
0.541332,1.0
0.532877,1.0
0.536869,0.0
0.53611,0.0
0.537089,1.0
0.873808,1.0
0.406346,0.0
0.909014,1.0
0.374082,0.0
0.370538,0.0
0.907383,1.0
0.839649,1.0
0.882287,1.0
0.876724,1.0
0.878629,1.0
0.912229,1.0
0.907145,1.0
0.875195,1.0
0.427878,1.0
0.872777,1.0
0.90735,1.0
0.874199,1.0
0.906006,1.0
0.369745,0.0
0.8736,1.0
0.373577,1.0
0.376337,0.0
0.881392,1.0
0.901955,1.0
0.874144,1.0
0.87587,1.0
0.893993,1.0
0.438009,0.0
0.910225,1.0
0.866348,1.0
0.906875,1.0
0.873178,1.0
0.404671,1.0
0.912731,1.0
0.904441,1.0
0.892732,1.0
0.870054,1.0
0.905384,1.0
0.849029,0.0
0.37819,0.0
0.864042,1.0
0.885567,1.0
0.902553,1.0
0.853226,1.0
0.883481,1.0
0.881687,1.0
0.89996,1.0
0.907312,1.0
0.378478,1.0
0.364705,1.0
0.844402,1.0
0.89721,1.0
0.887749,1.0
0.900161,1.0
0.477076,1.0
0.89544,1.0
0.912797,1.0
0.871678,1.0
0.877416,1.0
0.907497,1.0
0.872788,1.0
0.911617,1.0
0.910499,1.0
0.369447,1.0
0.89782,1.0
0.86297,1.0
0.869095,1.0
0.901224,1.0
0.438659,1.0
0.904382,1.0
0.903813,0.0
0.87302,1.0
0.380652,0.0
0.852533,1.0
0.864604,1.0
0.382483,1.0
0.90636,1.0
0.885215,1.0
0.832733,1.0
0.855915,0.0
0.867436,1.0
0.403778,0.0
0.910991,1.0
0.863785,1.0
0.880007,1.0
0.401156,1.0
0.873301,1.0
0.900147,1.0
0.865616,1.0
0.90311,1.0
0.394067,1.0
0.85656,1.0
0.874688,1.0
0.372012,1.0
0.370801,0.0
0.906593,1.0
0.374509,1.0
0.909499,1.0
0.391248,1.0
0.409322,1.0
0.512932,0.0
0.512932,1.0
0.512932,0.0
0.512932,0.0
0.512932,0.0
0.512932,1.0
0.512932,0.0
0.512932,0.0
0.512932,0.0
0.512932,1.0
0.512932,0.0
0.512932,0.0
0.512932,1.0
0.512932,0.0
0.512932,0.0
0.512932,1.0
0.512932,1.0
0.512932,1.0
0.512932,0.0
0.512932,0.0
0.512932,0.0
0.512932,1.0
0.512932,1.0
0.512932,1.0
0.512932,1.0
0.512932,1.0
0.512932,0.0
0.512932,0.0
0.512932,0.0
0.512932,0.0
0.512932,0.0
0.512932,0.0
0.512932,1.0
0.512932,0.0
0.512932,0.0
0.512932,1.0
0.512932,1.0
0.512932,1.0
0.512932,0.0
0.512932,1.0
0.512932,0.0
0.512932,1.0
0.512932,0.0
0.512932,0.0
0.512932,0.0
0.512932,1.0
0.512932,1.0
0.512932,0.0
0.512932,0.0
0.512932,1.0
0.512932,1.0
0.512932,0.0
0.512932,0.0
0.512932,1.0
0.512932,0.0
0.512932,0.0
0.512932,0.0
0.512932,0.0
0.512932,0.0
0.512932,0.0
0.512932,1.0
0.512932,0.0
0.512932,0.0
0.512932,0.0
0.512932,1.0
0.512932,0.0
0.512932,0.0
0.512932,0.0
0.512932,0.0
0.512932,1.0
0.512932,1.0
0.512932,1.0
0.512932,0.0
0.512932,0.0
0.512932,1.0
0.512932,1.0
0.512932,1.0
0.512932,1.0
0.512932,0.0
0.512932,0.0
0.512932,1.0
0.512932,0.0
0.512932,1.0
0.512932,1.0
0.512932,1.0
0.512932,1.0
0.512932,0.0
0.512932,0.0
0.512932,1.0
0.512932,1.0
0.512932,0.0
0.512932,1.0
0.512932,1.0
0.512932,0.0
0.512932,1.0
0.512932,0.0
0.512932,0.0
0.512932,1.0
0.512932,0.0
0.512932,0.0
0.493895,0.0
0.518569,1.0
0.493895,0.0
0.493895,0.0
0.493895,0.0
0.518569,1.0
0.493895,0.0
0.493895,0.0
0.493895,0.0
0.518569,1.0
0.493895,0.0
0.493895,1.0
0.518569,1.0
0.493895,0.0
0.493895,1.0
0.518569,1.0
0.518569,1.0
0.518569,0.0
0.493895,1.0
0.493895,1.0
0.493895,0.0
0.518569,1.0
0.518569,0.0
0.518569,1.0
0.518569,0.0
0.518569,0.0
0.493895,0.0
0.493895,1.0
0.493895,0.0
0.493895,0.0
0.493895,0.0
0.493895,0.0
0.518569,1.0
0.493895,1.0
0.493895,0.0
0.518569,1.0
0.518569,1.0
0.518569,0.0
0.493895,0.0
0.518569,0.0
0.493895,0.0
0.518569,1.0
0.493895,0.0
0.493895,1.0
0.493895,0.0
0.518569,1.0
0.518569,0.0
0.493895,1.0
0.493895,1.0
0.518569,0.0
0.518569,1.0
0.493895,0.0
0.493895,0.0
0.518569,0.0
0.493895,1.0
0.493895,0.0
0.493895,0.0
0.493895,0.0
0.493895,1.0
0.493895,0.0
0.518569,1.0
0.493895,0.0
0.493895,1.0
0.493895,1.0
0.518569,1.0
0.493895,0.0
0.493895,0.0
0.493895,1.0
0.493895,1.0
0.518569,0.0
0.518569,1.0
0.518569,1.0
0.493895,1.0
0.493895,1.0
0.518569,1.0
0.518569,1.0
0.518569,0.0
0.518569,1.0
0.493895,0.0
0.493895,0.0
0.518569,1.0
0.493895,0.0
0.518569,1.0
0.518569,0.0
0.518569,0.0
0.518569,1.0
0.493895,0.0
0.493895,0.0
0.518569,1.0
0.518569,1.0
0.493895,1.0
0.518569,1.0
0.518569,1.0
0.493895,0.0
0.518569,1.0
0.493895,0.0
0.493895,1.0
0.518569,1.0
0.493895,0.0
0.493895,1.0
0.532489,1.0
0.499922,1.0
0.532489,0.0
0.532489,0.0
0.532489,0.0
0.499922,1.0
0.532489,1.0
0.532489,1.0
0.532489,1.0
0.499922,1.0
0.532489,0.0
0.511904,0.0
0.499922,1.0
0.532489,1.0
0.511904,1.0
0.499922,1.0
0.499922,0.0
0.521149,1.0
0.511904,0.0
0.511904,1.0
0.532489,1.0
0.499922,0.0
0.521149,1.0
0.499922,1.0
0.521149,1.0
0.521149,1.0
0.532489,1.0
0.511904,0.0
0.532489,1.0
0.532489,0.0
0.532489,1.0
0.532489,0.0
0.499922,1.0
0.511904,1.0
0.532489,1.0
0.499922,1.0
0.499922,0.0
0.521149,0.0
0.532489,1.0
0.521149,1.0
0.532489,1.0
0.499922,1.0
0.532489,1.0
0.511904,1.0
0.532489,1.0
0.499922,1.0
0.521149,1.0
0.511904,1.0
0.511904,1.0
0.521149,1.0
0.499922,1.0
0.532489,0.0
0.532489,1.0
0.521149,1.0
0.511904,0.0
0.532489,0.0
0.532489,1.0
0.532489,1.0
0.511904,1.0
0.532489,0.0
0.499922,1.0
0.532489,1.0
0.511904,1.0
0.511904,0.0
0.499922,1.0
0.532489,1.0
0.532489,1.0
0.511904,1.0
0.511904,1.0
0.521149,1.0
0.499922,0.0
0.499922,0.0
0.511904,1.0
0.511904,1.0
0.499922,1.0
0.499922,0.0
0.521149,0.0
0.499922,1.0
0.532489,0.0
0.532489,0.0
0.499922,1.0
0.532489,0.0
0.499922,1.0
0.521149,1.0
0.521149,0.0
0.499922,0.0
0.532489,0.0
0.532489,1.0
0.499922,0.0
0.499922,1.0
0.511904,1.0
0.499922,0.0
0.499922,1.0
0.532489,0.0
0.499922,1.0
0.532489,1.0
0.511904,1.0
0.499922,1.0
0.532489,1.0
0.511904,1.0
0.558531,1.0
0.564084,1.0
0.576364,1.0
0.576364,0.0
0.576364,1.0
0.564084,1.0
0.558531,0.0
0.558531,0.0
0.558531,0.0
0.564084,0.0
0.576364,1.0
0.580036,1.0
0.564084,0.0
0.558531,1.0
0.562203,1.0
0.564084,1.0
0.581833,1.0
0.560397,1.0
0.580036,1.0
0.562203,1.0
0.558531,1.0
0.581833,0.0
0.560397,1.0
0.564084,1.0
0.560397,1.0
0.560397,1.0
0.558531,1.0
0.580036,1.0
0.558531,1.0
0.576364,0.0
0.558531,0.0
0.576364,1.0
0.564084,0.0
0.562203,0.0
0.558531,1.0
0.564084,1.0
0.581833,0.0
0.578189,1.0
0.558531,1.0
0.560397,1.0
0.558531,1.0
0.564084,0.0
0.558531,1.0
0.562203,0.0
0.558531,0.0
0.564084,0.0
0.560397,1.0
0.562203,1.0
0.562203,1.0
0.560397,1.0
0.564084,0.0
0.576364,1.0
0.558531,1.0
0.560397,1.0
0.580036,0.0
0.576364,1.0
0.558531,1.0
0.558531,1.0
0.562203,0.0
0.576364,1.0
0.564084,0.0
0.558531,0.0
0.562203,1.0
0.580036,0.0
0.564084,0.0
0.558531,1.0
0.558531,1.0
0.562203,0.0
0.562203,0.0
0.560397,1.0
0.581833,0.0
0.581833,0.0
0.562203,1.0
0.562203,1.0
0.564084,0.0
0.581833,0.0
0.578189,0.0
0.564084,0.0
0.576364,1.0
0.576364,1.0
0.564084,1.0
0.576364,1.0
0.564084,1.0
0.560397,0.0
0.578189,1.0
0.581833,1.0
0.576364,1.0
0.558531,0.0
0.581833,0.0
0.564084,1.0
0.562203,1.0
0.581833,0.0
0.564084,0.0
0.576364,0.0
0.564084,0.0
0.558531,1.0
0.562203,1.0
0.564084,1.0
0.558531,0.0
0.562203,0.0
0.54565,1.0
0.543453,1.0
0.544227,1.0
0.543231,1.0
0.544227,1.0
0.543453,1.0
0.545091,1.0
0.545091,1.0
0.545091,1.0
0.54289,1.0
0.544227,0.0
0.543012,0.0
0.54289,1.0
0.54565,1.0
0.544438,0.0
0.543453,1.0
0.542573,0.0
0.544676,0.0
0.543012,1.0
0.544438,0.0
0.54565,0.0
0.541606,0.0
0.544676,1.0
0.543453,0.0
0.544676,1.0
0.544676,1.0
0.54565,1.0
0.543012,1.0
0.54565,1.0
0.543231,1.0
0.545091,1.0
0.544227,1.0
0.54289,1.0
0.543864,0.0
0.54565,1.0
0.543453,1.0
0.541606,1.0
0.543769,1.0
0.54565,0.0
0.544676,0.0
0.54565,0.0
0.54289,1.0
0.54565,1.0
0.543864,0.0
0.545091,1.0
0.54289,0.0
0.544676,1.0
0.544438,1.0
0.544438,1.0
0.544676,1.0
0.54289,0.0
0.544227,1.0
0.54565,0.0
0.544676,1.0
0.542024,1.0
0.544227,1.0
0.54565,1.0
0.54565,1.0
0.543864,1.0
0.544227,1.0
0.54289,1.0
0.545091,1.0
0.544438,1.0
0.542024,1.0
0.54289,1.0
0.54565,0.0
0.54565,0.0
0.543864,0.0
0.543864,0.0
0.544676,1.0
0.541606,1.0
0.541606,1.0
0.544438,1.0
0.544438,0.0
0.54289,0.0
0.541606,1.0
0.542794,1.0
0.54289,1.0
0.544227,0.0
0.544227,0.0
0.543453,0.0
0.544227,0.0
0.543453,1.0
0.544127,1.0
0.543769,1.0
0.542573,1.0
0.544227,1.0
0.545091,0.0
0.541606,0.0
0.543453,1.0
0.544438,1.0
0.541606,1.0
0.54289,1.0
0.543231,0.0
0.54289,0.0
0.54565,1.0
0.544438,1.0
0.543453,0.0
0.545091,1.0
0.543864,1.0
0.560573,1.0
0.561355,1.0
0.592213,1.0
0.593204,1.0
0.592213,1.0
0.561355,1.0
0.559029,0.0
0.559029,0.0
0.559029,0.0
0.559573,0.0
0.591923,1.0
0.591082,0.0
0.559573,1.0
0.560573,1.0
0.559142,1.0
0.561355,0.0
0.589411,1.0
0.557136,1.0
0.591435,1.0
0.559142,1.0
0.557866,1.0
0.590347,1.0
0.560037,1.0
0.558431,1.0
0.560037,1.0
0.560037,1.0
0.560573,0.0
0.591435,1.0
0.560573,1.0
0.593204,0.0
0.559029,1.0
0.592213,1.0
0.559573,0.0
0.557709,0.0
0.560573,1.0
0.561355,1.0
0.59074,0.0
0.590604,1.0
0.557866,1.0
0.557136,1.0
0.557866,1.0
0.559573,0.0
0.560573,1.0
0.557709,0.0
0.559029,0.0
0.556741,0.0
0.560037,1.0
0.561874,1.0
0.561874,1.0
0.560037,1.0
0.556741,1.0
0.592213,1.0
0.557866,0.0
0.560037,1.0
0.592366,0.0
0.592213,1.0
0.560573,1.0
0.560573,0.0
0.560345,0.0
0.592213,1.0
0.559573,1.0
0.559029,1.0
0.561874,0.0
0.592366,0.0
0.559573,0.0
0.557866,1.0
0.557866,1.0
0.557709,0.0
0.557709,1.0
0.560037,1.0
0.59074,0.0
0.59074,1.0
0.561874,1.0
0.559142,1.0
0.556741,0.0
0.59074,1.0
0.591543,0.0
0.559573,0.0
0.591923,1.0
0.591923,1.0
0.558431,1.0
0.591923,1.0
0.561355,1.0
0.558238,0.0
0.590604,1.0
0.589872,1.0
0.592213,1.0
0.556417,0.0
0.590347,0.0
0.561355,1.0
0.561874,1.0
0.59074,1.0
0.559573,0.0
0.592976,1.0
0.556741,0.0
0.560573,1.0
0.561874,1.0
0.558431,1.0
0.559029,0.0
0.560345,0.0
0.579548,1.0
0.576764,1.0
0.579975,0.0
0.57982,0.0
0.579975,0.0
0.576764,0.0
0.56695,1.0
0.56695,1.0
0.56695,0.0
0.562798,1.0
0.579737,0.0
0.577627,0.0
0.570444,1.0
0.579548,0.0
0.57545,0.0
0.568886,1.0
0.579382,1.0
0.574498,1.0
0.579776,1.0
0.57545,0.0
0.576448,1.0
0.579208,1.0
0.577822,1.0
0.573481,1.0
0.577822,1.0
0.577822,1.0
0.572403,0.0
0.579776,1.0
0.579548,1.0
0.578072,1.0
0.573831,0.0
0.579975,1.0
0.562798,1.0
0.563825,1.0
0.579548,1.0
0.576764,1.0
0.577438,1.0
0.579918,1.0
0.576448,1.0
0.574498,0.0
0.576448,1.0
0.562798,1.0
0.579548,0.0
0.563825,1.0
0.56695,0.0
0.560491,0.0
0.577822,0.0
0.578497,1.0
0.578497,0.0
0.577822,1.0
0.567784,1.0
0.579975,0.0
0.569614,0.0
0.577822,1.0
0.5777,0.0
0.579975,0.0
0.579548,0.0
0.572403,1.0
0.565871,1.0
0.579975,1.0
0.570444,1.0
0.573831,0.0
0.571217,1.0
0.5777,0.0
0.562798,0.0
0.576448,0.0
0.576448,1.0
0.563825,1.0
0.570479,1.0
0.577822,0.0
0.577438,1.0
0.579497,1.0
0.578497,0.0
0.57545,0.0
0.560491,1.0
0.579497,1.0
0.577803,1.0
0.562798,1.0
0.579737,1.0
0.579737,1.0
0.573481,0.0
0.579737,0.0
0.576764,1.0
0.563895,1.0
0.579918,1.0
0.579748,0.0
0.579975,0.0
0.564858,0.0
0.577314,1.0
0.576764,0.0
0.578497,1.0
0.579497,1.0
0.562798,0.0
0.579634,0.0
0.560491,1.0
0.579548,1.0
0.578497,0.0
0.573481,1.0
0.56695,0.0
0.565871,0.0
0.606585,0.0
0.605081,1.0
0.561044,0.0
0.561455,1.0
0.561044,1.0
0.535311,1.0
0.593674,1.0
0.593674,1.0
0.529633,1.0
0.589325,1.0
0.561659,1.0
0.561269,0.0
0.597795,1.0
0.541974,0.0
0.537821,1.0
0.596118,1.0
0.59543,1.0
0.601888,1.0
0.595483,1.0
0.537821,0.0
0.602951,1.0
0.595,1.0
0.605941,1.0
0.601051,0.0
0.605941,1.0
0.605941,1.0
0.533963,0.0
0.595483,1.0
0.606585,1.0
0.593989,1.0
0.536423,1.0
0.595118,1.0
0.589325,1.0
0.590942,1.0
0.606585,1.0
0.605081,1.0
0.594665,1.0
0.595615,1.0
0.602951,1.0
0.53478,1.0
0.602951,1.0
0.589325,1.0
0.541974,0.0
0.590942,1.0
0.529633,1.0
0.519562,1.0
0.53747,0.0
0.605897,1.0
0.539936,1.0
0.605941,1.0
0.594747,1.0
0.561044,1.0
0.532874,1.0
0.605941,1.0
0.561027,1.0
0.561044,0.0
0.541974,0.0
0.598951,1.0
0.592642,0.0
0.595118,1.0
0.597795,0.0
0.536423,0.0
0.597994,0.0
0.561027,1.0
0.519723,0.0
0.539783,0.0
0.602951,1.0
0.590942,1.0
0.597311,1.0
0.53747,1.0
0.594665,1.0
0.595539,1.0
0.539936,1.0
0.537821,1.0
0.587066,1.0
0.595539,1.0
0.594379,1.0
0.589325,1.0
0.594632,1.0
0.594632,1.0
0.532637,1.0
0.561659,1.0
0.605081,1.0
0.590527,1.0
0.595615,1.0
0.559451,0.0
0.561044,1.0
0.530032,1.0
0.594223,1.0
0.535311,1.0
0.605897,1.0
0.595539,1.0
0.519723,1.0
0.562045,1.0
0.587066,0.0
0.606585,1.0
0.539936,0.0
0.601051,1.0
0.529633,0.0
0.527268,1.0
0.493164,0.0
0.518202,1.0
0.605951,0.0
0.597019,0.0
0.595016,0.0
0.524859,1.0
0.48614,0.0
0.48614,1.0
0.493064,0.0
0.509242,1.0
0.597764,1.0
0.609351,0.0
0.512742,1.0
0.499229,0.0
0.496751,0.0
0.514818,1.0
0.576532,1.0
0.498813,1.0
0.576683,1.0
0.499274,0.0
0.484064,0.0
0.578874,0.0
0.509584,0.0
0.509401,1.0
0.509584,0.0
0.509584,0.0
0.496631,1.0
0.576683,0.0
0.491219,0.0
0.585634,0.0
0.494717,0.0
0.579926,0.0
0.509242,1.0
0.48713,1.0
0.491219,0.0
0.518202,1.0
0.579309,1.0
0.576442,1.0
0.484064,0.0
0.50458,1.0
0.484064,0.0
0.509242,1.0
0.499229,0.0
0.48713,1.0
0.493064,0.0
0.505298,1.0
0.517907,0.0
0.499268,0.0
0.504991,0.0
0.509584,1.0
0.502291,0.0
0.595016,0.0
0.489353,0.0
0.509584,0.0
0.597515,0.0
0.605951,1.0
0.499229,0.0
0.488106,1.0
0.495009,0.0
0.579926,0.0
0.514996,1.0
0.497327,0.0
0.49812,0.0
0.597515,0.0
0.518144,1.0
0.493135,0.0
0.484064,0.0
0.48713,0.0
0.488666,1.0
0.5156,1.0
0.579309,0.0
0.575514,1.0
0.504991,1.0
0.496751,0.0
0.498917,1.0
0.575514,1.0
0.582528,0.0
0.509242,1.0
0.582929,0.0
0.582929,0.0
0.513517,1.0
0.597764,0.0
0.518202,1.0
0.500698,1.0
0.576442,1.0
0.599264,1.0
0.595016,1.0
0.491854,0.0
0.582558,1.0
0.524859,1.0
0.499268,0.0
0.575514,1.0
0.515886,1.0
0.599578,0.0
0.501534,1.0
0.491219,0.0
0.50739,0.0
0.507342,1.0
0.495734,1.0
0.498888,0.0
0.667357,0.0
0.686909,1.0
0.404853,1.0
0.413296,1.0
0.414984,0.0
0.71799,1.0
0.634112,0.0
0.627626,1.0
0.670078,1.0
0.685637,1.0
0.385853,0.0
0.401035,0.0
0.684337,1.0
0.708569,1.0
0.679539,1.0
0.688685,1.0
0.391787,1.0
0.666893,1.0
0.391901,0.0
0.703109,0.0
0.628024,1.0
0.417348,0.0
0.680171,1.0
0.703427,0.0
0.680171,1.0
0.680171,1.0
0.706531,1.0
0.419081,0.0
0.650181,1.0
0.411332,1.0
0.674156,1.0
0.416251,0.0
0.685637,0.0
0.618243,1.0
0.650181,0.0
0.686909,1.0
0.389298,0.0
0.391743,0.0
0.628024,1.0
0.703323,0.0
0.628024,1.0
0.685637,0.0
0.708569,1.0
0.618243,1.0
0.670078,1.0
0.709788,1.0
0.740394,1.0
0.662811,1.0
0.695043,1.0
0.67959,1.0
0.673166,1.0
0.414984,0.0
0.657526,1.0
0.680171,0.0
0.412359,0.0
0.379427,0.0
0.708569,0.0
0.642262,1.0
0.671489,0.0
0.416251,0.0
0.712746,1.0
0.696282,1.0
0.682782,1.0
0.412359,0.0
0.750831,1.0
0.683363,1.0
0.628024,0.0
0.625789,1.0
0.625344,1.0
0.712209,1.0
0.416402,0.0
0.39301,0.0
0.696031,1.0
0.679539,1.0
0.670771,0.0
0.39301,0.0
0.413619,0.0
0.685637,1.0
0.41383,0.0
0.41383,0.0
0.712181,0.0
0.412285,1.0
0.686909,0.0
0.675387,1.0
0.391743,1.0
0.385976,0.0
0.388474,0.0
0.638092,0.0
0.386675,0.0
0.71799,1.0
0.662811,1.0
0.39301,1.0
0.721977,0.0
0.410822,1.0
0.697396,1.0
0.650181,0.0
0.722552,1.0
0.677226,0.0
0.688945,1.0
0.687357,1.0
0.646827,0.0
0.681621,1.0
0.425562,0.0
0.425621,0.0
0.343639,1.0
0.711286,1.0
0.59753,0.0
0.655645,0.0
0.712127,0.0
0.688604,1.0
0.328781,0.0
0.341002,0.0
0.684411,1.0
0.739064,0.0
0.712005,1.0
0.685426,0.0
0.405839,0.0
0.677195,0.0
0.327213,0.0
0.705608,1.0
0.648694,0.0
0.340234,0.0
0.68715,1.0
0.673041,0.0
0.68715,1.0
0.68715,1.0
0.737399,1.0
0.341007,0.0
0.668629,0.0
0.419704,0.0
0.710575,1.0
0.339652,1.0
0.653955,1.0
0.648959,1.0
0.616158,0.0
0.681621,0.0
0.325921,0.0
0.327034,1.0
0.648694,1.0
0.682022,0.0
0.648694,0.0
0.653955,0.0
0.739064,1.0
0.648959,1.0
0.712127,1.0
0.723465,1.0
0.736894,1.0
0.678276,0.0
0.715366,1.0
0.679816,1.0
0.687942,1.0
0.343639,0.0
0.702057,1.0
0.64978,1.0
0.342115,0.0
0.331078,0.0
0.70585,0.0
0.664493,1.0
0.660368,0.0
0.339652,0.0
0.707852,1.0
0.740037,1.0
0.709611,1.0
0.342115,0.0
0.731277,1.0
0.73445,1.0
0.585715,0.0
0.652223,1.0
0.652833,1.0
0.710334,1.0
0.33963,0.0
0.32776,1.0
0.709707,0.0
0.712005,1.0
0.644125,0.0
0.32776,0.0
0.338313,0.0
0.688604,1.0
0.338561,0.0
0.338561,0.0
0.686902,0.0
0.424819,1.0
0.65031,1.0
0.685448,1.0
0.405772,0.0
0.335362,0.0
0.330259,1.0
0.62711,0.0
0.32475,0.0
0.711286,0.0
0.678276,1.0
0.406704,0.0
0.697412,0.0
0.423826,0.0
0.717019,1.0
0.616158,0.0
0.739688,1.0
0.644482,0.0
0.737681,1.0
0.721261,1.0
0.659303,0.0
0.707941,1.0
0.371986,0.0
0.367101,0.0
0.352977,0.0
0.749934,0.0
0.572635,0.0
0.636258,1.0
0.703156,1.0
0.712451,0.0
0.282124,0.0
0.287703,0.0
0.708791,1.0
0.732332,1.0
0.727511,0.0
0.686507,0.0
0.353625,0.0
0.666759,0.0
0.278538,0.0
0.754199,0.0
0.617726,1.0
0.280532,0.0
0.698406,1.0
0.704948,1.0
0.698406,1.0
0.698406,1.0
0.752926,0.0
0.28057,0.0
0.644543,1.0
0.360658,0.0
0.728001,0.0
0.34777,0.0
0.707446,1.0
0.680516,1.0
0.607616,0.0
0.68347,0.0
0.278303,0.0
0.344147,0.0
0.67078,1.0
0.712352,1.0
0.617726,0.0
0.67567,0.0
0.748587,0.0
0.680516,1.0
0.732053,1.0
0.749385,1.0
0.759512,0.0
0.657635,0.0
0.728638,0.0
0.703274,1.0
0.700481,1.0
0.28457,0.0
0.72763,1.0
0.694348,0.0
0.284144,1.0
0.287002,0.0
0.731911,0.0
0.688579,1.0
0.681258,0.0
0.280421,0.0
0.743398,0.0
0.74917,1.0
0.726568,0.0
0.284144,0.0
0.772416,1.0
0.748209,0.0
0.548178,1.0
0.679114,0.0
0.681169,1.0
0.744367,1.0
0.280357,0.0
0.344454,0.0
0.713747,0.0
0.727511,1.0
0.659608,0.0
0.278637,0.0
0.280208,0.0
0.712451,1.0
0.280342,0.0
0.280342,0.0
0.721274,0.0
0.451749,0.0
0.704214,0.0
0.707104,1.0
0.353564,0.0
0.2889,0.0
0.349254,0.0
0.639373,0.0
0.278159,0.0
0.732915,0.0
0.692257,1.0
0.354088,0.0
0.7356,0.0
0.366009,0.0
0.741964,0.0
0.607616,0.0
0.752041,1.0
0.663065,0.0
0.751767,0.0
0.735481,0.0
0.574292,1.0
0.587793,1.0
0.610115,1.0
0.611217,1.0
0.608859,1.0
0.55476,1.0
0.578715,0.0
0.569017,0.0
0.546095,0.0
0.586591,1.0
0.621613,1.0
0.621165,0.0
0.583821,0.0
0.532629,0.0
0.55838,1.0
0.591695,0.0
0.612765,1.0
0.588394,1.0
0.622187,1.0
0.541177,0.0
0.567718,1.0
0.622474,0.0
0.585727,1.0
0.563074,1.0
0.585727,1.0
0.585727,1.0
0.537846,0.0
0.622505,0.0
0.575578,1.0
0.612196,1.0
0.55724,0.0
0.609674,0.0
0.583388,0.0
0.566801,1.0
0.58165,1.0
0.594227,1.0
0.622166,0.0
0.609729,1.0
0.570145,1.0
0.55812,1.0
0.576908,1.0
0.590421,0.0
0.53836,1.0
0.566801,1.0
0.543872,0.0
0.538337,1.0
0.540003,1.0
0.586608,1.0
0.560403,1.0
0.586688,1.0
0.579789,0.0
0.621913,1.0
0.546094,1.0
0.592765,1.0
0.609526,0.0
0.620802,1.0
0.542254,1.0
0.576341,1.0
0.563388,0.0
0.622465,1.0
0.554882,0.0
0.532319,1.0
0.558459,1.0
0.621912,0.0
0.53713,0.0
0.538062,1.0
0.569765,1.0
0.574105,1.0
0.571738,0.0
0.548594,0.0
0.622474,1.0
0.609706,0.0
0.562602,1.0
0.549476,1.0
0.585553,0.0
0.622196,0.0
0.622436,1.0
0.578655,0.0
0.622426,1.0
0.622426,0.0
0.565136,1.0
0.592382,1.0
0.59624,1.0
0.578185,0.0
0.612773,1.0
0.620667,1.0
0.6089,1.0
0.559646,0.0
0.622135,0.0
0.55909,1.0
0.582008,1.0
0.612723,0.0
0.553149,1.0
0.611331,1.0
0.546705,0.0
0.58165,0.0
0.53357,1.0
0.591412,1.0
0.537133,0.0
0.549709,0.0
0.532967,0.0
0.52175,1.0
0.533328,0.0
0.53302,1.0
0.533827,0.0
0.514335,1.0
0.564318,0.0
0.532277,0.0
0.518116,1.0
0.522043,0.0
0.530176,1.0
0.529222,1.0
0.521996,0.0
0.518502,1.0
0.517312,0.0
0.525056,0.0
0.532612,0.0
0.528277,0.0
0.530034,1.0
0.517893,0.0
0.538778,0.0
0.528913,0.0
0.523112,1.0
0.519214,0.0
0.523112,1.0
0.523112,0.0
0.518785,1.0
0.528905,0.0
0.530859,0.0
0.532754,0.0
0.517575,0.0
0.532514,1.0
0.523271,1.0
0.526569,1.0
0.555023,1.0
0.524948,1.0
0.528986,0.0
0.533577,1.0
0.530057,1.0
0.517546,0.0
0.549442,0.0
0.528356,0.0
0.51746,1.0
0.526569,0.0
0.516223,1.0
0.5149,0.0
0.517125,1.0
0.530643,0.0
0.517098,0.0
0.522531,0.0
0.52329,0.0
0.530104,0.0
0.516389,0.0
0.527359,1.0
0.531895,0.0
0.53037,0.0
0.517515,1.0
0.525587,0.0
0.525583,1.0
0.52997,1.0
0.515305,1.0
0.51742,0.0
0.517367,0.0
0.529048,0.0
0.517623,1.0
0.517269,0.0
0.561403,0.0
0.532162,0.0
0.52719,1.0
0.514771,1.0
0.529968,0.0
0.532504,1.0
0.517942,1.0
0.516051,0.0
0.531972,0.0
0.528979,1.0
0.529978,0.0
0.520846,0.0
0.52998,0.0
0.528926,0.0
0.517533,0.0
0.539282,0.0
0.52494,1.0
0.521915,1.0
0.53261,0.0
0.530406,1.0
0.533817,0.0
0.5359,0.0
0.528993,0.0
0.515078,0.0
0.524639,1.0
0.531534,0.0
0.515138,1.0
0.532991,1.0
0.515863,0.0
0.555295,1.0
0.51726,0.0
0.530597,0.0
0.518929,1.0
0.516465,1.0
0.675453,0.0
0.672495,1.0
0.341145,0.0
0.344539,0.0
0.351406,1.0
0.727787,0.0
0.410063,0.0
0.677323,1.0
0.735849,1.0
0.680554,0.0
0.339146,0.0
0.335387,1.0
0.683486,1.0
0.744734,0.0
0.727123,1.0
0.676524,0.0
0.339085,0.0
0.669606,0.0
0.338441,0.0
0.740098,0.0
0.660996,1.0
0.328417,0.0
0.675537,1.0
0.712121,0.0
0.675537,1.0
0.67918,1.0
0.744584,1.0
0.328317,0.0
0.67329,0.0
0.338231,0.0
0.730791,0.0
0.351502,0.0
0.676608,1.0
0.682076,1.0
0.613034,0.0
0.668589,1.0
0.329895,0.0
0.357067,0.0
0.674429,1.0
0.721247,1.0
0.630883,0.0
0.671251,0.0
0.744897,1.0
0.685163,0.0
0.735052,1.0
0.738679,1.0
0.742006,0.0
0.667402,0.0
0.728655,0.0
0.67692,1.0
0.686379,1.0
0.332193,0.0
0.732957,1.0
0.664215,0.0
0.366083,1.0
0.33481,0.0
0.737977,0.0
0.680054,1.0
0.705245,0.0
0.337066,0.0
0.729333,1.0
0.745805,1.0
0.725063,1.0
0.328996,0.0
0.731026,1.0
0.744853,1.0
0.447506,0.0
0.671653,0.0
0.681987,1.0
0.728724,1.0
0.331742,0.0
0.352561,0.0
0.720276,0.0
0.73265,1.0
0.668417,1.0
0.334994,0.0
0.3319,0.0
0.690496,1.0
0.331893,0.0
0.328608,1.0
0.718718,0.0
0.378844,1.0
0.663531,1.0
0.684768,1.0
0.339079,1.0
0.34004,1.0
0.352648,0.0
0.697865,0.0
0.330021,1.0
0.726605,1.0
0.675636,1.0
0.335071,0.0
0.727158,0.0
0.344597,0.0
0.739425,1.0
0.609955,1.0
0.745486,0.0
0.663681,0.0
0.744372,1.0
0.73626,1.0
0.698226,0.0
0.735066,1.0
0.307509,0.0
0.310416,0.0
0.385492,0.0
0.787244,1.0
0.290741,0.0
0.704989,1.0
0.775736,1.0
0.725154,0.0
0.309663,0.0
0.377117,0.0
0.737955,1.0
0.780474,0.0
0.781803,1.0
0.712246,0.0
0.306985,1.0
0.697884,0.0
0.309371,1.0
0.788422,0.0
0.689553,1.0
0.303156,0.0
0.726789,1.0
0.761922,0.0
0.726789,1.0
0.728497,1.0
0.787548,1.0
0.303109,0.0
0.686626,1.0
0.306374,1.0
0.773973,1.0
0.313811,0.0
0.732417,0.0
0.718856,1.0
0.586768,0.0
0.72287,1.0
0.3039,0.0
0.317402,0.0
0.706897,1.0
0.78349,1.0
0.611893,1.0
0.701273,0.0
0.786517,1.0
0.704377,1.0
0.785123,1.0
0.796512,1.0
0.78546,1.0
0.689747,0.0
0.772679,1.0
0.732467,1.0
0.72991,0.0
0.305286,0.0
0.785255,1.0
0.701829,0.0
0.396541,0.0
0.306507,1.0
0.781918,1.0
0.721375,1.0
0.738506,0.0
0.308631,1.0
0.78932,0.0
0.792412,1.0
0.780612,0.0
0.303355,0.0
0.804437,1.0
0.790938,0.0
0.312568,0.0
0.685971,0.0
0.715184,1.0
0.794856,1.0
0.305154,1.0
0.314466,0.0
0.767936,0.0
0.785837,1.0
0.707072,0.0
0.307219,0.0
0.305232,0.0
0.74538,1.0
0.305226,0.0
0.372037,0.0
0.775767,1.0
0.400942,0.0
0.725927,1.0
0.736114,1.0
0.377495,1.0
0.380718,0.0
0.313614,0.0
0.711347,0.0
0.372992,0.0
0.794006,1.0
0.721406,1.0
0.304533,0.0
0.786193,0.0
0.310477,0.0
0.789374,1.0
0.635457,0.0
0.787435,1.0
0.691388,0.0
0.787485,1.0
0.783984,1.0
0.683711,0.0
0.713211,1.0
0.578003,0.0
0.577995,1.0
0.578801,0.0
0.388253,1.0
0.581102,1.0
0.699277,1.0
0.396326,1.0
0.705052,0.0
0.577722,0.0
0.57843,0.0
0.69406,1.0
0.36527,0.0
0.414565,0.0
0.716149,1.0
0.577236,0.0
0.716325,1.0
0.576822,1.0
0.367691,0.0
0.702266,1.0
0.577627,1.0
0.718902,1.0
0.497018,0.0
0.718902,1.0
0.718482,1.0
0.360183,0.0
0.577626,0.0
0.713973,1.0
0.577272,1.0
0.412451,0.0
0.578058,1.0
0.702536,0.0
0.689108,1.0
0.647898,1.0
0.720269,1.0
0.577639,0.0
0.578105,1.0
0.71108,1.0
0.422456,0.0
0.66408,0.0
0.712771,1.0
0.362776,0.0
0.693116,1.0
0.384671,0.0
0.37032,0.0
0.362508,0.0
0.714459,1.0
0.423043,1.0
0.715362,1.0
0.704407,1.0
0.577679,0.0
0.397468,1.0
0.720005,1.0
0.578929,0.0
0.576937,0.0
0.370136,0.0
0.708475,1.0
0.533163,0.0
0.576836,1.0
0.392223,0.0
0.361776,0.0
0.427988,0.0
0.577641,0.0
0.359905,0.0
0.365238,0.0
0.581442,1.0
0.699783,1.0
0.697926,1.0
0.38345,1.0
0.576921,1.0
0.578059,1.0
0.441512,0.0
0.399488,0.0
0.707549,0.0
0.577671,1.0
0.577666,1.0
0.655469,0.0
0.577667,0.0
0.578219,1.0
0.432456,0.0
0.579407,0.0
0.720651,0.0
0.677616,1.0
0.573241,0.0
0.578546,0.0
0.578115,0.0
0.572708,1.0
0.57824,1.0
0.396251,1.0
0.717973,1.0
0.57789,1.0
0.389347,1.0
0.577993,1.0
0.378955,1.0
0.663593,1.0
0.362884,1.0
0.714698,1.0
0.359688,1.0
0.383513,0.0
0.694771,1.0
0.738469,1.0
0.303621,0.0
0.318565,1.0
0.347472,1.0
0.804383,1.0
0.291666,0.0
0.709106,0.0
0.783021,1.0
0.71816,1.0
0.305141,0.0
0.346015,1.0
0.739779,1.0
0.779462,1.0
0.780244,1.0
0.724489,1.0
0.367325,1.0
0.711462,1.0
0.3856,1.0
0.78781,1.0
0.695946,1.0
0.31859,1.0
0.730546,1.0
0.773291,1.0
0.730546,1.0
0.732255,1.0
0.779364,1.0
0.30434,0.0
0.704725,0.0
0.383289,1.0
0.783701,1.0
0.318699,0.0
0.712524,1.0
0.720475,1.0
0.594785,1.0
0.727795,1.0
0.304383,1.0
0.319195,1.0
0.710588,1.0
0.783095,1.0
0.638114,1.0
0.714377,1.0
0.778518,1.0
0.718735,1.0
0.779301,0.0
0.788979,1.0
0.788314,1.0
0.704335,1.0
0.794664,1.0
0.736048,1.0
0.726421,1.0
0.304527,0.0
0.792346,1.0
0.714865,1.0
0.351431,0.0
0.368148,0.0
0.786329,0.0
0.724167,1.0
0.75196,0.0
0.385394,0.0
0.779359,1.0
0.784353,1.0
0.774835,0.0
0.304313,0.0
0.795607,1.0
0.778934,0.0
0.284673,0.0
0.700132,0.0
0.717579,1.0
0.799743,1.0
0.384117,0.0
0.318788,0.0
0.776151,1.0
0.781964,1.0
0.690139,1.0
0.319178,0.0
0.318832,1.0
0.738532,1.0
0.304563,0.0
0.36005,0.0
0.788751,1.0
0.350532,1.0
0.711172,1.0
0.73698,1.0
0.433229,0.0
0.347245,0.0
0.303998,0.0
0.727683,0.0
0.360337,0.0
0.800827,1.0
0.725039,1.0
0.317773,1.0
0.798937,1.0
0.318582,1.0
0.794377,1.0
0.639319,0.0
0.801857,1.0
0.706083,0.0
0.790603,1.0
0.77818,1.0
0.525898,0.0
0.527364,1.0
0.536038,1.0
0.53122,1.0
0.532424,1.0
0.525939,1.0
0.535886,1.0
0.525228,1.0
0.522851,1.0
0.525146,0.0
0.53612,0.0
0.532312,0.0
0.527224,1.0
0.524237,1.0
0.52252,0.0
0.527045,0.0
0.533397,0.0
0.526989,1.0
0.535009,1.0
0.525107,0.0
0.526384,0.0
0.531195,1.0
0.526337,1.0
0.519795,0.0
0.526337,1.0
0.526477,1.0
0.524604,1.0
0.53606,1.0
0.525847,1.0
0.534881,1.0
0.522909,1.0
0.537405,1.0
0.524019,1.0
0.525475,1.0
0.55866,0.0
0.526803,1.0
0.529659,0.0
0.531275,1.0
0.525108,1.0
0.522732,0.0
0.538927,0.0
0.527222,1.0
0.524387,1.0
0.525868,1.0
0.522167,1.0
0.52522,0.0
0.52563,1.0
0.52714,1.0
0.523535,0.0
0.527006,1.0
0.525839,0.0
0.536076,1.0
0.52389,0.0
0.527043,1.0
0.53882,0.0
0.53935,0.0
0.523864,1.0
0.525878,1.0
0.516649,1.0
0.540744,1.0
0.523046,1.0
0.525146,0.0
0.520143,1.0
0.536059,1.0
0.526692,1.0
0.523014,1.0
0.535551,0.0
0.527365,0.0
0.52521,1.0
0.525567,1.0
0.540664,0.0
0.537412,1.0
0.521414,0.0
0.523188,0.0
0.525114,1.0
0.537406,1.0
0.531216,1.0
0.521017,1.0
0.536077,1.0
0.539815,0.0
0.523204,1.0
0.532647,1.0
0.52511,1.0
0.526513,1.0
0.542823,1.0
0.538545,1.0
0.536072,1.0
0.522979,0.0
0.539834,0.0
0.525247,1.0
0.525835,0.0
0.531154,1.0
0.525106,1.0
0.531221,1.0
0.52496,0.0
0.548644,1.0
0.526841,1.0
0.527552,1.0
0.525597,1.0
0.523286,1.0
0.602254,0.0
0.602414,1.0
0.634622,0.0
0.591054,1.0
0.582253,1.0
0.665718,1.0
0.637469,1.0
0.599218,0.0
0.665551,0.0
0.599102,1.0
0.636546,0.0
0.582691,0.0
0.604327,1.0
0.668966,1.0
0.65643,1.0
0.595464,1.0
0.571028,1.0
0.602017,1.0
0.564071,1.0
0.659782,1.0
0.588306,0.0
0.590809,1.0
0.601083,1.0
0.649129,1.0
0.601083,1.0
0.600957,1.0
0.669461,0.0
0.63431,0.0
0.597832,1.0
0.565017,0.0
0.66529,0.0
0.631237,0.0
0.606492,1.0
0.603585,1.0
0.509122,0.0
0.602023,1.0
0.596569,1.0
0.59104,1.0
0.598756,0.0
0.65568,1.0
0.574244,1.0
0.603502,1.0
0.669137,0.0
0.60293,1.0
0.665363,0.0
0.659687,1.0
0.669177,1.0
0.600788,1.0
0.652885,0.0
0.601677,1.0
0.594847,0.0
0.634325,1.0
0.655809,1.0
0.601542,1.0
0.627108,1.0
0.618156,0.0
0.666423,0.0
0.60135,0.0
0.649525,0.0
0.610975,0.0
0.66713,1.0
0.660347,1.0
0.66161,1.0
0.634324,1.0
0.669426,1.0
0.666907,1.0
0.642256,0.0
0.591925,1.0
0.602306,1.0
0.66638,1.0
0.613083,1.0
0.631234,1.0
0.65479,1.0
0.657519,0.0
0.603856,1.0
0.630892,1.0
0.590783,1.0
0.621535,1.0
0.634314,0.0
0.62397,0.0
0.663949,1.0
0.581624,1.0
0.603173,1.0
0.60623,1.0
0.591775,1.0
0.625625,1.0
0.634704,0.0
0.616533,0.0
0.623922,1.0
0.665136,1.0
0.592815,0.0
0.591162,1.0
0.666002,1.0
0.591049,1.0
0.657743,1.0
0.548973,1.0
0.668272,1.0
0.6018,1.0
0.669252,0.0
0.667666,0.0
0.592065,1.0
0.607942,1.0
0.599009,1.0
0.594335,0.0
0.591323,1.0
0.549014,1.0
0.605687,0.0
0.59641,1.0
0.538437,0.0
0.601052,0.0
0.59968,1.0
0.585333,0.0
0.607196,0.0
0.539095,0.0
0.539235,1.0
0.605865,0.0
0.588391,0.0
0.603707,1.0
0.588046,1.0
0.541179,0.0
0.593447,1.0
0.594238,0.0
0.606008,1.0
0.538559,0.0
0.606008,1.0
0.606216,1.0
0.535417,0.0
0.598942,1.0
0.600571,1.0
0.581396,0.0
0.536451,0.0
0.599283,0.0
0.599088,0.0
0.602657,1.0
0.57755,0.0
0.606396,1.0
0.594993,0.0
0.594371,1.0
0.596761,1.0
0.540202,1.0
0.589489,1.0
0.604705,0.0
0.535075,1.0
0.602874,0.0
0.533367,0.0
0.54211,0.0
0.542423,0.0
0.602265,0.0
0.541909,1.0
0.60717,1.0
0.600166,0.0
0.604863,0.0
0.545018,0.0
0.604186,0.0
0.604822,0.0
0.597158,1.0
0.535662,1.0
0.599928,0.0
0.529097,0.0
0.596956,1.0
0.539033,0.0
0.540715,0.0
0.535922,0.0
0.604854,1.0
0.544679,0.0
0.537125,1.0
0.600875,0.0
0.599962,0.0
0.602418,1.0
0.547653,0.0
0.603807,0.0
0.605176,0.0
0.538159,1.0
0.535481,1.0
0.597801,1.0
0.605099,0.0
0.594244,0.0
0.572584,1.0
0.598953,1.0
0.599399,1.0
0.542512,1.0
0.591267,1.0
0.601775,1.0
0.605136,1.0
0.598165,1.0
0.604114,1.0
0.599049,1.0
0.566346,0.0
0.605271,0.0
0.548034,1.0
0.600227,1.0
0.594323,0.0
0.547095,0.0
0.594335,0.0
0.545772,0.0
0.589728,0.0
0.548505,1.0
0.603298,1.0
0.540992,0.0
0.534811,0.0
0.676814,0.0
0.708998,0.0
0.355236,0.0
0.369111,1.0
0.384331,1.0
0.782518,1.0
0.334703,0.0
0.695037,1.0
0.778693,0.0
0.673668,0.0
0.352711,0.0
0.389743,0.0
0.706893,1.0
0.743449,1.0
0.746583,1.0
0.691762,0.0
0.387235,0.0
0.684329,0.0
0.395158,0.0
0.749873,1.0
0.688891,1.0
0.369476,0.0
0.700803,1.0
0.744434,0.0
0.700803,1.0
0.702566,1.0
0.764041,1.0
0.355396,0.0
0.673364,0.0
0.407118,0.0
0.771574,1.0
0.350128,1.0
0.668393,0.0
0.688899,0.0
0.629714,0.0
0.699168,1.0
0.364764,1.0
0.372831,1.0
0.701421,1.0
0.750028,1.0
0.65006,0.0
0.685025,1.0
0.764172,1.0
0.686696,0.0
0.758819,1.0
0.752421,1.0
0.754061,0.0
0.676545,1.0
0.792007,1.0
0.706564,1.0
0.711037,0.0
0.336795,0.0
0.766685,1.0
0.685136,0.0
0.334716,0.0
0.357196,0.0
0.766842,0.0
0.712213,1.0
0.744002,0.0
0.357405,1.0
0.744452,0.0
0.747172,1.0
0.735786,0.0
0.340423,0.0
0.761306,1.0
0.737419,0.0
0.346484,0.0
0.66646,0.0
0.686695,1.0
0.775841,1.0
0.335312,0.0
0.335301,0.0
0.743254,1.0
0.767002,1.0
0.656338,0.0
0.335499,0.0
0.369441,0.0
0.708598,1.0
0.355362,0.0
0.351257,1.0
0.759526,0.0
0.384376,1.0
0.673615,1.0
0.704321,1.0
0.356157,0.0
0.341354,0.0
0.355121,0.0
0.721444,0.0
0.332677,0.0
0.779031,1.0
0.713906,1.0
0.369192,0.0
0.774612,0.0
0.369113,1.0
0.767603,1.0
0.642811,0.0
0.778236,1.0
0.675309,0.0
0.784379,0.0
0.763904,1.0
0.611347,0.0
0.606395,1.0
0.624031,0.0
0.605108,1.0
0.595046,1.0
0.659679,1.0
0.63453,0.0
0.591674,0.0
0.671018,0.0
0.610609,1.0
0.625256,1.0
0.60768,0.0
0.593863,1.0
0.661098,0.0
0.659672,1.0
0.607975,1.0
0.60862,1.0
0.607757,1.0
0.603005,0.0
0.661266,1.0
0.589389,0.0
0.617867,1.0
0.591815,1.0
0.67059,1.0
0.591815,0.0
0.591741,0.0
0.661017,0.0
0.623954,0.0
0.607227,0.0
0.597895,0.0
0.65948,0.0
0.615463,0.0
0.61059,1.0
0.607859,1.0
0.544054,0.0
0.592493,1.0
0.607614,0.0
0.601749,0.0
0.590232,0.0
0.659497,1.0
0.602263,1.0
0.593936,1.0
0.660465,0.0
0.608011,1.0
0.660397,0.0
0.661391,1.0
0.674312,0.0
0.59285,1.0
0.657283,1.0
0.59213,1.0
0.60574,0.0
0.633592,0.0
0.660171,1.0
0.607626,1.0
0.634579,0.0
0.623152,0.0
0.672485,0.0
0.591368,1.0
0.666617,0.0
0.610508,0.0
0.673974,1.0
0.661359,0.0
0.672825,0.0
0.631086,1.0
0.661663,1.0
0.674139,0.0
0.629083,0.0
0.608511,1.0
0.592581,1.0
0.66044,1.0
0.634362,1.0
0.634276,1.0
0.65904,1.0
0.65958,0.0
0.610122,1.0
0.634187,1.0
0.617885,1.0
0.617282,0.0
0.623971,0.0
0.613757,0.0
0.672077,1.0
0.595017,0.0
0.59336,1.0
0.594569,1.0
0.623582,1.0
0.630662,1.0
0.624085,0.0
0.634766,0.0
0.635516,1.0
0.659573,1.0
0.590645,0.0
0.618011,1.0
0.672327,1.0
0.605107,0.0
0.660849,1.0
0.59172,0.0
0.660577,1.0
0.609272,1.0
0.671836,0.0
0.660432,0.0
0.518956,0.0
0.512004,0.0
0.534702,0.0
0.536729,0.0
0.537596,0.0
0.512405,1.0
0.533801,0.0
0.513786,0.0
0.51306,0.0
0.517925,0.0
0.533587,0.0
0.53551,0.0
0.511622,1.0
0.518415,0.0
0.51762,0.0
0.514689,0.0
0.534573,0.0
0.515932,0.0
0.536332,1.0
0.517658,0.0
0.514514,0.0
0.53396,0.0
0.512155,1.0
0.517379,0.0
0.512838,0.0
0.512537,0.0
0.515256,1.0
0.534707,0.0
0.518017,0.0
0.536149,0.0
0.513445,0.0
0.537993,0.0
0.518724,1.0
0.515043,0.0
0.547305,0.0
0.512669,0.0
0.538633,1.0
0.539249,1.0
0.512375,0.0
0.517091,0.0
0.522985,0.0
0.51497,0.0
0.51527,1.0
0.515195,1.0
0.51558,0.0
0.517183,0.0
0.517517,0.0
0.515894,1.0
0.510269,0.0
0.511386,0.0
0.51193,0.0
0.53387,1.0
0.514521,0.0
0.515655,0.0
0.533766,0.0
0.534707,0.0
0.515352,1.0
0.509995,0.0
0.515742,1.0
0.538482,1.0
0.518663,0.0
0.517951,0.0
0.51924,0.0
0.533229,0.0
0.5161,1.0
0.519868,0.0
0.534156,0.0
0.518432,0.0
0.514356,1.0
0.513464,0.0
0.532821,1.0
0.53287,1.0
0.517888,0.0
0.514363,1.0
0.520274,0.0
0.532876,0.0
0.533958,0.0
0.510998,1.0
0.534706,0.0
0.53824,0.0
0.516119,0.0
0.539786,0.0
0.516842,1.0
0.512455,0.0
0.533688,0.0
0.533241,0.0
0.534698,0.0
0.510655,0.0
0.532762,0.0
0.51285,0.0
0.510517,1.0
0.53395,0.0
0.51416,0.0
0.538836,0.0
0.514651,0.0
0.530641,1.0
0.513463,0.0
0.517702,1.0
0.512865,0.0
0.51489,1.0
0.729529,0.0
0.733804,1.0
0.579848,0.0
0.577784,1.0
0.577801,1.0
0.353615,1.0
0.57953,1.0
0.734878,1.0
0.358321,1.0
0.73138,1.0
0.579129,0.0
0.580357,1.0
0.727688,1.0
0.350889,1.0
0.354847,0.0
0.733812,1.0
0.579516,1.0
0.733838,1.0
0.582715,1.0
0.353736,0.0
0.735229,1.0
0.579337,1.0
0.730401,1.0
0.357913,0.0
0.735843,1.0
0.735826,1.0
0.347414,0.0
0.579851,0.0
0.734533,1.0
0.580623,1.0
0.357975,0.0
0.579088,1.0
0.72646,1.0
0.732855,1.0
0.67697,1.0
0.734384,1.0
0.581472,1.0
0.581598,1.0
0.735867,0.0
0.355601,1.0
0.724192,1.0
0.733713,1.0
0.347486,1.0
0.728761,1.0
0.354933,1.0
0.35455,0.0
0.35175,0.0
0.730207,1.0
0.363903,0.0
0.734087,1.0
0.734839,1.0
0.581935,1.0
0.358368,1.0
0.734059,0.0
0.579549,0.0
0.579913,1.0
0.34711,1.0
0.733823,1.0
0.355282,1.0
0.581644,1.0
0.352911,0.0
0.351499,0.0
0.351254,0.0
0.578905,1.0
0.348403,0.0
0.348778,1.0
0.579735,1.0
0.732315,0.0
0.72939,0.0
0.359202,1.0
0.581324,1.0
0.581272,1.0
0.355051,1.0
0.349421,1.0
0.732109,1.0
0.578907,1.0
0.579337,1.0
0.53656,0.0
0.57985,1.0
0.579152,1.0
0.35672,1.0
0.579224,0.0
0.729568,1.0
0.730223,1.0
0.579177,1.0
0.578944,0.0
0.579847,1.0
0.516481,1.0
0.578901,1.0
0.360177,0.0
0.731641,1.0
0.579333,1.0
0.35826,0.0
0.579143,0.0
0.35775,0.0
0.710056,1.0
0.358699,0.0
0.728976,1.0
0.357482,1.0
0.348413,0.0
0.598025,0.0
0.596329,1.0
0.619123,0.0
0.582065,1.0
0.576783,1.0
0.660241,1.0
0.607638,0.0
0.597313,0.0
0.663364,0.0
0.600798,1.0
0.626749,1.0
0.608221,1.0
0.595947,1.0
0.666348,0.0
0.662055,1.0
0.598981,1.0
0.614538,1.0
0.599635,1.0
0.6026,1.0
0.661852,0.0
0.596386,1.0
0.614977,1.0
0.595675,1.0
0.661726,1.0
0.596593,1.0
0.596423,0.0
0.661852,0.0
0.619126,1.0
0.599447,1.0
0.608362,0.0
0.660528,0.0
0.577169,0.0
0.600696,1.0
0.598421,1.0
0.571935,0.0
0.596586,1.0
0.569981,1.0
0.56669,1.0
0.592381,1.0
0.664533,1.0
0.601129,1.0
0.598857,1.0
0.66488,0.0
0.598689,0.0
0.665164,0.0
0.661755,1.0
0.66316,1.0
0.598766,1.0
0.653704,0.0
0.595279,1.0
0.596778,1.0
0.604409,1.0
0.662439,0.0
0.595381,0.0
0.61993,1.0
0.607294,1.0
0.665021,1.0
0.59414,0.0
0.663549,0.0
0.57155,1.0
0.662977,1.0
0.663307,1.0
0.663325,1.0
0.614451,1.0
0.660681,1.0
0.666639,1.0
0.607828,0.0
0.596544,1.0
0.594174,1.0
0.661004,1.0
0.61281,1.0
0.612445,1.0
0.665172,1.0
0.664395,0.0
0.601582,1.0
0.615406,1.0
0.61498,1.0
0.630924,1.0
0.60698,0.0
0.575766,1.0
0.664007,1.0
0.578892,0.0
0.599172,1.0
0.596608,1.0
0.614653,1.0
0.626625,1.0
0.606979,0.0
0.634582,0.0
0.615635,1.0
0.657101,1.0
0.59509,0.0
0.614981,1.0
0.65892,1.0
0.584632,1.0
0.659396,1.0
0.598681,1.0
0.657492,1.0
0.601177,1.0
0.66311,0.0
0.661817,1.0
0.599828,0.0
0.610346,1.0
0.595051,0.0
0.584778,0.0
0.580969,0.0
0.677462,1.0
0.580544,0.0
0.590594,0.0
0.659747,0.0
0.614769,1.0
0.619669,0.0
0.603906,0.0
0.610441,1.0
0.661165,0.0
0.688983,0.0
0.61207,1.0
0.607231,1.0
0.612416,1.0
0.59979,1.0
0.666987,1.0
0.610597,1.0
0.607286,1.0
0.610062,1.0
0.688793,1.0
0.611449,0.0
0.590471,0.0
0.667239,0.0
0.61591,0.0
0.613884,1.0
0.582371,0.0
0.666599,0.0
0.558872,0.0
0.615254,1.0
0.612208,1.0
0.575317,1.0
0.610301,1.0
0.576106,0.0
0.573664,1.0
0.617709,0.0
0.681226,1.0
0.614083,0.0
0.611852,1.0
0.660847,0.0
0.591746,0.0
0.660719,1.0
0.688834,0.0
0.68999,0.0
0.612043,1.0
0.663781,1.0
0.609448,1.0
0.611243,1.0
0.600051,1.0
0.658791,1.0
0.598163,0.0
0.616069,0.0
0.602882,0.0
0.682587,0.0
0.588984,0.0
0.659378,0.0
0.577334,0.0
0.689588,1.0
0.690003,0.0
0.689631,0.0
0.606618,1.0
0.688475,1.0
0.684208,0.0
0.580878,0.0
0.621111,0.0
0.619168,1.0
0.677949,0.0
0.605098,1.0
0.604848,0.0
0.681882,1.0
0.6605,0.0
0.615532,1.0
0.607159,1.0
0.607287,1.0
0.662922,1.0
0.580476,1.0
0.581991,1.0
0.680715,1.0
0.568215,0.0
0.613433,0.0
0.610955,1.0
0.606943,1.0
0.619475,1.0
0.580471,0.0
0.632978,0.0
0.607278,1.0
0.685914,1.0
0.58975,1.0
0.607285,1.0
0.687096,0.0
0.595674,0.0
0.687304,1.0
0.614702,0.0
0.686259,1.0
0.613957,1.0
0.659723,0.0
0.689451,0.0
0.739976,1.0
0.736169,0.0
0.578334,0.0
0.580861,1.0
0.581071,0.0
0.333632,1.0
0.581607,1.0
0.744399,1.0
0.35251,0.0
0.73566,1.0
0.5768,0.0
0.579928,1.0
0.735691,1.0
0.356063,1.0
0.356318,0.0
0.735917,1.0
0.580145,0.0
0.735925,1.0
0.580622,1.0
0.339653,0.0
0.737442,1.0
0.580115,1.0
0.736776,1.0
0.344905,1.0
0.744409,1.0
0.745208,1.0
0.355123,0.0
0.576989,0.0
0.736967,1.0
0.58161,1.0
0.354332,0.0
0.582847,1.0
0.735768,0.0
0.73643,1.0
0.705684,0.0
0.736305,1.0
0.581455,1.0
0.581837,1.0
0.743277,0.0
0.339186,1.0
0.737766,1.0
0.735828,0.0
0.353283,0.0
0.743811,1.0
0.339177,0.0
0.35503,0.0
0.358389,0.0
0.736399,1.0
0.333117,1.0
0.736301,1.0
0.737087,0.0
0.580501,0.0
0.334644,1.0
0.74263,1.0
0.576928,0.0
0.579943,1.0
0.354509,1.0
0.743489,1.0
0.360094,0.0
0.581402,0.0
0.344189,0.0
0.358668,0.0
0.361889,0.0
0.580103,0.0
0.339689,0.0
0.358991,1.0
0.581607,1.0
0.740704,0.0
0.736112,1.0
0.350169,1.0
0.580164,1.0
0.579696,1.0
0.340709,0.0
0.353544,0.0
0.735788,0.0
0.580066,1.0
0.580115,1.0
0.435547,0.0
0.581849,1.0
0.581421,1.0
0.338425,0.0
0.57835,0.0
0.743176,1.0
0.735204,1.0
0.580115,0.0
0.577406,0.0
0.581649,0.0
0.458423,1.0
0.580056,1.0
0.336555,0.0
0.737788,1.0
0.580115,1.0
0.352738,0.0
0.577081,0.0
0.338495,0.0
0.73345,1.0
0.336242,0.0
0.73541,1.0
0.351054,0.0
0.356603,1.0
0.599334,0.0
0.589055,1.0
0.598884,0.0
0.588168,0.0
0.599022,1.0
0.657473,1.0
0.585483,0.0
0.594458,0.0
0.659238,1.0
0.596493,1.0
0.608439,0.0
0.595537,0.0
0.592903,1.0
0.664219,0.0
0.662381,1.0
0.594517,1.0
0.623171,1.0
0.594844,1.0
0.609276,1.0
0.658562,1.0
0.593313,0.0
0.610936,1.0
0.592705,1.0
0.663181,1.0
0.595858,1.0
0.594351,0.0
0.661642,0.0
0.607371,0.0
0.595825,1.0
0.586802,0.0
0.661057,0.0
0.579335,0.0
0.593069,1.0
0.594438,1.0
0.585375,0.0
0.593013,1.0
0.585491,1.0
0.600918,1.0
0.592877,1.0
0.66118,1.0
0.598138,1.0
0.590142,1.0
0.66044,0.0
0.595211,1.0
0.657429,0.0
0.662469,1.0
0.661829,1.0
0.594455,1.0
0.655485,0.0
0.592255,1.0
0.589827,1.0
0.62086,1.0
0.656214,0.0
0.597503,1.0
0.607201,1.0
0.594921,0.0
0.664681,0.0
0.591987,1.0
0.66072,0.0
0.598211,0.0
0.660838,1.0
0.661755,0.0
0.660302,0.0
0.622637,1.0
0.65984,1.0
0.664616,1.0
0.585704,0.0
0.594944,1.0
0.596105,1.0
0.661844,0.0
0.609853,1.0
0.594588,1.0
0.659266,1.0
0.660142,0.0
0.59304,1.0
0.610643,1.0
0.610937,1.0
0.644953,1.0
0.601882,0.0
0.604584,1.0
0.658211,1.0
0.588546,1.0
0.597351,1.0
0.593313,1.0
0.622857,1.0
0.622921,1.0
0.597997,0.0
0.643606,0.0
0.610658,1.0
0.657883,1.0
0.590633,1.0
0.610934,0.0
0.661765,0.0
0.599089,0.0
0.659075,1.0
0.598773,1.0
0.65808,0.0
0.596054,1.0
0.658842,0.0
0.665151,0.0
0.742739,1.0
0.731206,0.0
0.574344,0.0
0.585555,0.0
0.575085,1.0
0.330508,1.0
0.585831,1.0
0.7452,1.0
0.329137,1.0
0.736718,1.0
0.574079,0.0
0.584956,0.0
0.735317,1.0
0.355179,0.0
0.336946,1.0
0.735743,1.0
0.575042,0.0
0.735947,1.0
0.584032,1.0
0.328952,0.0
0.744967,1.0
0.583856,1.0
0.736191,1.0
0.341176,1.0
0.739006,1.0
0.7457,1.0
0.349096,0.0
0.574124,1.0
0.737937,1.0
0.585736,1.0
0.34822,0.0
0.586256,1.0
0.733482,1.0
0.736861,1.0
0.716716,1.0
0.735642,1.0
0.586126,1.0
0.584699,1.0
0.735983,1.0
0.335338,0.0
0.73526,1.0
0.731406,0.0
0.347055,0.0
0.737433,1.0
0.345549,0.0
0.33555,0.0
0.340192,1.0
0.736492,1.0
0.347761,0.0
0.735469,1.0
0.733068,1.0
0.575079,0.0
0.34833,0.0
0.737278,0.0
0.574228,0.0
0.585006,0.0
0.355285,0.0
0.735631,1.0
0.351241,0.0
0.575093,1.0
0.334688,0.0
0.354244,0.0
0.357239,0.0
0.575009,0.0
0.330537,0.0
0.347015,0.0
0.585815,1.0
0.734339,0.0
0.737671,0.0
0.350892,1.0
0.583946,1.0
0.585413,1.0
0.330708,0.0
0.34719,0.0
0.733378,1.0
0.583874,1.0
0.583856,1.0
0.381629,0.0
0.584241,0.0
0.584418,1.0
0.328762,0.0
0.574093,0.0
0.738185,1.0
0.735253,1.0
0.57502,0.0
0.574319,0.0
0.575139,0.0
0.421463,0.0
0.583871,1.0
0.327779,0.0
0.735763,0.0
0.583369,1.0
0.348304,0.0
0.574038,1.0
0.329441,0.0
0.733171,1.0
0.34489,0.0
0.735744,0.0
0.345324,0.0
0.357872,0.0
0.69215,0.0
0.562748,1.0
0.388452,0.0
0.386366,1.0
0.386113,0.0
0.661398,1.0
0.402779,0.0
0.63532,1.0
0.670837,1.0
0.627571,0.0
0.387591,0.0
0.385673,0.0
0.589964,1.0
0.726267,0.0
0.715688,1.0
0.604424,0.0
0.365287,0.0
0.61055,0.0
0.382538,0.0
0.667988,1.0
0.640702,1.0
0.382731,0.0
0.594881,1.0
0.719103,0.0
0.634521,1.0
0.631606,1.0
0.707766,1.0
0.403947,0.0
0.644982,1.0
0.402407,0.0
0.69719,1.0
0.401872,0.0
0.61353,0.0
0.611452,1.0
0.639287,0.0
0.593833,0.0
0.385914,0.0
0.383033,1.0
0.635099,1.0
0.679942,0.0
0.649361,1.0
0.57224,0.0
0.690013,1.0
0.614048,1.0
0.675256,1.0
0.70015,1.0
0.736065,1.0
0.612904,0.0
0.660538,1.0
0.588585,1.0
0.587936,1.0
0.365656,0.0
0.664524,1.0
0.620724,0.0
0.372454,0.0
0.385843,0.0
0.727773,0.0
0.584246,1.0
0.711146,0.0
0.401441,0.0
0.695726,0.0
0.746461,1.0
0.765257,0.0
0.365552,0.0
0.676569,1.0
0.745192,1.0
0.402722,0.0
0.633083,0.0
0.620514,1.0
0.697888,1.0
0.383055,0.0
0.38629,0.0
0.673413,0.0
0.686916,1.0
0.618857,0.0
0.3829,0.0
0.382732,1.0
0.704847,0.0
0.382875,1.0
0.382431,0.0
0.663829,0.0
0.375126,0.0
0.642109,0.0
0.592547,1.0
0.365454,0.0
0.368259,0.0
0.385162,0.0
0.705621,1.0
0.38291,0.0
0.659805,1.0
0.571932,1.0
0.399056,0.0
0.700612,0.0
0.406484,1.0
0.668573,0.0
0.666194,1.0
0.67589,1.0
0.603429,0.0
0.674727,0.0
0.745559,1.0
0.703662,0.0
0.857019,1.0
0.336741,0.0
0.411262,1.0
0.337484,1.0
0.879706,1.0
0.340074,1.0
0.7751,1.0
0.870727,1.0
0.775551,1.0
0.336888,1.0
0.331895,1.0
0.827902,1.0
0.810484,0.0
0.825513,1.0
0.799296,1.0
0.327277,1.0
0.790827,0.0
0.333399,0.0
0.874954,1.0
0.767652,1.0
0.333646,0.0
0.821728,1.0
0.815966,0.0
0.779223,1.0
0.781621,1.0
0.834979,1.0
0.345751,0.0
0.761778,0.0
0.339985,1.0
0.845403,1.0
0.338954,0.0
0.79095,1.0
0.802875,1.0
0.723361,0.0
0.813029,1.0
0.333324,0.0
0.410832,0.0
0.775395,1.0
0.857607,1.0
0.751013,1.0
0.835388,1.0
0.852689,1.0
0.799705,1.0
0.866921,1.0
0.843472,1.0
0.804654,1.0
0.788718,1.0
0.880902,1.0
0.828533,1.0
0.828226,0.0
0.327381,0.0
0.8771,1.0
0.781725,0.0
0.330872,0.0
0.331936,0.0
0.808979,1.0
0.833134,1.0
0.825638,1.0
0.343446,1.0
0.842044,0.0
0.795874,1.0
0.771412,1.0
0.327414,0.0
0.866713,1.0
0.7981,0.0
0.340062,0.0
0.765373,0.0
0.794705,1.0
0.842699,1.0
0.333754,0.0
0.334327,0.0
0.86404,1.0
0.855593,1.0
0.780802,1.0
0.333724,1.0
0.411407,1.0
0.828453,1.0
0.410032,0.0
0.33297,0.0
0.87331,1.0
0.331453,1.0
0.760142,0.0
0.825415,1.0
0.327365,0.0
0.329165,1.0
0.334564,0.0
0.829868,0.0
0.333731,1.0
0.882596,1.0
0.847979,1.0
0.34038,1.0
0.836203,1.0
0.428257,1.0
0.868715,0.0
0.727591,0.0
0.866374,1.0
0.798868,1.0
0.861925,1.0
0.79646,1.0
0.683398,0.0
0.566612,1.0
0.289995,0.0
0.448152,1.0
0.356027,0.0
0.666084,0.0
0.352589,1.0
0.637792,0.0
0.674116,0.0
0.624542,1.0
0.35903,0.0
0.353939,0.0
0.593231,1.0
0.714377,0.0
0.716044,1.0
0.60301,0.0
0.355249,0.0
0.60345,0.0
0.285387,0.0
0.668321,0.0
0.643396,1.0
0.285544,0.0
0.597768,1.0
0.711564,0.0
0.635271,1.0
0.633763,1.0
0.704864,1.0
0.289439,0.0
0.639949,1.0
0.352633,0.0
0.695157,1.0
0.283983,0.0
0.6111,1.0
0.613183,1.0
0.64121,0.0
0.593283,0.0
0.284277,0.0
0.360243,0.0
0.636116,1.0
0.675597,1.0
0.652444,0.0
0.571269,1.0
0.688678,1.0
0.615704,1.0
0.675706,1.0
0.696501,1.0
0.736421,1.0
0.611006,1.0
0.66349,1.0
0.592109,1.0
0.586668,0.0
0.288097,0.0
0.666786,1.0
0.607897,0.0
0.289356,0.0
0.28637,0.0
0.72021,0.0
0.588305,1.0
0.704431,1.0
0.356992,0.0
0.685368,0.0
0.742024,1.0
0.756402,0.0
0.288155,1.0
0.675584,1.0
0.734844,0.0
0.284664,0.0
0.619168,1.0
0.617101,1.0
0.700389,1.0
0.285538,0.0
0.285029,0.0
0.669924,0.0
0.685931,1.0
0.616574,1.0
0.352931,0.0
0.443953,0.0
0.698653,1.0
0.364584,0.0
0.285047,1.0
0.662073,0.0
0.356964,1.0
0.632361,0.0
0.595528,1.0
0.288137,0.0
0.356469,0.0
0.288993,1.0
0.701247,0.0
0.352935,0.0
0.661582,1.0
0.574204,1.0
0.354347,0.0
0.694812,0.0
0.456914,0.0
0.662749,1.0
0.663266,0.0
0.67625,1.0
0.59801,0.0
0.672259,1.0
0.741483,1.0
0.606142,1.0
0.562312,1.0
0.620493,1.0
0.575209,0.0
0.608095,0.0
0.508272,1.0
0.594169,0.0
0.590769,0.0
0.511818,1.0
0.583782,0.0
0.607204,1.0
0.607978,0.0
0.572525,0.0
0.52947,0.0
0.52301,1.0
0.581768,0.0
0.607489,1.0
0.58437,0.0
0.621349,1.0
0.509186,0.0
0.586033,1.0
0.621333,0.0
0.573571,1.0
0.528467,1.0
0.585628,0.0
0.584854,1.0
0.518736,0.0
0.621239,0.0
0.589116,1.0
0.608898,0.0
0.514924,0.0
0.621881,0.0
0.579683,0.0
0.579185,0.0
0.596312,1.0
0.577874,1.0
0.621543,1.0
0.611836,1.0
0.585549,1.0
0.506109,0.0
0.594557,1.0
0.56442,0.0
0.512262,1.0
0.579713,0.0
0.506764,0.0
0.51547,0.0
0.530135,0.0
0.57784,1.0
0.501182,1.0
0.571592,0.0
0.578609,1.0
0.620392,1.0
0.502755,1.0
0.586343,1.0
0.62033,0.0
0.620934,1.0
0.529232,1.0
0.569215,1.0
0.518,0.0
0.608218,1.0
0.518494,0.0
0.531974,1.0
0.540961,1.0
0.607732,0.0
0.506624,0.0
0.53666,1.0
0.621817,1.0
0.584789,0.0
0.580936,1.0
0.517069,1.0
0.62134,1.0
0.62146,0.0
0.509402,1.0
0.511163,1.0
0.581338,0.0
0.608519,0.0
0.593809,0.0
0.516,0.0
0.610697,1.0
0.60892,1.0
0.505845,1.0
0.592387,1.0
0.593329,1.0
0.573476,1.0
0.620384,1.0
0.60734,1.0
0.607938,1.0
0.525302,0.0
0.608518,0.0
0.500285,1.0
0.563924,0.0
0.608594,0.0
0.519797,0.0
0.591553,0.0
0.502927,1.0
0.599177,0.0
0.506932,1.0
0.580751,1.0
0.504657,0.0
0.531844,0.0
0.622827,0.0
0.609022,1.0
0.664601,0.0
0.541008,0.0
0.637673,1.0
0.675284,1.0
0.595227,1.0
0.61562,0.0
0.676973,1.0
0.618885,1.0
0.636082,0.0
0.637378,1.0
0.614179,1.0
0.686855,0.0
0.687238,1.0
0.612841,1.0
0.636551,1.0
0.614442,1.0
0.666043,1.0
0.677045,1.0
0.616542,1.0
0.666052,1.0
0.613053,1.0
0.685283,1.0
0.618615,1.0
0.616906,1.0
0.686783,0.0
0.666235,1.0
0.61939,1.0
0.639583,1.0
0.685164,0.0
0.667229,0.0
0.617444,1.0
0.616403,1.0
0.619056,0.0
0.610163,1.0
0.666404,1.0
0.649162,1.0
0.617347,1.0
0.681131,1.0
0.616286,1.0
0.610355,1.0
0.682728,1.0
0.61631,1.0
0.681492,1.0
0.685465,1.0
0.690899,1.0
0.614372,1.0
0.677612,1.0
0.613392,1.0
0.611094,1.0
0.664212,1.0
0.678321,1.0
0.614591,1.0
0.664172,1.0
0.665288,1.0
0.684727,1.0
0.610823,1.0
0.686324,0.0
0.638451,0.0
0.682196,1.0
0.690172,1.0
0.688717,1.0
0.630624,1.0
0.681537,1.0
0.688265,0.0
0.667092,0.0
0.619737,1.0
0.616289,1.0
0.684775,1.0
0.666035,1.0
0.666309,1.0
0.67574,1.0
0.682202,1.0
0.617625,1.0
0.638527,1.0
0.599425,1.0
0.684333,1.0
0.646731,0.0
0.633566,0.0
0.674006,1.0
0.591979,0.0
0.617694,1.0
0.613583,1.0
0.664196,1.0
0.636245,1.0
0.631523,0.0
0.682937,1.0
0.638526,1.0
0.677238,1.0
0.609823,0.0
0.638887,1.0
0.681959,1.0
0.592694,1.0
0.67914,1.0
0.619872,1.0
0.680373,1.0
0.611242,1.0
0.68043,1.0
0.691345,1.0
0.741906,1.0
0.729622,1.0
0.577931,0.0
0.57687,0.0
0.579333,1.0
0.327275,1.0
0.578432,1.0
0.743647,1.0
0.328381,0.0
0.734564,1.0
0.57841,1.0
0.579205,1.0
0.73322,1.0
0.350522,0.0
0.335691,0.0
0.731746,1.0
0.579144,0.0
0.732339,1.0
0.579166,1.0
0.32679,0.0
0.737825,1.0
0.579163,1.0
0.734154,0.0
0.335236,0.0
0.736845,0.0
0.737331,0.0
0.349244,1.0
0.579252,0.0
0.736851,1.0
0.579401,0.0
0.348377,0.0
0.577911,1.0
0.733274,0.0
0.73501,0.0
0.736859,0.0
0.731521,1.0
0.579168,1.0
0.579886,1.0
0.736729,0.0
0.32848,0.0
0.735898,1.0
0.728427,0.0
0.33113,0.0
0.735353,0.0
0.328939,1.0
0.33179,1.0
0.338551,1.0
0.73418,0.0
0.327783,1.0
0.733221,1.0
0.732192,1.0
0.579049,1.0
0.328293,0.0
0.732542,0.0
0.579074,0.0
0.579104,1.0
0.334808,0.0
0.733545,1.0
0.349171,0.0
0.578568,1.0
0.330144,0.0
0.340105,1.0
0.341431,0.0
0.578115,0.0
0.328558,0.0
0.354023,0.0
0.577999,1.0
0.733508,0.0
0.735078,0.0
0.333163,0.0
0.579168,1.0
0.57917,1.0
0.32737,1.0
0.330926,0.0
0.733281,0.0
0.579316,1.0
0.579644,1.0
0.335538,0.0
0.578761,0.0
0.577798,1.0
0.326392,1.0
0.57919,0.0
0.735233,0.0
0.733654,1.0
0.579048,0.0
0.579157,1.0
0.577758,0.0
0.339563,1.0
0.579316,1.0
0.32742,0.0
0.739507,1.0
0.579395,1.0
0.330228,0.0
0.579695,1.0
0.328221,0.0
0.735688,0.0
0.329224,0.0
0.730488,0.0
0.327998,1.0
0.339659,0.0
0.520158,0.0
0.536762,0.0
0.533487,1.0
0.544761,1.0
0.531781,0.0
0.533213,1.0
0.534817,1.0
0.526492,1.0
0.53685,1.0
0.531097,0.0
0.533582,1.0
0.531824,1.0
0.534431,0.0
0.530577,0.0
0.532651,0.0
0.533383,1.0
0.533363,0.0
0.53186,0.0
0.530903,1.0
0.537328,0.0
0.526795,0.0
0.530707,0.0
0.537689,1.0
0.532777,0.0
0.534038,1.0
0.533981,1.0
0.52643,0.0
0.531626,0.0
0.526245,0.0
0.53279,0.0
0.532792,0.0
0.531926,0.0
0.537228,1.0
0.536324,0.0
0.527888,0.0
0.534334,1.0
0.530887,0.0
0.53133,0.0
0.533284,0.0
0.536474,0.0
0.526268,0.0
0.539639,0.0
0.535271,1.0
0.535825,1.0
0.531864,0.0
0.529693,0.0
0.524907,0.0
0.535621,0.0
0.532998,0.0
0.534126,1.0
0.533952,0.0
0.531006,0.0
0.537033,0.0
0.53576,0.0
0.531782,1.0
0.530947,1.0
0.533014,1.0
0.533917,1.0
0.532002,1.0
0.53342,1.0
0.535341,1.0
0.52414,0.0
0.529199,0.0
0.534299,1.0
0.536376,1.0
0.528046,0.0
0.532134,0.0
0.534089,0.0
0.536038,0.0
0.534191,0.0
0.530902,0.0
0.530695,1.0
0.532995,1.0
0.535484,0.0
0.535895,1.0
0.531758,1.0
0.533123,0.0
0.534087,1.0
0.534086,0.0
0.534532,0.0
0.533688,0.0
0.539602,1.0
0.53389,1.0
0.534224,0.0
0.532029,0.0
0.532176,1.0
0.536346,0.0
0.527941,0.0
0.531758,0.0
0.537423,1.0
0.533458,1.0
0.531719,0.0
0.535337,1.0
0.533336,0.0
0.536818,0.0
0.528093,1.0
0.536304,0.0
0.53739,1.0
0.532362,0.0
0.530106,1.0
0.73582,0.0
0.72631,1.0
0.576748,0.0
0.562024,0.0
0.58172,0.0
0.324978,1.0
0.586574,0.0
0.730569,1.0
0.321366,1.0
0.732621,1.0
0.585794,0.0
0.584251,1.0
0.730413,1.0
0.336782,0.0
0.334245,0.0
0.722753,1.0
0.574447,0.0
0.729982,0.0
0.583648,1.0
0.329554,0.0
0.735947,1.0
0.581011,1.0
0.719757,1.0
0.333868,0.0
0.724709,0.0
0.72491,0.0
0.340678,0.0
0.574568,0.0
0.735296,1.0
0.574649,1.0
0.334306,0.0
0.582102,1.0
0.719846,0.0
0.72839,1.0
0.729085,0.0
0.72193,1.0
0.581132,0.0
0.581466,1.0
0.730889,0.0
0.330347,0.0
0.734322,0.0
0.720523,0.0
0.322716,0.0
0.722122,1.0
0.335018,0.0
0.336868,0.0
0.34226,0.0
0.727146,0.0
0.334097,0.0
0.723615,1.0
0.729277,1.0
0.5812,0.0
0.330181,0.0
0.725719,1.0
0.576839,0.0
0.583672,1.0
0.324965,1.0
0.723636,0.0
0.326629,0.0
0.585689,1.0
0.322356,1.0
0.343229,0.0
0.338587,0.0
0.576191,0.0
0.321573,0.0
0.340289,0.0
0.582268,1.0
0.727613,0.0
0.728489,0.0
0.332619,1.0
0.581142,1.0
0.583505,1.0
0.325007,0.0
0.331381,0.0
0.720319,0.0
0.584214,0.0
0.582613,1.0
0.325004,0.0
0.574683,0.0
0.584025,1.0
0.333281,0.0
0.574495,1.0
0.723268,1.0
0.730723,1.0
0.57444,0.0
0.584498,0.0
0.573747,0.0
0.340848,1.0
0.581704,1.0
0.32098,0.0
0.724652,0.0
0.581683,0.0
0.322396,0.0
0.582746,0.0
0.33002,0.0
0.72657,1.0
0.330462,1.0
0.716403,1.0
0.334414,0.0
0.329181,1.0
0.72624,1.0
0.742434,1.0
0.557035,0.0
0.536999,1.0
0.56021,1.0
0.382325,1.0
0.559286,1.0
0.748781,1.0
0.382607,1.0
0.746096,1.0
0.559837,1.0
0.596513,0.0
0.744168,1.0
0.347793,1.0
0.351717,0.0
0.74393,1.0
0.557767,1.0
0.727149,1.0
0.596077,1.0
0.36038,0.0
0.749163,1.0
0.595136,1.0
0.742667,1.0
0.352015,1.0
0.726678,1.0
0.726845,0.0
0.347638,0.0
0.55824,1.0
0.748956,1.0
0.592751,1.0
0.352044,0.0
0.596054,1.0
0.725192,1.0
0.744132,1.0
0.726509,1.0
0.743384,1.0
0.560073,1.0
0.595429,1.0
0.72746,1.0
0.35886,1.0
0.728508,1.0
0.725498,1.0
0.356188,0.0
0.743955,1.0
0.356742,0.0
0.353114,0.0
0.345071,0.0
0.726935,1.0
0.358605,1.0
0.743862,1.0
0.74422,1.0
0.560052,1.0
0.359919,0.0
0.743781,1.0
0.557673,0.0
0.596107,1.0
0.378162,1.0
0.726695,1.0
0.350273,1.0
0.59769,1.0
0.380835,1.0
0.343822,0.0
0.345188,0.0
0.556497,1.0
0.358249,1.0
0.343089,0.0
0.596212,1.0
0.726591,1.0
0.726413,1.0
0.380081,1.0
0.595291,1.0
0.595901,1.0
0.358317,0.0
0.357028,1.0
0.725753,1.0
0.559857,1.0
0.596309,1.0
0.355336,0.0
0.557718,1.0
0.597691,1.0
0.359772,0.0
0.595519,1.0
0.744771,1.0
0.744298,1.0
0.558014,0.0
0.559741,0.0
0.556433,1.0
0.379768,1.0
0.595667,1.0
0.360296,0.0
0.726941,1.0
0.56022,1.0
0.356369,0.0
0.560378,1.0
0.359489,0.0
0.747695,1.0
0.382356,1.0
0.742138,0.0
0.357495,1.0
0.375014,1.0
0.749323,1.0
0.747519,0.0
0.550321,0.0
0.57675,0.0
0.590274,0.0
0.363794,1.0
0.590903,1.0
0.753354,1.0
0.363744,0.0
0.751171,1.0
0.590747,1.0
0.564149,0.0
0.75011,1.0
0.36168,0.0
0.319628,0.0
0.748967,1.0
0.589207,1.0
0.745792,1.0
0.603375,1.0
0.315126,0.0
0.753377,1.0
0.602262,1.0
0.748584,1.0
0.360617,0.0
0.748053,0.0
0.717896,1.0
0.322725,0.0
0.589052,1.0
0.752497,1.0
0.601475,1.0
0.319526,0.0
0.602948,0.0
0.744414,0.0
0.749705,1.0
0.746217,0.0
0.748751,1.0
0.590128,1.0
0.602408,1.0
0.747777,0.0
0.36003,1.0
0.748998,0.0
0.740198,0.0
0.316665,1.0
0.749828,1.0
0.317123,0.0
0.318971,0.0
0.324581,0.0
0.744822,1.0
0.360194,0.0
0.749982,1.0
0.749294,1.0
0.590148,0.0
0.315629,1.0
0.74739,0.0
0.5511,0.0
0.603402,1.0
0.364673,0.0
0.746292,0.0
0.360966,0.0
0.60449,0.0
0.363772,0.0
0.32563,1.0
0.324088,0.0
0.589243,0.0
0.359897,1.0
0.325793,0.0
0.603081,1.0
0.74487,0.0
0.745992,0.0
0.36462,1.0
0.602406,1.0
0.603207,1.0
0.315825,0.0
0.360246,0.0
0.744265,0.0
0.590384,1.0
0.60295,1.0
0.318052,0.0
0.589324,0.0
0.604185,1.0
0.315537,0.0
0.606053,0.0
0.749944,1.0
0.750286,1.0
0.551901,0.0
0.551925,0.0
0.589378,0.0
0.366868,1.0
0.602594,1.0
0.315099,0.0
0.746946,0.0
0.590263,1.0
0.316414,1.0
0.590526,0.0
0.315557,1.0
0.750786,1.0
0.363833,0.0
0.715118,1.0
0.360099,1.0
0.366663,0.0
0.596844,0.0
0.584093,1.0
0.592065,0.0
0.516266,0.0
0.583432,1.0
0.653165,1.0
0.563267,1.0
0.592437,0.0
0.650105,0.0
0.592784,1.0
0.566715,1.0
0.588186,1.0
0.590148,1.0
0.655799,0.0
0.661523,1.0
0.590208,1.0
0.57045,1.0
0.589346,1.0
0.561296,1.0
0.656483,0.0
0.591485,1.0
0.564558,1.0
0.58863,0.0
0.653447,1.0
0.585443,1.0
0.596796,0.0
0.663395,1.0
0.572127,1.0
0.593406,1.0
0.563845,0.0
0.661354,0.0
0.57548,0.0
0.584675,1.0
0.589879,0.0
0.5874,0.0
0.589323,1.0
0.571726,1.0
0.564428,1.0
0.585251,1.0
0.65132,1.0
0.586654,1.0
0.580591,1.0
0.661106,0.0
0.589717,1.0
0.658966,0.0
0.660989,1.0
0.664236,0.0
0.587547,1.0
0.649323,0.0
0.589537,1.0
0.589797,1.0
0.583462,1.0
0.659273,1.0
0.585936,1.0
0.594508,1.0
0.561226,0.0
0.654898,1.0
0.582537,1.0
0.653992,0.0
0.571381,0.0
0.652079,1.0
0.667306,0.0
0.664142,0.0
0.57691,1.0
0.651215,1.0
0.664639,1.0
0.562789,0.0
0.585558,1.0
0.58467,1.0
0.656211,0.0
0.564191,1.0
0.561729,1.0
0.657539,1.0
0.650201,0.0
0.584468,1.0
0.568774,1.0
0.563523,1.0
0.659417,1.0
0.581652,0.0
0.560336,0.0
0.65708,1.0
0.559757,0.0
0.592444,1.0
0.590493,1.0
0.596726,1.0
0.593526,1.0
0.577926,0.0
0.658268,0.0
0.564014,1.0
0.656095,1.0
0.583023,1.0
0.571618,1.0
0.661014,0.0
0.58294,1.0
0.659548,1.0
0.59305,1.0
0.651181,0.0
0.596663,1.0
0.652466,1.0
0.657737,0.0
0.743833,1.0
0.725,1.0
0.567004,0.0
0.550811,1.0
0.572732,0.0
0.327126,1.0
0.592417,1.0
0.745525,1.0
0.342533,0.0
0.734739,0.0
0.591836,0.0
0.569356,1.0
0.732771,1.0
0.343853,0.0
0.32555,0.0
0.732114,1.0
0.591292,1.0
0.730242,1.0
0.593486,1.0
0.341568,0.0
0.737929,1.0
0.592737,1.0
0.739546,0.0
0.32388,0.0
0.727258,1.0
0.741775,0.0
0.32812,0.0
0.591002,1.0
0.737462,1.0
0.592476,1.0
0.343472,1.0
0.575741,1.0
0.723038,0.0
0.740801,1.0
0.736921,0.0
0.731656,1.0
0.590968,1.0
0.592733,1.0
0.727204,1.0
0.326223,1.0
0.730271,0.0
0.718917,1.0
0.346684,0.0
0.732656,1.0
0.342382,0.0
0.324992,0.0
0.346172,1.0
0.728924,1.0
0.34247,1.0
0.732685,1.0
0.732271,1.0
0.572683,0.0
0.326913,1.0
0.725792,1.0
0.566345,0.0
0.592908,1.0
0.324839,0.0
0.724983,1.0
0.343236,0.0
0.575923,1.0
0.323062,0.0
0.352302,0.0
0.34587,0.0
0.571757,0.0
0.326137,1.0
0.330784,0.0
0.592424,1.0
0.7244,1.0
0.724799,0.0
0.347744,1.0
0.592799,1.0
0.593405,0.0
0.322481,0.0
0.342549,1.0
0.723194,0.0
0.591551,1.0
0.5928,1.0
0.324136,0.0
0.573081,0.0
0.592693,1.0
0.322193,0.0
0.575815,1.0
0.733452,1.0
0.732972,1.0
0.566945,1.0
0.56682,0.0
0.57292,0.0
0.349691,1.0
0.592788,1.0
0.321882,0.0
0.725727,1.0
0.590959,1.0
0.346489,0.0
0.5728,1.0
0.326909,0.0
0.736342,1.0
0.342546,0.0
0.730414,1.0
0.32674,0.0
0.345392,1.0
0.749712,1.0
0.739487,1.0
0.550691,0.0
0.577869,1.0
0.555633,1.0
0.384466,1.0
0.599924,1.0
0.749015,1.0
0.363735,1.0
0.726686,1.0
0.561269,0.0
0.592722,1.0
0.742132,1.0
0.357192,1.0
0.358345,0.0
0.742643,1.0
0.599318,1.0
0.742149,1.0
0.599412,1.0
0.362345,0.0
0.746934,1.0
0.599092,1.0
0.726994,1.0
0.361868,0.0
0.740233,1.0
0.727532,1.0
0.354989,0.0
0.599136,1.0
0.747044,1.0
0.602486,1.0
0.381571,0.0
0.596789,1.0
0.724344,1.0
0.744259,1.0
0.728613,1.0
0.742151,1.0
0.599032,1.0
0.599081,1.0
0.740792,1.0
0.385335,1.0
0.7275,1.0
0.738236,1.0
0.358195,1.0
0.742485,1.0
0.359851,0.0
0.359065,0.0
0.378131,0.0
0.741382,1.0
0.386039,1.0
0.742297,1.0
0.742462,1.0
0.555577,1.0
0.383815,1.0
0.740789,1.0
0.551821,1.0
0.602595,1.0
0.360352,1.0
0.739682,1.0
0.35961,1.0
0.596969,1.0
0.363367,0.0
0.346994,0.0
0.351375,1.0
0.55429,0.0
0.385374,0.0
0.351637,1.0
0.602317,1.0
0.740313,0.0
0.724892,1.0
0.382467,1.0
0.599115,1.0
0.562623,1.0
0.362831,0.0
0.385599,0.0
0.725028,1.0
0.599394,1.0
0.599077,1.0
0.360962,0.0
0.554413,1.0
0.602378,1.0
0.363251,0.0
0.597462,0.0
0.743357,1.0
0.742206,1.0
0.591952,0.0
0.552253,1.0
0.554003,1.0
0.380937,1.0
0.599096,1.0
0.364084,0.0
0.739984,1.0
0.599016,1.0
0.358337,0.0
0.593782,1.0
0.361477,0.0
0.747142,1.0
0.362757,0.0
0.742748,0.0
0.363267,1.0
0.380136,1.0
0.742262,0.0
0.876637,1.0
0.427153,0.0
0.632507,1.0
0.420294,0.0
0.8968,0.0
0.424595,0.0
0.789896,1.0
0.900037,1.0
0.849193,1.0
0.397764,0.0
0.43313,0.0
0.855411,1.0
0.87686,1.0
0.879278,1.0
0.850784,1.0
0.423896,1.0
0.854494,1.0
0.416308,0.0
0.886504,1.0
0.815515,1.0
0.415988,0.0
0.860833,1.0
0.891937,1.0
0.870335,1.0
0.836085,1.0
0.866137,1.0
0.423423,0.0
0.803716,0.0
0.42621,1.0
0.856069,1.0
0.431738,1.0
0.887831,1.0
0.838161,1.0
0.823364,0.0
0.856825,0.0
0.42228,0.0
0.415845,0.0
0.86682,1.0
0.902108,1.0
0.856753,1.0
0.885426,1.0
0.879505,1.0
0.854058,1.0
0.877238,1.0
0.88203,1.0
0.829505,1.0
0.863993,1.0
0.895479,1.0
0.856129,1.0
0.853734,1.0
0.420523,0.0
0.893169,1.0
0.863002,0.0
0.431814,0.0
0.425334,0.0
0.895866,0.0
0.879029,1.0
0.885767,0.0
0.432332,0.0
0.897039,1.0
0.820708,1.0
0.853271,1.0
0.411333,1.0
0.893369,1.0
0.862576,1.0
0.42461,0.0
0.848379,1.0
0.885569,1.0
0.869686,1.0
0.415958,0.0
0.406217,1.0
0.895421,1.0
0.883338,1.0
0.883857,1.0
0.423332,1.0
0.41542,0.0
0.888458,1.0
0.431034,0.0
0.423964,0.0
0.896854,1.0
0.421563,1.0
0.838562,1.0
0.853958,1.0
0.422683,1.0
0.430297,1.0
0.433211,0.0
0.855451,0.0
0.415755,0.0
0.899536,1.0
0.876605,1.0
0.422113,0.0
0.870258,1.0
0.429997,1.0
0.889778,1.0
0.801207,1.0
0.887671,1.0
0.822374,0.0
0.904619,1.0
0.855097,1.0
0.614686,1.0
0.6246,1.0
0.59569,1.0
0.553226,0.0
0.599485,1.0
0.57078,1.0
0.601238,0.0
0.614517,0.0
0.568328,1.0
0.623721,0.0
0.601567,1.0
0.599352,1.0
0.623759,1.0
0.564494,0.0
0.566288,1.0
0.621801,1.0
0.585027,0.0
0.621295,1.0
0.602352,1.0
0.567563,1.0
0.61649,1.0
0.602358,0.0
0.623554,1.0
0.568522,1.0
0.624692,1.0
0.621885,1.0
0.563837,0.0
0.601319,1.0
0.619828,1.0
0.585096,0.0
0.561519,1.0
0.583627,1.0
0.626742,0.0
0.621411,1.0
0.618404,1.0
0.625491,1.0
0.601469,1.0
0.602376,1.0
0.623226,1.0
0.568526,1.0
0.619915,1.0
0.623707,0.0
0.564947,1.0
0.622561,0.0
0.565901,0.0
0.566785,1.0
0.555742,1.0
0.621874,1.0
0.567459,1.0
0.623025,1.0
0.622262,0.0
0.599448,1.0
0.567075,1.0
0.625458,1.0
0.597419,0.0
0.601508,1.0
0.570763,1.0
0.623721,1.0
0.569208,0.0
0.599984,0.0
0.569395,1.0
0.554185,1.0
0.560145,0.0
0.581829,0.0
0.568615,0.0
0.561934,1.0
0.601578,1.0
0.6224,0.0
0.625922,1.0
0.562975,0.0
0.602365,0.0
0.586121,0.0
0.569111,1.0
0.566814,1.0
0.624961,0.0
0.585127,1.0
0.602435,0.0
0.567888,0.0
0.598037,1.0
0.60168,1.0
0.569352,1.0
0.582597,1.0
0.621995,1.0
0.623916,1.0
0.581397,1.0
0.58108,1.0
0.597684,1.0
0.56374,1.0
0.602391,0.0
0.569807,1.0
0.623579,1.0
0.601491,0.0
0.564593,1.0
0.583508,1.0
0.568146,0.0
0.613456,0.0
0.567782,1.0
0.62307,1.0
0.569042,0.0
0.560195,0.0
0.746668,1.0
0.872713,1.0
0.356283,0.0
0.691833,1.0
0.344483,0.0
0.891772,1.0
0.328522,0.0
0.796754,1.0
0.898767,1.0
0.851378,1.0
0.338632,0.0
0.340414,1.0
0.856521,1.0
0.879871,1.0
0.874934,1.0
0.852502,0.0
0.424722,1.0
0.855278,1.0
0.329938,0.0
0.880684,1.0
0.822572,1.0
0.326698,0.0
0.862056,1.0
0.88542,1.0
0.868003,1.0
0.84238,1.0
0.862956,1.0
0.332429,0.0
0.806842,0.0
0.421415,1.0
0.852169,1.0
0.43442,0.0
0.880261,1.0
0.842087,1.0
0.825714,0.0
0.853165,1.0
0.332171,0.0
0.330139,0.0
0.865115,1.0
0.899223,1.0
0.858332,1.0
0.87728,1.0
0.882614,1.0
0.853627,1.0
0.872261,1.0
0.877235,1.0
0.827271,1.0
0.862804,1.0
0.893828,1.0
0.857035,1.0
0.85335,1.0
0.344592,1.0
0.892237,1.0
0.85755,0.0
0.348018,1.0
0.32903,0.0
0.892542,0.0
0.874499,1.0
0.883609,0.0
0.331525,1.0
0.889538,1.0
0.821736,1.0
0.859691,1.0
0.447838,0.0
0.884431,1.0
0.868799,0.0
0.329113,0.0
0.840138,0.0
0.880154,1.0
0.871768,1.0
0.326664,0.0
0.424593,0.0
0.888245,1.0
0.876323,1.0
0.877123,1.0
0.42839,1.0
0.326531,0.0
0.881991,1.0
0.346438,0.0
0.328813,0.0
0.889397,1.0
0.43983,1.0
0.842446,1.0
0.855364,1.0
0.450085,1.0
0.455572,1.0
0.347321,1.0
0.855877,1.0
0.326619,1.0
0.891539,1.0
0.872675,1.0
0.328641,1.0
0.866893,0.0
0.438249,0.0
0.883016,1.0
0.807709,1.0
0.881622,1.0
0.814736,1.0
0.901877,1.0
0.858895,1.0
0.613786,1.0
0.624513,1.0
0.609659,1.0
0.561005,0.0
0.612011,1.0
0.567713,1.0
0.614721,0.0
0.617259,0.0
0.568696,0.0
0.624539,1.0
0.61187,1.0
0.598934,1.0
0.624497,1.0
0.566162,1.0
0.565218,1.0
0.625595,1.0
0.583496,1.0
0.621905,1.0
0.6141,0.0
0.566095,1.0
0.61858,1.0
0.614767,0.0
0.624077,1.0
0.566794,0.0
0.624838,1.0
0.623292,1.0
0.563489,0.0
0.613926,0.0
0.62147,1.0
0.584273,0.0
0.561491,1.0
0.598567,1.0
0.626095,1.0
0.62272,0.0
0.619218,1.0
0.622717,1.0
0.613935,0.0
0.614064,1.0
0.623469,1.0
0.568753,1.0
0.620432,1.0
0.62318,0.0
0.566392,1.0
0.623225,0.0
0.564985,0.0
0.565572,1.0
0.556874,0.0
0.622204,1.0
0.568013,1.0
0.623735,1.0
0.622926,1.0
0.597686,1.0
0.567779,1.0
0.625371,1.0
0.597588,0.0
0.614423,1.0
0.570799,1.0
0.623593,1.0
0.569775,0.0
0.600659,1.0
0.567394,1.0
0.555774,1.0
0.562957,0.0
0.593525,0.0
0.566836,1.0
0.567464,1.0
0.614396,1.0
0.624734,1.0
0.625461,1.0
0.564921,0.0
0.61477,1.0
0.59941,0.0
0.5672,1.0
0.565443,1.0
0.62443,0.0
0.582907,1.0
0.614776,1.0
0.566448,0.0
0.611947,1.0
0.61442,1.0
0.567365,1.0
0.579271,1.0
0.623194,1.0
0.624707,1.0
0.576966,1.0
0.576889,1.0
0.597497,1.0
0.562046,0.0
0.601036,0.0
0.567674,1.0
0.623529,1.0
0.600869,0.0
0.567179,0.0
0.597807,0.0
0.566619,0.0
0.615537,1.0
0.566245,1.0
0.619418,1.0
0.569302,1.0
0.562834,0.0
0.512279,0.0
0.493308,1.0
0.533585,1.0
0.521831,1.0
0.53295,1.0
0.503802,1.0
0.531011,1.0
0.504546,1.0
0.504862,1.0
0.497069,0.0
0.532946,0.0
0.535911,0.0
0.49569,1.0
0.505203,0.0
0.505649,0.0
0.497266,1.0
0.539987,1.0
0.496013,1.0
0.53129,1.0
0.504978,0.0
0.499301,1.0
0.531007,1.0
0.494897,1.0
0.506324,0.0
0.494224,1.0
0.497941,1.0
0.509117,1.0
0.531334,1.0
0.50354,0.0
0.538871,0.0
0.5086,0.0
0.53748,0.0
0.493199,1.0
0.499195,1.0
0.501649,1.0
0.496214,1.0
0.531333,0.0
0.532381,1.0
0.494554,0.0
0.502753,0.0
0.495591,0.0
0.494176,1.0
0.504808,1.0
0.497384,1.0
0.508016,1.0
0.50537,0.0
0.513496,1.0
0.494644,1.0
0.503477,1.0
0.495375,0.0
0.495839,0.0
0.536196,0.0
0.503591,0.0
0.497532,1.0
0.535098,0.0
0.532271,0.0
0.504274,1.0
0.492567,0.0
0.507436,1.0
0.535334,1.0
0.503849,1.0
0.51249,0.0
0.509507,0.0
0.537517,1.0
0.5046,1.0
0.507079,0.0
0.53228,0.0
0.49978,0.0
0.492865,0.0
0.508176,1.0
0.532084,0.0
0.535668,1.0
0.503979,1.0
0.505586,0.0
0.495178,1.0
0.54052,1.0
0.532082,1.0
0.506752,0.0
0.532958,0.0
0.532273,0.0
0.503835,1.0
0.541082,0.0
0.498333,1.0
0.495978,1.0
0.541584,1.0
0.542025,1.0
0.53626,1.0
0.510139,0.0
0.5342,0.0
0.503581,1.0
0.492897,1.0
0.53425,0.0
0.50922,1.0
0.53671,1.0
0.506671,0.0
0.501663,1.0
0.50492,1.0
0.502211,0.0
0.502488,0.0
0.509671,1.0
0.531661,0.0
0.543695,0.0
0.533825,1.0
0.525465,1.0
0.533399,1.0
0.541146,1.0
0.532588,1.0
0.538584,0.0
0.541604,1.0
0.54014,0.0
0.533422,0.0
0.537147,0.0
0.543576,1.0
0.536148,0.0
0.535796,0.0
0.542078,1.0
0.540817,0.0
0.542009,0.0
0.532784,1.0
0.536212,0.0
0.539749,0.0
0.532615,0.0
0.543351,1.0
0.536573,0.0
0.543847,1.0
0.542778,1.0
0.539576,1.0
0.53278,1.0
0.535159,1.0
0.53967,1.0
0.534022,1.0
0.535433,0.0
0.544634,1.0
0.542267,1.0
0.537886,1.0
0.542428,1.0
0.532689,0.0
0.533113,1.0
0.539967,0.0
0.537479,1.0
0.538357,0.0
0.542771,0.0
0.540714,0.0
0.54257,1.0
0.540131,1.0
0.535964,0.0
0.537161,1.0
0.542236,1.0
0.541302,0.0
0.539847,1.0
0.539319,0.0
0.537435,0.0
0.537026,0.0
0.542011,0.0
0.53683,1.0
0.53292,1.0
0.540907,1.0
0.540217,1.0
0.54043,1.0
0.536953,1.0
0.541056,1.0
0.531286,0.0
0.534662,0.0
0.536391,0.0
0.540759,1.0
0.534943,0.0
0.532926,0.0
0.538184,0.0
0.54136,0.0
0.540131,1.0
0.532823,0.0
0.534942,1.0
0.540985,0.0
0.5359,1.0
0.543488,1.0
0.541311,1.0
0.532929,0.0
0.536291,1.0
0.533255,1.0
0.532926,0.0
0.541045,0.0
0.541895,0.0
0.542721,1.0
0.543701,0.0
0.542999,1.0
0.543183,1.0
0.537698,0.0
0.534267,0.0
0.536231,0.0
0.541158,1.0
0.543095,1.0
0.536245,0.0
0.5395,1.0
0.535319,1.0
0.536371,0.0
0.5378,1.0
0.540639,0.0
0.536739,1.0
0.537613,1.0
0.539352,1.0
0.806124,0.0
0.886415,1.0
0.380927,1.0
0.743979,1.0
0.37863,1.0
0.904794,0.0
0.373509,0.0
0.84511,1.0
0.907685,1.0
0.878096,1.0
0.37009,1.0
0.399417,0.0
0.875507,1.0
0.904529,1.0
0.902185,1.0
0.869147,0.0
0.437064,1.0
0.877881,1.0
0.374619,1.0
0.905045,1.0
0.862012,1.0
0.368183,0.0
0.877661,1.0
0.906614,1.0
0.880266,1.0
0.868237,1.0
0.889213,1.0
0.374386,1.0
0.842563,1.0
0.425315,1.0
0.885823,1.0
0.373334,0.0
0.884655,1.0
0.867031,1.0
0.850953,0.0
0.872612,0.0
0.364483,1.0
0.377685,1.0
0.883911,1.0
0.910314,1.0
0.879595,1.0
0.886263,1.0
0.90429,1.0
0.872714,1.0
0.894362,1.0
0.90335,1.0
0.866076,1.0
0.877173,1.0
0.909525,1.0
0.876648,1.0
0.87904,1.0
0.402253,0.0
0.910569,1.0
0.87433,1.0
0.401883,1.0
0.372749,0.0
0.902516,1.0
0.883889,1.0
0.89688,1.0
0.408014,0.0
0.904115,1.0
0.868786,1.0
0.893075,1.0
0.384825,1.0
0.901369,1.0
0.895932,0.0
0.367133,0.0
0.867049,1.0
0.890023,1.0
0.894202,1.0
0.366782,0.0
0.381097,0.0
0.906904,1.0
0.899383,1.0
0.881841,1.0
0.447512,1.0
0.37116,1.0
0.901306,1.0
0.373722,0.0
0.367153,0.0
0.907444,0.0
0.459827,1.0
0.867785,1.0
0.879558,1.0
0.491088,1.0
0.482739,0.0
0.408257,0.0
0.890235,0.0
0.39242,1.0
0.905061,1.0
0.882072,1.0
0.392319,0.0
0.888316,1.0
0.381003,1.0
0.905214,1.0
0.847026,0.0
0.903662,1.0
0.851718,1.0
0.911214,1.0
0.886983,1.0
0.512932,0.0
0.512932,1.0
0.512932,0.0
0.512932,0.0
0.512932,1.0
0.512932,0.0
0.512932,1.0
0.512932,1.0
0.512932,0.0
0.512932,1.0
0.512932,0.0
0.512932,1.0
0.512932,0.0
0.512932,0.0
0.512932,1.0
0.512932,0.0
0.512932,0.0
0.512932,1.0
0.512932,0.0
0.512932,0.0
0.512932,0.0
0.512932,1.0
0.512932,0.0
0.512932,1.0
0.512932,0.0
0.512932,0.0
0.512932,1.0
0.512932,0.0
0.512932,1.0
0.512932,0.0
0.512932,0.0
0.512932,1.0
0.512932,1.0
0.512932,0.0
0.512932,0.0
0.512932,1.0
0.512932,0.0
0.512932,1.0
0.512932,1.0
0.512932,0.0
0.512932,0.0
0.512932,1.0
0.512932,0.0
0.512932,0.0
0.512932,0.0
0.512932,1.0
0.512932,1.0
0.512932,0.0
0.512932,1.0
0.512932,0.0
0.512932,1.0
0.512932,0.0
0.512932,0.0
0.512932,1.0
0.512932,0.0
0.512932,1.0
0.512932,0.0
0.512932,0.0
0.512932,0.0
0.512932,0.0
0.512932,1.0
0.512932,1.0
0.512932,0.0
0.512932,1.0
0.512932,0.0
0.512932,0.0
0.512932,0.0
0.512932,0.0
0.512932,0.0
0.512932,0.0
0.512932,0.0
0.512932,0.0
0.512932,0.0
0.512932,0.0
0.512932,0.0
0.512932,0.0
0.512932,1.0
0.512932,0.0
0.512932,0.0
0.512932,0.0
0.512932,1.0
0.512932,1.0
0.512932,0.0
0.512932,1.0
0.512932,0.0
0.512932,0.0
0.512932,0.0
0.512932,0.0
0.512932,1.0
0.512932,1.0
0.512932,0.0
0.512932,0.0
0.512932,1.0
0.512932,0.0
0.512932,0.0
0.512932,1.0
0.512932,0.0
0.512932,1.0
0.512932,0.0
0.512932,0.0
0.493895,0.0
0.518569,1.0
0.493895,0.0
0.493895,0.0
0.518569,1.0
0.493895,0.0
0.518569,1.0
0.518569,1.0
0.493895,0.0
0.518569,0.0
0.493895,1.0
0.518569,1.0
0.493895,1.0
0.493895,0.0
0.518569,0.0
0.493895,1.0
0.493895,0.0
0.518569,1.0
0.493895,0.0
0.493895,1.0
0.493895,0.0
0.518569,0.0
0.493895,1.0
0.518569,1.0
0.493895,1.0
0.493895,1.0
0.518569,0.0
0.493895,0.0
0.518569,1.0
0.493895,0.0
0.493895,0.0
0.518569,1.0
0.518569,1.0
0.493895,1.0
0.493895,0.0
0.518569,1.0
0.493895,1.0
0.518569,1.0
0.518569,1.0
0.493895,0.0
0.493895,1.0
0.518569,1.0
0.493895,1.0
0.493895,0.0
0.493895,0.0
0.518569,0.0
0.518569,0.0
0.493895,0.0
0.518569,1.0
0.493895,1.0
0.518569,1.0
0.493895,0.0
0.493895,0.0
0.518569,1.0
0.493895,1.0
0.518569,0.0
0.493895,0.0
0.493895,1.0
0.493895,1.0
0.493895,0.0
0.518569,0.0
0.518569,1.0
0.493895,1.0
0.518569,1.0
0.493895,0.0
0.493895,0.0
0.493895,1.0
0.493895,1.0
0.493895,1.0
0.493895,0.0
0.493895,0.0
0.493895,0.0
0.493895,0.0
0.493895,0.0
0.493895,0.0
0.493895,0.0
0.518569,1.0
0.493895,0.0
0.493895,1.0
0.493895,0.0
0.518569,0.0
0.518569,1.0
0.493895,1.0
0.518569,0.0
0.493895,0.0
0.493895,0.0
0.493895,1.0
0.493895,1.0
0.518569,1.0
0.518569,1.0
0.493895,0.0
0.493895,0.0
0.518569,1.0
0.493895,1.0
0.493895,1.0
0.518569,1.0
0.493895,0.0
0.518569,1.0
0.493895,0.0
0.493895,1.0
0.532489,1.0
0.499922,1.0
0.532489,1.0
0.532489,0.0
0.499922,0.0
0.532489,1.0
0.499922,1.0
0.499922,0.0
0.532489,1.0
0.521149,1.0
0.511904,0.0
0.499922,1.0
0.511904,1.0
0.532489,1.0
0.521149,1.0
0.511904,1.0
0.532489,1.0
0.499922,0.0
0.532489,1.0
0.511904,1.0
0.532489,1.0
0.521149,0.0
0.511904,1.0
0.499922,1.0
0.511904,0.0
0.511904,1.0
0.521149,0.0
0.532489,0.0
0.499922,0.0
0.532489,1.0
0.532489,0.0
0.499922,1.0
0.499922,1.0
0.511904,1.0
0.532489,1.0
0.499922,1.0
0.511904,0.0
0.499922,0.0
0.499922,1.0
0.532489,1.0
0.511904,0.0
0.499922,1.0
0.511904,0.0
0.532489,1.0
0.532489,0.0
0.521149,1.0
0.521149,0.0
0.532489,0.0
0.499922,1.0
0.511904,1.0
0.499922,1.0
0.532489,1.0
0.532489,1.0
0.499922,0.0
0.511904,1.0
0.521149,1.0
0.532489,1.0
0.511904,0.0
0.511904,1.0
0.532489,1.0
0.521149,1.0
0.499922,1.0
0.511904,1.0
0.499922,0.0
0.532489,1.0
0.532489,0.0
0.511904,0.0
0.511904,0.0
0.511904,1.0
0.532489,1.0
0.532489,0.0
0.532489,1.0
0.532489,0.0
0.532489,1.0
0.532489,0.0
0.532489,1.0
0.499922,1.0
0.532489,1.0
0.511904,1.0
0.532489,1.0
0.521149,1.0
0.499922,1.0
0.511904,1.0
0.521149,1.0
0.532489,1.0
0.532489,0.0
0.511904,1.0
0.511904,1.0
0.499922,1.0
0.499922,1.0
0.532489,0.0
0.532489,1.0
0.499922,0.0
0.511904,0.0
0.511904,1.0
0.499922,0.0
0.532489,1.0
0.499922,1.0
0.532489,0.0
0.511904,0.0
0.558531,1.0
0.564084,1.0
0.558531,0.0
0.576364,0.0
0.581833,0.0
0.558531,0.0
0.564084,1.0
0.581833,1.0
0.558531,1.0
0.560397,1.0
0.580036,1.0
0.564084,0.0
0.562203,1.0
0.558531,1.0
0.560397,1.0
0.562203,1.0
0.558531,0.0
0.581833,1.0
0.558531,0.0
0.562203,1.0
0.558531,1.0
0.578189,0.0
0.562203,1.0
0.564084,1.0
0.580036,1.0
0.562203,1.0
0.578189,1.0
0.576364,1.0
0.581833,1.0
0.558531,1.0
0.576364,1.0
0.564084,0.0
0.564084,1.0
0.562203,1.0
0.558531,0.0
0.564084,1.0
0.580036,0.0
0.581833,0.0
0.564084,0.0
0.558531,1.0
0.580036,1.0
0.564084,0.0
0.580036,1.0
0.558531,0.0
0.576364,1.0
0.560397,0.0
0.578189,0.0
0.576364,0.0
0.564084,0.0
0.562203,1.0
0.564084,0.0
0.558531,0.0
0.558531,1.0
0.581833,1.0
0.562203,1.0
0.560397,1.0
0.558531,1.0
0.580036,0.0
0.562203,1.0
0.558531,1.0
0.560397,1.0
0.564084,1.0
0.562203,1.0
0.581833,1.0
0.558531,1.0
0.576364,1.0
0.580036,1.0
0.580036,0.0
0.562203,1.0
0.558531,1.0
0.576364,1.0
0.558531,1.0
0.576364,1.0
0.558531,1.0
0.576364,0.0
0.558531,1.0
0.564084,1.0
0.558531,1.0
0.562203,1.0
0.558531,1.0
0.560397,1.0
0.564084,0.0
0.562203,1.0
0.560397,1.0
0.558531,0.0
0.576364,0.0
0.562203,1.0
0.562203,0.0
0.564084,1.0
0.564084,0.0
0.576364,1.0
0.558531,1.0
0.581833,1.0
0.580036,1.0
0.562203,1.0
0.581833,0.0
0.558531,0.0
0.564084,0.0
0.576364,1.0
0.580036,1.0
0.54565,0.0
0.543453,1.0
0.545091,1.0
0.543231,1.0
0.541606,1.0
0.545091,1.0
0.543453,1.0
0.542573,1.0
0.54565,1.0
0.544676,0.0
0.543012,1.0
0.54289,1.0
0.544438,0.0
0.54565,1.0
0.544676,1.0
0.544438,1.0
0.545091,0.0
0.542573,1.0
0.545091,0.0
0.544438,1.0
0.54565,1.0
0.542794,1.0
0.544438,0.0
0.543453,0.0
0.543012,1.0
0.544438,1.0
0.543769,0.0
0.544227,1.0
0.542573,1.0
0.54565,1.0
0.544227,1.0
0.54289,1.0
0.543453,1.0
0.544438,0.0
0.545091,1.0
0.543453,1.0
0.542024,0.0
0.541606,1.0
0.54289,0.0
0.54565,1.0
0.543012,1.0
0.54289,1.0
0.543012,1.0
0.545091,1.0
0.544227,0.0
0.544127,0.0
0.542794,0.0
0.543231,1.0
0.54289,1.0
0.544438,1.0
0.54289,1.0
0.545091,0.0
0.54565,0.0
0.542573,0.0
0.544438,1.0
0.544676,1.0
0.54565,1.0
0.542024,0.0
0.544438,0.0
0.54565,1.0
0.544676,1.0
0.543453,1.0
0.544438,1.0
0.542573,0.0
0.54565,1.0
0.544227,1.0
0.543012,0.0
0.542024,0.0
0.544438,1.0
0.54565,1.0
0.544227,1.0
0.54565,1.0
0.544227,1.0
0.54565,0.0
0.543231,1.0
0.54565,1.0
0.543453,1.0
0.54565,1.0
0.544438,1.0
0.54565,1.0
0.544676,1.0
0.54289,1.0
0.544438,1.0
0.544676,1.0
0.545091,1.0
0.543231,0.0
0.544438,1.0
0.543864,1.0
0.543453,0.0
0.54289,1.0
0.544227,0.0
0.54565,1.0
0.542573,1.0
0.543012,1.0
0.544438,1.0
0.541606,0.0
0.545091,1.0
0.54289,1.0
0.544227,1.0
0.543012,0.0
0.557866,1.0
0.561355,1.0
0.559029,0.0
0.593204,0.0
0.59074,0.0
0.559029,1.0
0.561355,1.0
0.589872,1.0
0.560573,1.0
0.557136,1.0
0.591435,1.0
0.559573,0.0
0.559142,1.0
0.560573,1.0
0.560037,1.0
0.561874,1.0
0.556417,0.0
0.589872,1.0
0.556417,1.0
0.561874,1.0
0.560573,0.0
0.591543,0.0
0.559142,1.0
0.558431,0.0
0.591435,0.0
0.561874,1.0
0.590209,0.0
0.592213,1.0
0.589872,1.0
0.560573,0.0
0.592213,0.0
0.559573,1.0
0.561355,1.0
0.559142,1.0
0.559029,1.0
0.561355,1.0
0.592076,0.0
0.59074,0.0
0.556741,0.0
0.560573,1.0
0.591435,1.0
0.559573,0.0
0.591435,1.0
0.559029,1.0
0.591923,1.0
0.555428,1.0
0.591215,0.0
0.593204,0.0
0.559573,0.0
0.561874,0.0
0.559573,0.0
0.556417,0.0
0.557866,1.0
0.589411,0.0
0.561874,1.0
0.560037,1.0
0.560573,1.0
0.592076,1.0
0.559142,1.0
0.560573,1.0
0.560037,1.0
0.561355,1.0
0.561874,1.0
0.589411,1.0
0.560573,1.0
0.592213,1.0
0.591082,0.0
0.592076,0.0
0.561874,1.0
0.560573,1.0
0.592213,0.0
0.560573,1.0
0.592213,1.0
0.557866,1.0
0.593204,0.0
0.560573,1.0
0.561355,0.0
0.560573,0.0
0.561874,1.0
0.560573,1.0
0.560037,1.0
0.559573,1.0
0.561874,1.0
0.560037,1.0
0.559029,0.0
0.592976,0.0
0.561874,0.0
0.560345,0.0
0.558431,1.0
0.559573,1.0
0.591923,1.0
0.560573,1.0
0.589872,1.0
0.591435,1.0
0.561874,1.0
0.590347,1.0
0.559029,1.0
0.559573,1.0
0.592213,1.0
0.591082,1.0
0.576448,1.0
0.576764,0.0
0.56695,1.0
0.578072,1.0
0.577438,0.0
0.573831,1.0
0.576764,1.0
0.579748,1.0
0.579548,1.0
0.574498,1.0
0.579776,1.0
0.562798,0.0
0.57545,1.0
0.579548,0.0
0.577822,1.0
0.578497,1.0
0.564858,0.0
0.579748,0.0
0.571381,0.0
0.578497,1.0
0.572403,0.0
0.577803,1.0
0.57545,1.0
0.565903,1.0
0.577761,1.0
0.578497,0.0
0.577737,1.0
0.579975,1.0
0.579748,0.0
0.572403,1.0
0.578103,1.0
0.570444,0.0
0.576764,0.0
0.57545,0.0
0.573831,1.0
0.576764,1.0
0.577617,1.0
0.577438,0.0
0.560491,1.0
0.579548,1.0
0.579776,1.0
0.562798,1.0
0.579776,1.0
0.573831,1.0
0.579737,0.0
0.568724,1.0
0.577724,1.0
0.578072,0.0
0.562798,1.0
0.571217,0.0
0.562798,0.0
0.564858,1.0
0.576448,1.0
0.577356,0.0
0.578497,1.0
0.577822,0.0
0.579548,0.0
0.579351,1.0
0.57545,0.0
0.579548,1.0
0.577822,1.0
0.576764,0.0
0.578497,1.0
0.579382,0.0
0.579548,0.0
0.579975,1.0
0.577627,1.0
0.577617,0.0
0.578497,1.0
0.579548,1.0
0.578103,0.0
0.579548,0.0
0.579975,1.0
0.576448,1.0
0.578072,0.0
0.579548,1.0
0.568886,0.0
0.572403,1.0
0.578497,0.0
0.579548,1.0
0.577822,0.0
0.570444,1.0
0.578497,0.0
0.577822,0.0
0.56695,0.0
0.578026,0.0
0.571217,1.0
0.565871,0.0
0.573481,0.0
0.570444,1.0
0.579737,0.0
0.579548,1.0
0.579748,0.0
0.579776,1.0
0.578497,0.0
0.579208,0.0
0.573831,1.0
0.570444,0.0
0.579975,0.0
0.579481,1.0
0.602951,1.0
0.535311,0.0
0.593674,1.0
0.593989,0.0
0.560198,1.0
0.600596,1.0
0.605081,1.0
0.596012,1.0
0.606585,1.0
0.601888,1.0
0.595483,1.0
0.519723,0.0
0.602313,1.0
0.541974,0.0
0.605941,1.0
0.605897,1.0
0.530032,1.0
0.559451,1.0
0.53565,1.0
0.605897,1.0
0.533963,1.0
0.594379,1.0
0.602313,1.0
0.592671,1.0
0.594636,1.0
0.539936,0.0
0.594323,1.0
0.595118,1.0
0.559451,1.0
0.598951,1.0
0.594353,1.0
0.52822,1.0
0.535311,1.0
0.537821,0.0
0.600596,1.0
0.605081,1.0
0.593851,1.0
0.560198,1.0
0.587066,0.0
0.606585,1.0
0.595483,1.0
0.589325,1.0
0.595483,1.0
0.600596,1.0
0.561659,1.0
0.595666,1.0
0.593964,0.0
0.561849,0.0
0.589325,1.0
0.531644,1.0
0.519723,1.0
0.591959,1.0
0.602951,0.0
0.560463,0.0
0.605897,1.0
0.53747,0.0
0.541974,1.0
0.594554,1.0
0.537821,1.0
0.606585,1.0
0.605941,1.0
0.535311,1.0
0.605897,1.0
0.560131,1.0
0.541974,1.0
0.595118,1.0
0.594202,1.0
0.561698,1.0
0.605897,1.0
0.606585,1.0
0.561411,0.0
0.541974,1.0
0.595118,1.0
0.602951,1.0
0.561849,1.0
0.606585,1.0
0.525726,0.0
0.598951,1.0
0.539936,0.0
0.606585,1.0
0.53747,1.0
0.597795,1.0
0.539936,0.0
0.53747,0.0
0.529633,1.0
0.56248,0.0
0.597994,0.0
0.527268,1.0
0.532637,0.0
0.597795,1.0
0.561659,1.0
0.606585,1.0
0.559451,0.0
0.595483,1.0
0.539936,1.0
0.560562,1.0
0.600596,1.0
0.52822,0.0
0.561044,0.0
0.594957,1.0
0.484064,0.0
0.52723,1.0
0.48614,0.0
0.59819,1.0
0.594451,1.0
0.488334,0.0
0.518202,1.0
0.57293,1.0
0.491219,1.0
0.498813,0.0
0.576683,0.0
0.518144,1.0
0.49065,1.0
0.499229,0.0
0.509584,0.0
0.499268,0.0
0.491854,0.0
0.588545,0.0
0.491541,0.0
0.499268,1.0
0.494183,0.0
0.582528,1.0
0.49065,0.0
0.503757,1.0
0.580432,0.0
0.50739,1.0
0.583463,0.0
0.579926,0.0
0.588545,1.0
0.488106,0.0
0.583554,0.0
0.519373,1.0
0.524859,1.0
0.499274,1.0
0.488334,0.0
0.518202,1.0
0.585574,1.0
0.594451,1.0
0.501534,0.0
0.491219,0.0
0.576683,0.0
0.509242,1.0
0.576683,0.0
0.488334,0.0
0.597764,0.0
0.49444,0.0
0.59809,0.0
0.611292,0.0
0.509242,0.0
0.501888,1.0
0.515886,1.0
0.483437,0.0
0.486426,1.0
0.606326,1.0
0.499268,0.0
0.517907,1.0
0.496817,0.0
0.582047,0.0
0.496751,1.0
0.491219,0.0
0.509584,1.0
0.524859,1.0
0.499268,0.0
0.591886,1.0
0.496817,0.0
0.579926,0.0
0.58356,0.0
0.600177,0.0
0.499268,1.0
0.491219,1.0
0.609369,0.0
0.496817,0.0
0.579926,0.0
0.484064,0.0
0.60024,0.0
0.491219,1.0
0.523889,0.0
0.488106,0.0
0.50739,1.0
0.491219,1.0
0.5156,0.0
0.512742,1.0
0.50739,1.0
0.517907,0.0
0.493064,1.0
0.6138,0.0
0.49812,1.0
0.498888,0.0
0.515851,1.0
0.512742,1.0
0.597764,1.0
0.491219,0.0
0.599264,1.0
0.576683,0.0
0.504991,0.0
0.594034,1.0
0.488334,0.0
0.521731,1.0
0.605951,0.0
0.57992,1.0
0.628024,0.0
0.750893,1.0
0.634112,1.0
0.375142,1.0
0.388723,0.0
0.639069,1.0
0.686909,0.0
0.394841,1.0
0.645874,0.0
0.668964,1.0
0.419081,0.0
0.750831,0.0
0.640007,1.0
0.708569,1.0
0.680171,1.0
0.662811,0.0
0.638092,0.0
0.421568,0.0
0.647055,1.0
0.660099,0.0
0.682371,1.0
0.386602,1.0
0.644974,1.0
0.677717,0.0
0.415343,0.0
0.724929,1.0
0.412517,0.0
0.416251,0.0
0.394917,0.0
0.647072,1.0
0.412684,0.0
0.718822,1.0
0.71799,1.0
0.703577,0.0
0.639069,1.0
0.686909,1.0
0.384552,0.0
0.388723,1.0
0.697599,1.0
0.650181,0.0
0.419081,0.0
0.685637,1.0
0.419081,0.0
0.639069,1.0
0.412285,0.0
0.661803,0.0
0.400791,0.0
0.399384,0.0
0.685757,1.0
0.696827,0.0
0.721977,1.0
0.604101,1.0
0.635936,0.0
0.378362,0.0
0.662811,1.0
0.744323,1.0
0.683274,0.0
0.414952,1.0
0.678538,1.0
0.650181,1.0
0.67959,1.0
0.71799,0.0
0.662811,1.0
0.391459,0.0
0.683274,1.0
0.416251,0.0
0.412782,1.0
0.409763,1.0
0.660099,1.0
0.645874,1.0
0.400934,1.0
0.683274,0.0
0.416251,0.0
0.628024,1.0
0.409609,0.0
0.645874,1.0
0.749203,1.0
0.647072,0.0
0.724929,0.0
0.645874,1.0
0.709428,0.0
0.684337,1.0
0.724929,1.0
0.740394,1.0
0.66769,0.0
0.39704,1.0
0.681311,1.0
0.687357,1.0
0.742874,1.0
0.684337,1.0
0.385853,0.0
0.650181,1.0
0.385976,0.0
0.419081,0.0
0.695043,0.0
0.38965,0.0
0.639069,1.0
0.749626,1.0
0.404853,0.0
0.389276,1.0
0.585715,1.0
0.723948,1.0
0.658892,1.0
0.401797,0.0
0.330348,1.0
0.661313,1.0
0.65031,0.0
0.407718,0.0
0.614007,1.0
0.682698,1.0
0.341007,0.0
0.714615,0.0
0.662174,1.0
0.739064,1.0
0.68715,1.0
0.632193,0.0
0.62711,0.0
0.347556,0.0
0.693664,1.0
0.62934,1.0
0.714779,0.0
0.402612,1.0
0.666004,1.0
0.646981,0.0
0.339101,0.0
0.732127,1.0
0.337712,0.0
0.339652,0.0
0.334031,0.0
0.668219,1.0
0.337857,0.0
0.716335,0.0
0.711286,1.0
0.704172,1.0
0.661313,1.0
0.681621,0.0
0.323891,0.0
0.408975,0.0
0.721608,1.0
0.616158,0.0
0.341007,0.0
0.688604,1.0
0.341007,0.0
0.661313,1.0
0.3421,0.0
0.632341,0.0
0.337314,0.0
0.340037,1.0
0.695296,1.0
0.681664,1.0
0.721353,1.0
0.625309,1.0
0.621211,0.0
0.33028,0.0
0.678276,1.0
0.726409,1.0
0.668932,0.0
0.422121,1.0
0.708519,1.0
0.668629,0.0
0.679816,0.0
0.687542,1.0
0.678276,1.0
0.331966,0.0
0.710614,1.0
0.339652,0.0
0.420513,0.0
0.422963,1.0
0.673102,1.0
0.664345,1.0
0.422336,1.0
0.668932,0.0
0.339652,0.0
0.648694,1.0
0.340549,0.0
0.664345,1.0
0.73871,0.0
0.613128,0.0
0.707589,1.0
0.664345,1.0
0.689422,0.0
0.684411,1.0
0.732127,1.0
0.736894,1.0
0.664607,1.0
0.419363,0.0
0.705953,1.0
0.721261,1.0
0.729429,0.0
0.684411,0.0
0.328781,0.0
0.668629,1.0
0.335362,0.0
0.341007,0.0
0.679372,1.0
0.330985,1.0
0.661313,0.0
0.728243,1.0
0.34345,0.0
0.404398,0.0
0.617409,1.0
0.775365,1.0
0.682674,1.0
0.356853,0.0
0.349268,1.0
0.68225,1.0
0.674551,0.0
0.354468,0.0
0.664739,0.0
0.695444,0.0
0.28057,0.0
0.761534,0.0
0.686488,1.0
0.748587,1.0
0.698406,1.0
0.634489,1.0
0.639373,0.0
0.285705,0.0
0.724274,1.0
0.682535,0.0
0.703584,0.0
0.434009,1.0
0.685056,1.0
0.665096,0.0
0.280278,0.0
0.758513,1.0
0.280079,0.0
0.280421,0.0
0.283802,0.0
0.687036,1.0
0.280144,0.0
0.735907,0.0
0.749934,1.0
0.756586,1.0
0.68225,0.0
0.68347,0.0
0.278109,0.0
0.358829,1.0
0.737051,1.0
0.607616,0.0
0.28057,0.0
0.712451,0.0
0.28057,0.0
0.68225,1.0
0.284152,0.0
0.633632,0.0
0.284441,0.0
0.355793,0.0
0.706593,1.0
0.737363,0.0
0.755727,0.0
0.651993,1.0
0.631725,0.0
0.286607,0.0
0.692257,1.0
0.769625,1.0
0.68563,0.0
0.446748,1.0
0.731773,1.0
0.644543,1.0
0.676266,0.0
0.745578,0.0
0.692257,0.0
0.283117,0.0
0.724666,0.0
0.280421,0.0
0.360978,0.0
0.450338,0.0
0.694747,0.0
0.687101,1.0
0.454324,1.0
0.68563,0.0
0.280421,0.0
0.67078,1.0
0.283711,0.0
0.687101,0.0
0.754005,0.0
0.601525,0.0
0.760811,0.0
0.687101,1.0
0.707987,0.0
0.708791,0.0
0.758513,0.0
0.759512,0.0
0.728724,0.0
0.367526,0.0
0.730726,1.0
0.735481,0.0
0.756687,1.0
0.683083,0.0
0.282124,0.0
0.685612,0.0
0.2889,1.0
0.28057,0.0
0.725793,0.0
0.349632,0.0
0.635637,1.0
0.772963,1.0
0.288674,0.0
0.353032,0.0
0.565499,1.0
0.538874,1.0
0.569259,0.0
0.611836,0.0
0.594207,0.0
0.573556,0.0
0.595271,1.0
0.612705,1.0
0.58501,1.0
0.588158,1.0
0.622505,1.0
0.541699,0.0
0.577301,1.0
0.533109,1.0
0.585727,1.0
0.577922,1.0
0.559646,0.0
0.621906,1.0
0.547208,1.0
0.589637,1.0
0.559779,0.0
0.578635,0.0
0.575934,0.0
0.589181,0.0
0.622462,0.0
0.535047,1.0
0.622429,1.0
0.622465,1.0
0.621569,1.0
0.575095,1.0
0.622425,0.0
0.552685,0.0
0.547246,1.0
0.536001,1.0
0.580813,0.0
0.594227,0.0
0.622103,0.0
0.597297,0.0
0.540587,0.0
0.58165,1.0
0.622505,1.0
0.586591,0.0
0.622505,1.0
0.573556,1.0
0.62191,0.0
0.582432,0.0
0.621584,0.0
0.608055,0.0
0.57917,0.0
0.55962,0.0
0.54565,0.0
0.558809,0.0
0.56745,1.0
0.620833,1.0
0.582008,1.0
0.537515,1.0
0.574541,1.0
0.576432,1.0
0.547427,1.0
0.575578,1.0
0.59249,1.0
0.562727,1.0
0.588338,1.0
0.62159,1.0
0.562682,0.0
0.622465,1.0
0.612179,0.0
0.592626,0.0
0.589665,0.0
0.57999,1.0
0.574245,0.0
0.574541,0.0
0.622465,1.0
0.570145,1.0
0.621911,0.0
0.586688,0.0
0.539796,1.0
0.579436,0.0
0.54221,1.0
0.57999,0.0
0.573796,0.0
0.590934,0.0
0.539933,1.0
0.540003,1.0
0.558086,0.0
0.610672,0.0
0.54756,1.0
0.549709,0.0
0.536213,1.0
0.591393,0.0
0.621613,1.0
0.585061,0.0
0.608046,1.0
0.622505,0.0
0.570248,1.0
0.608863,1.0
0.5709,0.0
0.537758,0.0
0.621112,1.0
0.612801,1.0
0.54664,0.0
0.515371,1.0
0.527483,1.0
0.531787,1.0
0.535851,0.0
0.527804,1.0
0.527953,0.0
0.532625,1.0
0.537444,1.0
0.525513,0.0
0.52996,0.0
0.517627,0.0
0.525902,0.0
0.517227,1.0
0.523112,0.0
0.534222,1.0
0.5359,0.0
0.530105,0.0
0.517143,0.0
0.531081,0.0
0.519509,1.0
0.539748,1.0
0.527023,1.0
0.530691,0.0
0.528916,1.0
0.516774,1.0
0.529979,0.0
0.52997,1.0
0.530188,1.0
0.526238,1.0
0.528926,0.0
0.515538,1.0
0.51369,1.0
0.5165,0.0
0.531474,1.0
0.525629,1.0
0.529001,0.0
0.535319,1.0
0.51572,0.0
0.555023,0.0
0.52996,1.0
0.522407,0.0
0.52996,1.0
0.527352,1.0
0.529049,0.0
0.541793,0.0
0.529123,0.0
0.532966,0.0
0.521889,0.0
0.5168,1.0
0.515801,0.0
0.53345,0.0
0.539588,0.0
0.530361,0.0
0.524639,0.0
0.515835,0.0
0.526091,1.0
0.541138,0.0
0.515356,0.0
0.530859,1.0
0.526297,1.0
0.515256,1.0
0.526464,1.0
0.530182,0.0
0.518272,0.0
0.52997,1.0
0.531664,0.0
0.538146,0.0
0.526462,1.0
0.525884,0.0
0.540503,0.0
0.526156,0.0
0.52997,1.0
0.530057,0.0
0.529049,0.0
0.528956,1.0
0.517002,1.0
0.558342,1.0
0.51649,1.0
0.52642,0.0
0.520879,0.0
0.523343,0.0
0.517092,1.0
0.517125,1.0
0.518644,1.0
0.532084,0.0
0.515295,0.0
0.516465,0.0
0.51601,0.0
0.52566,0.0
0.530176,0.0
0.529809,0.0
0.533278,0.0
0.528905,0.0
0.519784,0.0
0.533827,1.0
0.533509,1.0
0.517241,1.0
0.530293,1.0
0.532606,0.0
0.637465,1.0
0.725828,1.0
0.683081,0.0
0.342589,0.0
0.405159,0.0
0.679838,1.0
0.665338,0.0
0.344404,0.0
0.657244,0.0
0.672776,1.0
0.331588,0.0
0.734543,0.0
0.679056,1.0
0.742894,1.0
0.67918,1.0
0.664843,1.0
0.697865,0.0
0.331879,1.0
0.731319,1.0
0.663541,0.0
0.72456,1.0
0.474719,1.0
0.679194,1.0
0.667891,0.0
0.333775,0.0
0.737515,0.0
0.331957,0.0
0.337066,0.0
0.33879,0.0
0.677025,1.0
0.328663,0.0
0.730811,1.0
0.726497,1.0
0.737035,0.0
0.669895,1.0
0.670624,0.0
0.330126,1.0
0.393724,1.0
0.740723,1.0
0.610284,0.0
0.3369,0.0
0.684003,1.0
0.3369,0.0
0.676703,1.0
0.328998,0.0
0.653771,1.0
0.32983,0.0
0.348726,0.0
0.690252,1.0
0.723459,0.0
0.738754,1.0
0.682653,1.0
0.674766,0.0
0.334825,0.0
0.678922,1.0
0.73289,1.0
0.687015,0.0
0.486776,1.0
0.733844,1.0
0.671372,1.0
0.668114,1.0
0.718547,0.0
0.668591,1.0
0.333578,0.0
0.726049,1.0
0.337066,0.0
0.33417,0.0
0.372609,1.0
0.670515,1.0
0.67754,1.0
0.500297,1.0
0.696128,0.0
0.337066,0.0
0.676507,1.0
0.329119,0.0
0.668822,0.0
0.738444,0.0
0.586369,1.0
0.735005,0.0
0.680304,1.0
0.710537,0.0
0.678574,1.0
0.740662,1.0
0.742006,1.0
0.722176,0.0
0.336864,1.0
0.732478,1.0
0.739611,0.0
0.733463,0.0
0.676301,0.0
0.333796,0.0
0.671256,0.0
0.374682,1.0
0.328317,0.0
0.708217,0.0
0.358264,1.0
0.672379,1.0
0.729541,1.0
0.338721,0.0
0.339204,0.0
0.664632,1.0
0.809538,1.0
0.697763,1.0
0.309224,1.0
0.342693,1.0
0.712534,1.0
0.701573,0.0
0.310684,1.0
0.665967,0.0
0.72273,1.0
0.305076,0.0
0.79788,0.0
0.719945,1.0
0.789837,1.0
0.728497,1.0
0.697071,0.0
0.711347,1.0
0.374501,0.0
0.782751,1.0
0.689613,0.0
0.771165,0.0
0.495328,1.0
0.714127,1.0
0.691592,0.0
0.306575,0.0
0.790381,1.0
0.305262,0.0
0.308631,0.0
0.309446,0.0
0.716934,1.0
0.30328,0.0
0.791866,0.0
0.799191,0.0
0.793852,1.0
0.705585,1.0
0.708179,0.0
0.373061,1.0
0.417175,1.0
0.789329,1.0
0.582239,0.0
0.308544,0.0
0.737616,1.0
0.308544,0.0
0.714077,1.0
0.303356,1.0
0.683066,0.0
0.303745,0.0
0.310907,1.0
0.737509,1.0
0.7787,1.0
0.795711,0.0
0.706351,1.0
0.685279,0.0
0.306523,0.0
0.723238,1.0
0.807246,1.0
0.722163,0.0
0.505662,1.0
0.789485,1.0
0.70404,1.0
0.718167,1.0
0.784346,1.0
0.718404,0.0
0.305984,0.0
0.778031,1.0
0.308631,0.0
0.303909,1.0
0.395745,1.0
0.718831,1.0
0.7197,0.0
0.523714,1.0
0.727394,0.0
0.308631,0.0
0.709044,1.0
0.303422,0.0
0.694412,0.0
0.789445,0.0
0.604499,1.0
0.790246,0.0
0.718163,1.0
0.754894,1.0
0.732561,0.0
0.792071,1.0
0.791364,1.0
0.77237,0.0
0.375077,0.0
0.788729,1.0
0.779175,1.0
0.800056,1.0
0.709746,1.0
0.30611,0.0
0.692629,1.0
0.403216,0.0
0.303109,0.0
0.760371,0.0
0.391695,0.0
0.698732,1.0
0.805698,1.0
0.309317,0.0
0.307059,0.0
0.681307,1.0
0.362348,0.0
0.702061,1.0
0.577171,1.0
0.577076,0.0
0.70873,0.0
0.719223,1.0
0.577133,1.0
0.702851,1.0
0.718233,1.0
0.577663,1.0
0.363472,1.0
0.710808,1.0
0.362253,0.0
0.718482,1.0
0.713506,0.0
0.55582,0.0
0.578313,1.0
0.403222,0.0
0.713162,1.0
0.431807,0.0
0.569717,1.0
0.711503,1.0
0.711598,1.0
0.577662,0.0
0.362227,0.0
0.577667,1.0
0.577698,1.0
0.577722,0.0
0.712506,1.0
0.577629,1.0
0.383492,0.0
0.382369,0.0
0.364736,0.0
0.710125,1.0
0.720103,1.0
0.572999,1.0
0.572663,0.0
0.379149,0.0
0.642605,0.0
0.577696,0.0
0.68488,1.0
0.577696,0.0
0.711678,0.0
0.57696,0.0
0.698833,1.0
0.577651,0.0
0.57731,0.0
0.679895,1.0
0.405739,0.0
0.372417,1.0
0.680431,1.0
0.654953,0.0
0.577711,0.0
0.71748,1.0
0.362628,0.0
0.6553,0.0
0.569542,0.0
0.390192,0.0
0.716657,1.0
0.720624,1.0
0.409346,0.0
0.719697,0.0
0.577691,1.0
0.425989,0.0
0.577698,0.0
0.577305,0.0
0.573395,0.0
0.716117,1.0
0.716503,1.0
0.565636,0.0
0.629448,0.0
0.577698,0.0
0.710189,1.0
0.577642,0.0
0.714265,0.0
0.362853,0.0
0.642865,1.0
0.365977,0.0
0.712971,1.0
0.510018,0.0
0.709671,1.0
0.361374,0.0
0.361537,1.0
0.417525,0.0
0.578521,0.0
0.394779,0.0
0.387129,1.0
0.363393,0.0
0.714786,1.0
0.577691,0.0
0.714097,1.0
0.579096,1.0
0.577626,1.0
0.515562,0.0
0.579007,0.0
0.708639,1.0
0.360804,0.0
0.577731,0.0
0.577934,1.0
0.678335,1.0
0.800707,1.0
0.712972,1.0
0.384361,0.0
0.375626,1.0
0.697955,1.0
0.715276,0.0
0.384966,1.0
0.686719,1.0
0.726443,1.0
0.318823,0.0
0.807724,1.0
0.723056,1.0
0.781617,1.0
0.732255,1.0
0.681664,1.0
0.734268,1.0
0.360839,0.0
0.779663,1.0
0.704103,0.0
0.766547,1.0
0.558609,1.0
0.717343,1.0
0.706052,1.0
0.304838,0.0
0.79315,1.0
0.318835,0.0
0.319401,0.0
0.305113,0.0
0.719991,1.0
0.318597,0.0
0.781125,1.0
0.78785,1.0
0.797183,1.0
0.709816,1.0
0.72114,1.0
0.446959,0.0
0.460674,1.0
0.782825,1.0
0.565019,0.0
0.305087,0.0
0.739146,1.0
0.305087,0.0
0.699029,1.0
0.367307,0.0
0.689934,0.0
0.304322,0.0
0.367726,1.0
0.738437,1.0
0.787579,1.0
0.795153,1.0
0.708145,1.0
0.689421,1.0
0.304554,0.0
0.726768,1.0
0.798736,1.0
0.721186,1.0
0.556426,1.0
0.784447,1.0
0.709339,1.0
0.723291,1.0
0.793515,0.0
0.698663,1.0
0.318835,0.0
0.77767,1.0
0.305094,0.0
0.366322,1.0
0.442119,1.0
0.722928,1.0
0.718832,1.0
0.587964,1.0
0.730836,0.0
0.305094,0.0
0.712143,1.0
0.304319,0.0
0.688899,0.0
0.787849,0.0
0.622843,0.0
0.789137,1.0
0.721589,1.0
0.774007,1.0
0.73005,1.0
0.783803,1.0
0.794279,1.0
0.778078,0.0
0.344241,1.0
0.784159,1.0
0.796575,0.0
0.802877,0.0
0.727329,1.0
0.304579,1.0
0.709526,1.0
0.369716,0.0
0.318588,0.0
0.772078,1.0
0.350012,1.0
0.704336,1.0
0.796891,1.0
0.305064,1.0
0.318077,1.0
0.530199,0.0
0.527179,1.0
0.525329,1.0
0.540704,1.0
0.534002,1.0
0.522924,1.0
0.527269,1.0
0.53499,1.0
0.528937,1.0
0.526283,0.0
0.53738,1.0
0.527416,1.0
0.525808,1.0
0.524808,1.0
0.526477,1.0
0.52563,1.0
0.51657,0.0
0.539868,1.0
0.522665,1.0
0.527556,1.0
0.520267,1.0
0.540802,1.0
0.525122,1.0
0.52728,0.0
0.536095,0.0
0.526197,0.0
0.537381,1.0
0.537423,1.0
0.536118,1.0
0.525446,1.0
0.537361,1.0
0.523654,1.0
0.524564,1.0
0.526489,0.0
0.525462,1.0
0.526909,1.0
0.543745,0.0
0.538896,1.0
0.524009,0.0
0.574725,1.0
0.536114,1.0
0.527126,1.0
0.536114,1.0
0.523281,1.0
0.539295,1.0
0.529759,1.0
0.536061,1.0
0.533434,1.0
0.526618,0.0
0.52369,1.0
0.525394,1.0
0.524896,0.0
0.525395,0.0
0.53608,1.0
0.525973,0.0
0.526923,0.0
0.522976,1.0
0.541064,0.0
0.523821,1.0
0.5254,1.0
0.526478,1.0
0.523385,1.0
0.524231,1.0
0.537383,0.0
0.521847,1.0
0.536115,1.0
0.533327,0.0
0.53787,0.0
0.526119,1.0
0.525779,0.0
0.538639,0.0
0.520601,1.0
0.536115,1.0
0.52521,1.0
0.536059,1.0
0.525144,1.0
0.524358,1.0
0.554994,1.0
0.52541,1.0
0.525595,1.0
0.519907,1.0
0.526707,1.0
0.525125,1.0
0.526064,1.0
0.520934,1.0
0.5322,1.0
0.523603,1.0
0.523783,1.0
0.526274,0.0
0.527089,1.0
0.529675,0.0
0.525981,1.0
0.54047,1.0
0.53736,1.0
0.519627,1.0
0.5326,0.0
0.525319,1.0
0.526796,1.0
0.529712,1.0
0.531179,0.0
0.577418,1.0
0.669034,0.0
0.601147,0.0
0.611379,0.0
0.568967,1.0
0.602079,0.0
0.602124,1.0
0.564391,1.0
0.599315,1.0
0.592696,0.0
0.630918,1.0
0.668081,1.0
0.601095,1.0
0.669206,0.0
0.600957,0.0
0.600458,0.0
0.639848,0.0
0.621769,1.0
0.666147,1.0
0.600515,0.0
0.663581,1.0
0.506797,1.0
0.600342,1.0
0.595809,1.0
0.636532,1.0
0.660048,1.0
0.63092,1.0
0.630878,1.0
0.634298,1.0
0.600403,0.0
0.630921,0.0
0.667837,1.0
0.667909,1.0
0.659578,1.0
0.599481,1.0
0.602889,1.0
0.586396,1.0
0.530254,1.0
0.659015,1.0
0.446668,1.0
0.634278,0.0
0.605558,1.0
0.634278,0.0
0.601753,1.0
0.616565,1.0
0.596544,0.0
0.634333,1.0
0.571524,0.0
0.597355,1.0
0.665873,1.0
0.668022,1.0
0.592911,1.0
0.60743,1.0
0.634353,1.0
0.592645,1.0
0.659688,1.0
0.620478,0.0
0.521436,0.0
0.667238,0.0
0.599049,0.0
0.60155,1.0
0.663675,1.0
0.601821,0.0
0.633185,1.0
0.664174,1.0
0.634279,0.0
0.571397,0.0
0.535576,0.0
0.60135,1.0
0.593257,1.0
0.549481,0.0
0.625171,0.0
0.634279,1.0
0.598506,0.0
0.634324,1.0
0.601086,0.0
0.667323,1.0
0.492551,0.0
0.669032,1.0
0.600698,0.0
0.65659,1.0
0.603245,1.0
0.669428,1.0
0.668787,1.0
0.662768,0.0
0.58317,0.0
0.666765,1.0
0.664175,1.0
0.657672,1.0
0.602731,1.0
0.596561,0.0
0.599446,0.0
0.620328,1.0
0.630918,1.0
0.656296,1.0
0.581567,1.0
0.59871,0.0
0.669324,1.0
0.595628,1.0
0.591877,1.0
0.591902,1.0
0.541782,1.0
0.597643,1.0
0.597016,0.0
0.587092,0.0
0.59204,0.0
0.604673,1.0
0.588155,1.0
0.600221,1.0
0.600579,1.0
0.60509,1.0
0.549729,0.0
0.603969,1.0
0.536057,1.0
0.601968,1.0
0.592615,1.0
0.527536,0.0
0.604582,0.0
0.539338,1.0
0.598499,1.0
0.535131,0.0
0.555083,0.0
0.602496,1.0
0.603038,0.0
0.605498,0.0
0.543503,1.0
0.605091,0.0
0.605105,1.0
0.604878,1.0
0.598974,0.0
0.599183,1.0
0.539594,1.0
0.541677,1.0
0.544559,0.0
0.601243,1.0
0.605652,0.0
0.601016,0.0
0.566008,0.0
0.540021,0.0
0.588014,1.0
0.598964,1.0
0.606534,1.0
0.598964,1.0
0.596949,0.0
0.60247,0.0
0.596056,0.0
0.604857,1.0
0.580849,0.0
0.605224,0.0
0.541888,0.0
0.546065,0.0
0.598206,0.0
0.586996,0.0
0.604872,1.0
0.604639,1.0
0.54511,1.0
0.578437,1.0
0.528475,1.0
0.53672,1.0
0.597311,0.0
0.605358,1.0
0.54218,1.0
0.594486,0.0
0.60574,1.0
0.538918,1.0
0.598965,1.0
0.581677,1.0
0.566748,0.0
0.604665,0.0
0.603209,0.0
0.527226,1.0
0.55991,1.0
0.604872,1.0
0.596847,0.0
0.604854,0.0
0.593616,1.0
0.540166,0.0
0.573381,0.0
0.542141,1.0
0.59946,1.0
0.539881,0.0
0.606253,1.0
0.541053,1.0
0.54636,0.0
0.532773,0.0
0.584697,0.0
0.540824,0.0
0.545179,0.0
0.544741,1.0
0.606385,0.0
0.588396,1.0
0.597739,1.0
0.604642,0.0
0.60508,1.0
0.539275,1.0
0.591878,1.0
0.596011,1.0
0.545042,0.0
0.594282,1.0
0.595055,1.0
0.661678,1.0
0.787145,1.0
0.703692,1.0
0.353496,0.0
0.398276,0.0
0.677469,1.0
0.682184,0.0
0.394696,0.0
0.667563,1.0
0.71574,1.0
0.339121,0.0
0.782206,1.0
0.69306,1.0
0.76733,1.0
0.722887,1.0
0.671791,0.0
0.738015,1.0
0.335428,0.0
0.747955,1.0
0.693648,0.0
0.733977,1.0
0.676014,1.0
0.687161,1.0
0.676452,0.0
0.334308,1.0
0.757652,1.0
0.335531,0.0
0.339061,0.0
0.340335,0.0
0.708078,1.0
0.354155,0.0
0.746765,1.0
0.753514,1.0
0.761157,1.0
0.681183,1.0
0.690553,1.0
0.338158,1.0
0.539629,1.0
0.746396,1.0
0.304788,0.0
0.35532,0.0
0.70765,0.0
0.35532,0.0
0.659078,0.0
0.341804,0.0
0.683428,1.0
0.340415,0.0
0.412485,1.0
0.702538,1.0
0.75573,0.0
0.768711,0.0
0.673856,1.0
0.657007,0.0
0.340367,0.0
0.695311,1.0
0.76309,1.0
0.703786,1.0
0.734467,0.0
0.771731,1.0
0.699175,1.0
0.69478,1.0
0.756458,1.0
0.679528,0.0
0.336575,0.0
0.747085,0.0
0.355318,0.0
0.40745,0.0
0.483566,1.0
0.691741,1.0
0.68474,0.0
0.73895,1.0
0.717208,1.0
0.340353,0.0
0.700721,1.0
0.336824,1.0
0.671631,0.0
0.745687,0.0
0.618005,1.0
0.754593,0.0
0.711984,1.0
0.749801,0.0
0.699073,1.0
0.750075,0.0
0.768676,1.0
0.758753,1.0
0.396144,0.0
0.751108,1.0
0.767065,1.0
0.761529,1.0
0.697258,0.0
0.384501,1.0
0.702372,0.0
0.334883,0.0
0.339158,0.0
0.748538,0.0
0.377955,1.0
0.696644,1.0
0.762688,1.0
0.374145,0.0
0.367419,0.0
0.587506,0.0
0.659872,0.0
0.591302,0.0
0.625933,0.0
0.602377,0.0
0.592285,0.0
0.608936,1.0
0.603266,1.0
0.592837,1.0
0.590546,1.0
0.63169,1.0
0.660908,1.0
0.59195,0.0
0.66045,0.0
0.590679,0.0
0.607378,0.0
0.651441,0.0
0.634254,1.0
0.660003,0.0
0.606869,1.0
0.658965,1.0
0.571641,0.0
0.591533,1.0
0.608764,1.0
0.623587,0.0
0.661181,1.0
0.634172,1.0
0.631718,0.0
0.631127,1.0
0.590954,1.0
0.624551,0.0
0.660523,1.0
0.660685,1.0
0.661501,0.0
0.591478,0.0
0.59344,0.0
0.621914,1.0
0.505909,1.0
0.660937,0.0
0.65412,0.0
0.623991,0.0
0.607979,1.0
0.623991,0.0
0.608376,0.0
0.631323,0.0
0.592171,1.0
0.63109,1.0
0.579464,1.0
0.594687,0.0
0.673221,0.0
0.673317,1.0
0.592219,0.0
0.617843,1.0
0.631112,1.0
0.591517,0.0
0.661139,1.0
0.608784,0.0
0.635501,0.0
0.659754,0.0
0.590609,0.0
0.592278,1.0
0.660031,1.0
0.607461,0.0
0.632882,1.0
0.6725,0.0
0.623992,0.0
0.59639,1.0
0.529329,0.0
0.592391,1.0
0.606946,0.0
0.638995,0.0
0.623998,0.0
0.631119,1.0
0.590371,0.0
0.622303,1.0
0.608648,0.0
0.674591,1.0
0.511906,0.0
0.67389,1.0
0.590768,0.0
0.669916,1.0
0.593104,1.0
0.67414,0.0
0.66128,0.0
0.659503,0.0
0.604058,0.0
0.660666,1.0
0.660505,0.0
0.661192,1.0
0.607453,1.0
0.59534,0.0
0.604664,0.0
0.63451,1.0
0.631673,0.0
0.669505,1.0
0.59888,1.0
0.590437,0.0
0.661638,1.0
0.614436,0.0
0.61794,0.0
0.518833,0.0
0.511967,1.0
0.512263,1.0
0.534275,0.0
0.536225,1.0
0.516141,1.0
0.516692,0.0
0.535136,1.0
0.517623,0.0
0.509513,1.0
0.533175,0.0
0.512849,1.0
0.513908,0.0
0.514828,0.0
0.50928,0.0
0.518562,0.0
0.515372,1.0
0.53285,0.0
0.517249,0.0
0.515059,0.0
0.519236,1.0
0.520564,0.0
0.513976,0.0
0.517054,0.0
0.537382,0.0
0.516634,0.0
0.532877,1.0
0.534163,0.0
0.533226,1.0
0.510501,1.0
0.534646,0.0
0.517938,0.0
0.516975,0.0
0.515845,0.0
0.515641,1.0
0.514728,1.0
0.535483,1.0
0.540038,1.0
0.517759,1.0
0.53091,1.0
0.534704,1.0
0.512635,0.0
0.534704,1.0
0.519787,0.0
0.534002,1.0
0.51559,0.0
0.533229,0.0
0.538492,1.0
0.513109,0.0
0.516677,1.0
0.515274,0.0
0.516636,0.0
0.52196,0.0
0.533227,0.0
0.513458,0.0
0.515876,0.0
0.514972,0.0
0.511248,0.0
0.513728,1.0
0.512701,1.0
0.513255,1.0
0.51622,0.0
0.516928,1.0
0.533089,0.0
0.517787,0.0
0.534704,1.0
0.535454,0.0
0.544485,0.0
0.513395,0.0
0.515897,1.0
0.511022,1.0
0.509941,0.0
0.533226,1.0
0.512292,0.0
0.535508,0.0
0.518752,1.0
0.518949,0.0
0.545518,1.0
0.517621,1.0
0.510853,1.0
0.516488,0.0
0.512812,0.0
0.518133,1.0
0.514792,1.0
0.515189,1.0
0.535808,0.0
0.517061,0.0
0.51445,0.0
0.516047,1.0
0.513774,1.0
0.53966,0.0
0.513581,0.0
0.532828,1.0
0.534167,0.0
0.516624,1.0
0.537291,1.0
0.513262,1.0
0.515875,0.0
0.535526,0.0
0.535189,0.0
0.732357,1.0
0.35167,0.0
0.730931,0.0
0.579914,0.0
0.582677,0.0
0.73,0.0
0.733378,1.0
0.582002,1.0
0.733252,1.0
0.730552,1.0
0.578914,1.0
0.352418,1.0
0.735629,1.0
0.355376,0.0
0.735424,1.0
0.733788,1.0
0.357675,1.0
0.578938,1.0
0.353226,0.0
0.733109,1.0
0.345787,1.0
0.601019,1.0
0.73477,1.0
0.7333,1.0
0.578819,1.0
0.354956,0.0
0.581274,0.0
0.57959,1.0
0.581274,1.0
0.730366,1.0
0.579858,0.0
0.353837,0.0
0.354984,1.0
0.353981,0.0
0.731331,1.0
0.73099,1.0
0.580125,1.0
0.543701,1.0
0.344576,1.0
0.582075,1.0
0.582234,1.0
0.731632,1.0
0.582234,1.0
0.734106,0.0
0.582035,1.0
0.73254,1.0
0.578905,0.0
0.580349,0.0
0.731778,1.0
0.346102,1.0
0.356652,1.0
0.73382,1.0
0.711468,0.0
0.578904,1.0
0.736067,1.0
0.355867,1.0
0.667697,0.0
0.403166,1.0
0.350014,1.0
0.731859,1.0
0.730462,1.0
0.356311,1.0
0.730445,1.0
0.57888,0.0
0.352933,0.0
0.582234,1.0
0.579884,1.0
0.576706,0.0
0.734526,1.0
0.731094,1.0
0.37426,0.0
0.480064,0.0
0.581274,0.0
0.735807,1.0
0.577522,0.0
0.729183,1.0
0.351858,0.0
0.673969,1.0
0.346174,0.0
0.731467,1.0
0.359539,1.0
0.733639,1.0
0.343341,1.0
0.348132,0.0
0.348619,1.0
0.58043,0.0
0.355108,0.0
0.356472,0.0
0.348429,0.0
0.729724,1.0
0.579359,1.0
0.735333,1.0
0.581306,0.0
0.579591,1.0
0.352168,1.0
0.580194,1.0
0.731548,1.0
0.355846,0.0
0.580017,0.0
0.579976,1.0
0.597118,1.0
0.658929,1.0
0.592941,0.0
0.620572,0.0
0.615072,1.0
0.594623,1.0
0.600805,1.0
0.61063,1.0
0.599692,1.0
0.593718,1.0
0.614592,1.0
0.660508,1.0
0.597218,0.0
0.66136,0.0
0.594291,0.0
0.599852,1.0
0.662881,0.0
0.615597,1.0
0.663109,0.0
0.59942,0.0
0.665824,1.0
0.6126,1.0
0.596746,0.0
0.600445,1.0
0.578458,1.0
0.661021,1.0
0.624542,1.0
0.606911,0.0
0.61146,1.0
0.594352,0.0
0.619264,0.0
0.662295,1.0
0.664583,1.0
0.662214,1.0
0.597614,1.0
0.598572,1.0
0.58487,1.0
0.555956,1.0
0.666127,1.0
0.613517,0.0
0.603754,0.0
0.597192,1.0
0.603754,1.0
0.595653,1.0
0.604571,0.0
0.598443,0.0
0.626485,1.0
0.583347,1.0
0.597614,0.0
0.665686,1.0
0.663301,1.0
0.598043,1.0
0.602555,1.0
0.614453,1.0
0.59679,1.0
0.663399,1.0
0.609952,1.0
0.655442,0.0
0.664025,1.0
0.596103,1.0
0.596887,1.0
0.663957,1.0
0.59919,0.0
0.626667,1.0
0.663066,1.0
0.603754,0.0
0.614617,1.0
0.53121,1.0
0.596846,1.0
0.598443,1.0
0.657903,0.0
0.640535,0.0
0.623566,1.0
0.595751,0.0
0.598537,1.0
0.600577,0.0
0.662942,1.0
0.561285,1.0
0.662126,1.0
0.595344,0.0
0.663875,1.0
0.59681,1.0
0.666318,1.0
0.661466,1.0
0.664886,0.0
0.620159,1.0
0.661655,1.0
0.661446,1.0
0.660663,1.0
0.598213,1.0
0.570139,0.0
0.597351,1.0
0.624795,1.0
0.606905,1.0
0.664116,1.0
0.57505,1.0
0.596341,0.0
0.660249,1.0
0.61816,0.0
0.606515,0.0
0.611895,0.0
0.687813,1.0
0.596558,0.0
0.59591,0.0
0.61351,0.0
0.619956,0.0
0.613243,0.0
0.60441,1.0
0.612508,1.0
0.607699,0.0
0.606697,1.0
0.677721,1.0
0.590679,0.0
0.666986,0.0
0.589402,0.0
0.614276,0.0
0.658842,0.0
0.607284,1.0
0.666734,0.0
0.591417,0.0
0.682976,0.0
0.631167,0.0
0.590245,1.0
0.613254,1.0
0.583556,1.0
0.688455,1.0
0.617818,0.0
0.58014,0.0
0.604257,1.0
0.589132,0.0
0.595126,0.0
0.68917,1.0
0.681146,1.0
0.689515,0.0
0.612583,0.0
0.613109,1.0
0.585357,1.0
0.604119,1.0
0.683831,0.0
0.583497,0.0
0.577346,0.0
0.6112,1.0
0.599917,1.0
0.620731,0.0
0.577675,0.0
0.590636,0.0
0.619384,1.0
0.591922,1.0
0.591624,0.0
0.683416,1.0
0.679918,1.0
0.612913,1.0
0.626879,1.0
0.606619,1.0
0.611522,0.0
0.680059,1.0
0.636289,0.0
0.653046,0.0
0.681463,0.0
0.610649,0.0
0.610754,1.0
0.680577,0.0
0.592104,0.0
0.619451,1.0
0.689755,0.0
0.577346,0.0
0.607631,1.0
0.554108,0.0
0.610556,1.0
0.613352,1.0
0.663448,0.0
0.649475,0.0
0.617296,0.0
0.589493,0.0
0.602506,1.0
0.593107,1.0
0.689641,1.0
0.587127,0.0
0.689402,1.0
0.589836,1.0
0.680928,1.0
0.610678,1.0
0.684038,1.0
0.689336,0.0
0.6607,0.0
0.616997,0.0
0.68875,1.0
0.688985,1.0
0.688468,1.0
0.61167,1.0
0.554136,0.0
0.611165,1.0
0.617966,1.0
0.602373,1.0
0.681447,1.0
0.578074,1.0
0.59004,0.0
0.687984,1.0
0.594749,0.0
0.580361,1.0
0.742545,1.0
0.338541,0.0
0.743933,0.0
0.578311,1.0
0.577077,0.0
0.741887,0.0
0.741978,1.0
0.580297,1.0
0.735898,1.0
0.743305,1.0
0.580098,1.0
0.333036,1.0
0.74517,1.0
0.35442,0.0
0.744677,1.0
0.74247,1.0
0.36085,0.0
0.580061,0.0
0.358048,0.0
0.741902,1.0
0.356597,1.0
0.644804,1.0
0.737566,1.0
0.735768,1.0
0.581317,0.0
0.340052,0.0
0.576769,1.0
0.581643,1.0
0.580213,1.0
0.743916,1.0
0.578332,0.0
0.342559,0.0
0.338221,0.0
0.356438,0.0
0.743992,1.0
0.737001,1.0
0.581138,1.0
0.550165,0.0
0.357353,0.0
0.581384,1.0
0.581844,0.0
0.735442,1.0
0.580547,1.0
0.740736,1.0
0.581799,1.0
0.741775,1.0
0.577402,0.0
0.576815,0.0
0.744106,1.0
0.343408,0.0
0.336274,1.0
0.737353,1.0
0.721677,0.0
0.580103,1.0
0.744501,1.0
0.335988,0.0
0.658549,0.0
0.372343,0.0
0.353564,0.0
0.744275,1.0
0.736502,1.0
0.352705,1.0
0.744193,1.0
0.577395,0.0
0.360177,1.0
0.581844,1.0
0.580171,1.0
0.574372,0.0
0.736754,1.0
0.737478,1.0
0.364171,0.0
0.406449,0.0
0.576788,0.0
0.745108,1.0
0.577151,0.0
0.736792,1.0
0.343485,1.0
0.714203,1.0
0.342221,0.0
0.737685,1.0
0.341233,1.0
0.736147,1.0
0.344218,0.0
0.355775,0.0
0.354614,0.0
0.577059,0.0
0.341714,0.0
0.342533,0.0
0.339726,0.0
0.736012,1.0
0.583103,0.0
0.737028,1.0
0.577363,0.0
0.580407,1.0
0.342119,0.0
0.581526,1.0
0.74491,1.0
0.338966,0.0
0.578379,0.0
0.581873,1.0
0.59566,1.0
0.659255,1.0
0.592341,0.0
0.587079,0.0
0.606425,1.0
0.593689,0.0
0.597792,1.0
0.61013,1.0
0.594909,1.0
0.593585,0.0
0.610551,1.0
0.657659,1.0
0.594752,0.0
0.661393,0.0
0.592776,0.0
0.597575,1.0
0.660434,0.0
0.622779,1.0
0.661927,1.0
0.594502,0.0
0.664815,1.0
0.612509,1.0
0.591325,0.0
0.59551,1.0
0.616949,0.0
0.659941,1.0
0.595269,1.0
0.585436,0.0
0.609634,1.0
0.592219,0.0
0.598902,1.0
0.660552,1.0
0.658479,1.0
0.662306,1.0
0.596201,0.0
0.595227,1.0
0.603302,1.0
0.622835,1.0
0.662237,1.0
0.585661,0.0
0.596633,0.0
0.593597,1.0
0.608894,0.0
0.596576,1.0
0.584287,1.0
0.593889,1.0
0.622878,1.0
0.610705,0.0
0.595262,1.0
0.660286,1.0
0.659814,1.0
0.59482,1.0
0.597763,1.0
0.610535,1.0
0.595785,1.0
0.657432,1.0
0.612345,0.0
0.657346,0.0
0.661564,0.0
0.595267,0.0
0.593338,1.0
0.663708,0.0
0.596336,1.0
0.622878,1.0
0.66427,1.0
0.584354,0.0
0.611396,1.0
0.573062,1.0
0.593197,1.0
0.595278,1.0
0.660677,0.0
0.652951,0.0
0.607099,1.0
0.593404,1.0
0.615923,1.0
0.595352,1.0
0.663583,0.0
0.58699,0.0
0.660544,1.0
0.590763,0.0
0.661227,0.0
0.59327,1.0
0.660602,1.0
0.662334,0.0
0.660639,0.0
0.608197,1.0
0.660276,1.0
0.66042,1.0
0.659841,1.0
0.594094,1.0
0.59048,0.0
0.59376,0.0
0.622112,1.0
0.609782,0.0
0.659046,1.0
0.600757,1.0
0.593965,0.0
0.659546,1.0
0.598972,1.0
0.601973,1.0
0.738896,1.0
0.329521,1.0
0.742433,0.0
0.585483,1.0
0.574247,1.0
0.742363,0.0
0.736884,1.0
0.583937,1.0
0.736304,1.0
0.744438,1.0
0.583884,1.0
0.330069,0.0
0.745922,1.0
0.348445,1.0
0.744717,1.0
0.738293,1.0
0.351512,0.0
0.574999,1.0
0.336962,0.0
0.742641,1.0
0.342914,0.0
0.673466,1.0
0.743678,1.0
0.736078,1.0
0.574879,0.0
0.330847,0.0
0.585139,1.0
0.585836,1.0
0.583967,0.0
0.744008,1.0
0.574357,1.0
0.33314,1.0
0.328811,1.0
0.33753,0.0
0.745856,1.0
0.737342,1.0
0.584508,1.0
0.451427,1.0
0.337868,0.0
0.585818,0.0
0.575157,1.0
0.735296,1.0
0.58358,1.0
0.737856,1.0
0.586288,1.0
0.735462,1.0
0.574317,0.0
0.573653,0.0
0.73781,1.0
0.333358,0.0
0.332813,0.0
0.738665,1.0
0.723477,0.0
0.583885,0.0
0.739308,1.0
0.327012,1.0
0.626691,1.0
0.355607,0.0
0.348621,0.0
0.745895,1.0
0.73603,1.0
0.353261,0.0
0.73847,0.0
0.574314,1.0
0.348793,0.0
0.585928,0.0
0.583826,1.0
0.571685,0.0
0.736411,1.0
0.738273,1.0
0.354048,0.0
0.372139,0.0
0.57417,0.0
0.738355,1.0
0.574079,0.0
0.736639,1.0
0.355067,1.0
0.7275,1.0
0.332863,0.0
0.743605,1.0
0.352696,1.0
0.73567,1.0
0.334348,0.0
0.351307,0.0
0.347969,0.0
0.574309,0.0
0.332301,0.0
0.333044,1.0
0.330559,0.0
0.735731,1.0
0.575453,0.0
0.744356,1.0
0.574281,0.0
0.583491,1.0
0.331326,0.0
0.584708,1.0
0.745606,1.0
0.329886,0.0
0.57438,1.0
0.584674,0.0
0.669389,0.0
0.678481,0.0
0.616983,1.0
0.405814,0.0
0.388646,0.0
0.66554,1.0
0.631021,0.0
0.382764,0.0
0.618623,0.0
0.615361,1.0
0.382884,0.0
0.655012,0.0
0.64118,1.0
0.711726,1.0
0.61088,1.0
0.666203,1.0
0.710366,1.0
0.38161,1.0
0.705594,1.0
0.61768,0.0
0.719436,1.0
0.678119,1.0
0.606344,1.0
0.617176,0.0
0.380684,0.0
0.677977,0.0
0.389162,0.0
0.402729,0.0
0.366718,0.0
0.605451,1.0
0.389075,0.0
0.696691,0.0
0.672102,1.0
0.711923,1.0
0.676853,1.0
0.622385,0.0
0.383743,0.0
0.693362,1.0
0.711175,1.0
0.386627,0.0
0.401651,0.0
0.594075,0.0
0.39915,0.0
0.723509,1.0
0.386049,0.0
0.602837,0.0
0.368279,0.0
0.388927,0.0
0.615255,1.0
0.688139,0.0
0.667668,1.0
0.643686,1.0
0.642101,0.0
0.366547,1.0
0.640378,1.0
0.664215,1.0
0.692472,0.0
0.693961,1.0
0.699846,1.0
0.652586,0.0
0.59884,1.0
0.708673,0.0
0.623557,0.0
0.384318,0.0
0.753004,0.0
0.386173,0.0
0.382493,0.0
0.387953,0.0
0.600243,1.0
0.637285,1.0
0.71485,1.0
0.716328,0.0
0.372719,0.0
0.611864,1.0
0.37111,0.0
0.62427,0.0
0.739276,1.0
0.684993,0.0
0.688574,0.0
0.602778,1.0
0.709621,0.0
0.594618,1.0
0.695237,0.0
0.724654,1.0
0.693949,1.0
0.371925,0.0
0.683248,1.0
0.695257,1.0
0.676754,1.0
0.601121,0.0
0.384283,0.0
0.632356,0.0
0.368645,0.0
0.399001,0.0
0.674332,1.0
0.38395,0.0
0.635797,0.0
0.67309,1.0
0.388965,0.0
0.366529,0.0
0.727213,1.0
0.857555,1.0
0.796948,1.0
0.342052,0.0
0.339625,1.0
0.744489,1.0
0.767346,0.0
0.333601,0.0
0.78086,1.0
0.797872,1.0
0.333707,0.0
0.881701,0.0
0.770528,1.0
0.828754,1.0
0.804198,1.0
0.738875,0.0
0.832216,1.0
0.413697,0.0
0.83802,1.0
0.781018,0.0
0.824006,1.0
0.743749,1.0
0.807752,1.0
0.7829,0.0
0.33319,0.0
0.859702,1.0
0.336131,0.0
0.34004,0.0
0.325127,0.0
0.809257,1.0
0.339428,0.0
0.839094,1.0
0.869433,1.0
0.831864,1.0
0.73073,1.0
0.780427,1.0
0.333644,1.0
0.823437,1.0
0.832486,1.0
0.331475,1.0
0.343438,1.0
0.814316,0.0
0.340254,0.0
0.682586,1.0
0.333261,0.0
0.798227,1.0
0.329175,0.0
0.338026,1.0
0.801625,1.0
0.849656,0.0
0.875069,1.0
0.767631,1.0
0.762601,1.0
0.401408,0.0
0.772304,1.0
0.877148,1.0
0.745012,1.0
0.846841,1.0
0.842746,1.0
0.748072,1.0
0.815777,1.0
0.827995,1.0
0.781125,1.0
0.337851,0.0
0.784523,1.0
0.331091,0.0
0.33354,1.0
0.339126,1.0
0.814712,1.0
0.773151,1.0
0.826251,1.0
0.818709,0.0
0.331039,0.0
0.802609,1.0
0.330604,0.0
0.77506,0.0
0.800042,0.0
0.685529,0.0
0.849297,1.0
0.811955,1.0
0.824704,0.0
0.82138,1.0
0.84273,1.0
0.81796,1.0
0.848639,1.0
0.330587,0.0
0.860102,1.0
0.846354,1.0
0.866533,1.0
0.80371,0.0
0.333493,1.0
0.767637,1.0
0.329367,1.0
0.340245,0.0
0.868741,1.0
0.333564,0.0
0.766266,1.0
0.870053,1.0
0.339359,0.0
0.324408,0.0
0.666593,1.0
0.677808,1.0
0.615049,1.0
0.285368,0.0
0.357517,0.0
0.661883,1.0
0.622369,0.0
0.285494,1.0
0.616649,1.0
0.618242,1.0
0.28555,0.0
0.652298,0.0
0.643316,1.0
0.713543,1.0
0.613806,1.0
0.660923,1.0
0.707348,1.0
0.364227,0.0
0.701502,0.0
0.61135,0.0
0.71473,1.0
0.67755,1.0
0.609691,1.0
0.609538,0.0
0.289033,0.0
0.673734,1.0
0.285703,0.0
0.284643,0.0
0.285793,0.0
0.608832,1.0
0.288733,0.0
0.694282,0.0
0.675205,1.0
0.70735,1.0
0.679849,1.0
0.619649,1.0
0.352549,0.0
0.704107,1.0
0.706681,1.0
0.353171,1.0
0.356904,0.0
0.588534,1.0
0.286029,0.0
0.727085,0.0
0.284179,0.0
0.60219,0.0
0.288985,0.0
0.359886,0.0
0.616442,1.0
0.678865,0.0
0.66823,1.0
0.644605,1.0
0.63191,0.0
0.360236,0.0
0.64113,1.0
0.668362,1.0
0.688495,1.0
0.692437,1.0
0.697586,1.0
0.650423,0.0
0.601576,1.0
0.702379,0.0
0.615883,0.0
0.288826,0.0
0.743223,0.0
0.285541,0.0
0.35287,0.0
0.361625,1.0
0.602796,0.0
0.638385,1.0
0.711706,1.0
0.705527,0.0
0.289432,0.0
0.613613,1.0
0.289485,0.0
0.61605,0.0
0.736524,1.0
0.679394,0.0
0.682804,0.0
0.606343,0.0
0.703896,0.0
0.59759,1.0
0.688643,0.0
0.720823,1.0
0.692223,1.0
0.289247,0.0
0.681373,1.0
0.696328,0.0
0.675743,1.0
0.594809,0.0
0.35628,0.0
0.63073,1.0
0.356578,0.0
0.286071,1.0
0.673699,1.0
0.285095,0.0
0.633863,1.0
0.672619,1.0
0.288706,0.0
0.28522,0.0
0.591395,1.0
0.507107,1.0
0.579776,1.0
0.621792,0.0
0.607917,0.0
0.593588,0.0
0.590674,1.0
0.608859,1.0
0.579525,1.0
0.579694,1.0
0.621335,0.0
0.50383,0.0
0.587347,1.0
0.522072,1.0
0.578373,1.0
0.59462,1.0
0.519567,0.0
0.611175,0.0
0.522897,1.0
0.586279,1.0
0.522466,0.0
0.592511,0.0
0.576893,1.0
0.58641,0.0
0.620501,0.0
0.505263,1.0
0.62143,1.0
0.62182,1.0
0.620715,1.0
0.576338,0.0
0.621039,0.0
0.519646,0.0
0.50655,1.0
0.51966,1.0
0.596269,0.0
0.581375,0.0
0.608587,0.0
0.517923,0.0
0.519475,0.0
0.593271,1.0
0.608235,0.0
0.573517,0.0
0.621585,1.0
0.611122,1.0
0.621558,1.0
0.579727,0.0
0.620315,0.0
0.60709,1.0
0.580405,0.0
0.51578,0.0
0.503386,0.0
0.587546,0.0
0.592603,1.0
0.611095,1.0
0.586872,1.0
0.503444,1.0
0.574601,1.0
0.513631,0.0
0.515938,1.0
0.593603,1.0
0.575189,1.0
0.522756,1.0
0.585608,0.0
0.62094,1.0
0.536931,0.0
0.621041,1.0
0.608521,1.0
0.591703,0.0
0.581047,1.0
0.586465,1.0
0.52131,0.0
0.526107,1.0
0.620324,1.0
0.577387,0.0
0.620293,1.0
0.588378,1.0
0.53237,0.0
0.601929,0.0
0.514895,1.0
0.581363,1.0
0.525671,1.0
0.574118,0.0
0.51733,1.0
0.524688,1.0
0.513722,1.0
0.620336,0.0
0.509178,0.0
0.52092,1.0
0.50668,0.0
0.581659,0.0
0.607579,1.0
0.583223,1.0
0.607328,0.0
0.609125,1.0
0.505772,1.0
0.621409,0.0
0.583502,0.0
0.505314,1.0
0.62104,1.0
0.620785,1.0
0.618471,0.0
0.680395,1.0
0.615365,0.0
0.667152,1.0
0.637317,1.0
0.621999,1.0
0.616493,1.0
0.633439,1.0
0.614892,1.0
0.614766,1.0
0.666058,1.0
0.675007,1.0
0.617649,1.0
0.686825,1.0
0.614372,1.0
0.621362,1.0
0.687021,1.0
0.647665,1.0
0.682175,0.0
0.613801,1.0
0.688245,1.0
0.627798,1.0
0.613744,1.0
0.615411,1.0
0.664544,1.0
0.679541,1.0
0.666266,1.0
0.667096,1.0
0.664741,1.0
0.614424,0.0
0.665671,0.0
0.681938,1.0
0.680187,1.0
0.685943,1.0
0.621482,0.0
0.617336,1.0
0.638685,1.0
0.681733,1.0
0.687102,1.0
0.594179,0.0
0.63818,1.0
0.615363,1.0
0.666664,1.0
0.621501,1.0
0.666429,1.0
0.610633,1.0
0.66411,1.0
0.635844,1.0
0.617099,1.0
0.680884,1.0
0.679955,1.0
0.618972,1.0
0.618817,1.0
0.647299,1.0
0.617687,1.0
0.678768,1.0
0.63705,1.0
0.684263,0.0
0.684311,1.0
0.615776,1.0
0.613612,1.0
0.681979,1.0
0.614275,1.0
0.665418,1.0
0.688776,1.0
0.66547,0.0
0.638833,1.0
0.589006,1.0
0.611209,1.0
0.617751,1.0
0.687729,0.0
0.683636,0.0
0.66416,1.0
0.61455,1.0
0.664095,1.0
0.615243,0.0
0.692177,1.0
0.620358,1.0
0.678473,1.0
0.610868,0.0
0.684052,1.0
0.614549,1.0
0.679587,1.0
0.68782,0.0
0.683354,0.0
0.664177,1.0
0.682678,1.0
0.681329,1.0
0.68157,1.0
0.613561,1.0
0.636869,0.0
0.616138,1.0
0.635862,1.0
0.634164,1.0
0.679795,1.0
0.666194,1.0
0.616968,1.0
0.679656,1.0
0.665643,1.0
0.664854,1.0
0.744551,1.0
0.32909,0.0
0.74269,0.0
0.579232,1.0
0.579349,0.0
0.736822,1.0
0.733932,1.0
0.578488,1.0
0.734435,1.0
0.736307,1.0
0.579164,1.0
0.325536,1.0
0.737849,0.0
0.335154,0.0
0.736167,1.0
0.737319,0.0
0.333806,0.0
0.579896,1.0
0.348818,0.0
0.733653,1.0
0.334914,1.0
0.722871,1.0
0.735685,1.0
0.732746,0.0
0.579096,0.0
0.328457,1.0
0.579188,0.0
0.579223,0.0
0.579045,0.0
0.743211,1.0
0.57792,0.0
0.330181,0.0
0.329271,0.0
0.333913,0.0
0.744808,1.0
0.734609,1.0
0.579318,1.0
0.347043,0.0
0.333523,0.0
0.579156,0.0
0.579407,0.0
0.732631,1.0
0.579223,1.0
0.737363,0.0
0.579168,1.0
0.731904,1.0
0.579059,1.0
0.579249,0.0
0.735537,1.0
0.32918,0.0
0.327832,0.0
0.737309,1.0
0.730885,1.0
0.579669,0.0
0.737557,0.0
0.328208,0.0
0.657623,0.0
0.349363,1.0
0.332673,0.0
0.736991,0.0
0.734171,1.0
0.332047,1.0
0.733131,1.0
0.579188,1.0
0.338473,0.0
0.577895,1.0
0.579339,0.0
0.5781,0.0
0.733428,1.0
0.736901,1.0
0.351063,1.0
0.351688,1.0
0.579076,0.0
0.735927,1.0
0.579071,1.0
0.740927,0.0
0.340537,0.0
0.733295,1.0
0.328784,0.0
0.742239,1.0
0.333969,1.0
0.733517,1.0
0.329704,0.0
0.351658,0.0
0.348617,1.0
0.579072,0.0
0.329552,0.0
0.331422,0.0
0.328571,0.0
0.731745,1.0
0.578383,0.0
0.736248,1.0
0.579126,0.0
0.578542,1.0
0.329085,0.0
0.579164,0.0
0.736771,0.0
0.328655,0.0
0.579203,0.0
0.579042,0.0
0.521148,0.0
0.536288,1.0
0.533896,1.0
0.530641,0.0
0.532904,1.0
0.525875,0.0
0.529847,0.0
0.533048,1.0
0.530471,0.0
0.530633,0.0
0.530707,1.0
0.533897,0.0
0.532707,1.0
0.532951,0.0
0.531388,0.0
0.528894,1.0
0.533533,1.0
0.531137,0.0
0.532648,0.0
0.53049,0.0
0.527597,1.0
0.524876,0.0
0.531616,0.0
0.535439,0.0
0.531758,0.0
0.532179,1.0
0.531884,0.0
0.531829,1.0
0.532008,1.0
0.52951,1.0
0.533157,0.0
0.535358,1.0
0.53636,0.0
0.533553,0.0
0.52012,1.0
0.531108,1.0
0.531752,0.0
0.531446,0.0
0.533632,1.0
0.539359,1.0
0.532842,1.0
0.533926,1.0
0.530857,1.0
0.523647,0.0
0.530886,0.0
0.532079,0.0
0.530805,0.0
0.533353,1.0
0.531901,1.0
0.53591,1.0
0.536943,1.0
0.527478,0.0
0.531647,0.0
0.532526,0.0
0.532994,0.0
0.536918,0.0
0.526107,0.0
0.527565,0.0
0.534449,1.0
0.532116,1.0
0.532858,1.0
0.529784,1.0
0.531909,1.0
0.530918,0.0
0.530688,1.0
0.532245,1.0
0.53319,0.0
0.537227,0.0
0.533124,0.0
0.528324,0.0
0.525295,0.0
0.52568,0.0
0.532018,0.0
0.530795,0.0
0.531003,1.0
0.532764,1.0
0.529473,1.0
0.521231,1.0
0.536308,0.0
0.530315,1.0
0.528457,0.0
0.533701,1.0
0.535837,1.0
0.530158,1.0
0.527871,1.0
0.531783,0.0
0.535879,0.0
0.53501,1.0
0.53636,1.0
0.533235,0.0
0.534968,0.0
0.528907,1.0
0.533043,1.0
0.532989,0.0
0.536462,1.0
0.53167,0.0
0.53325,1.0
0.536591,1.0
0.531903,1.0
0.532004,0.0
0.737834,1.0
0.321606,0.0
0.724514,1.0
0.580975,0.0
0.576946,1.0
0.735864,0.0
0.731818,1.0
0.585143,1.0
0.731961,1.0
0.733757,1.0
0.583512,1.0
0.333025,0.0
0.726044,1.0
0.333853,0.0
0.733481,1.0
0.727501,0.0
0.324655,0.0
0.581337,1.0
0.334345,0.0
0.731217,1.0
0.330712,1.0
0.730859,1.0
0.732919,1.0
0.726139,1.0
0.574528,0.0
0.325635,0.0
0.574478,0.0
0.576804,0.0
0.576753,0.0
0.729039,1.0
0.574524,0.0
0.322379,0.0
0.330545,0.0
0.333019,0.0
0.733203,1.0
0.726238,0.0
0.5817,1.0
0.339169,1.0
0.324488,0.0
0.5747,1.0
0.576963,0.0
0.723413,0.0
0.583622,0.0
0.734819,0.0
0.581132,0.0
0.729246,0.0
0.581064,0.0
0.576785,0.0
0.72673,0.0
0.321851,0.0
0.321335,0.0
0.735768,1.0
0.729859,0.0
0.574656,0.0
0.731983,0.0
0.330038,0.0
0.618021,0.0
0.340047,0.0
0.32367,0.0
0.725337,1.0
0.724813,1.0
0.328058,0.0
0.72458,0.0
0.581153,0.0
0.328136,0.0
0.584868,0.0
0.574509,0.0
0.572773,0.0
0.73053,1.0
0.734999,1.0
0.342483,0.0
0.341971,0.0
0.574449,0.0
0.733424,1.0
0.583707,0.0
0.723764,1.0
0.329935,0.0
0.730322,1.0
0.330138,0.0
0.727852,0.0
0.338077,0.0
0.724133,1.0
0.32186,1.0
0.329094,0.0
0.330665,1.0
0.574522,0.0
0.330857,0.0
0.322859,1.0
0.321577,0.0
0.72925,0.0
0.574474,1.0
0.728213,0.0
0.576881,0.0
0.582562,1.0
0.321711,1.0
0.574541,0.0
0.724575,1.0
0.321425,0.0
0.5768,0.0
0.574436,0.0
0.751672,1.0
0.358099,1.0
0.74543,1.0
0.560153,1.0
0.593447,0.0
0.727905,1.0
0.746463,1.0
0.597626,1.0
0.746539,1.0
0.746864,1.0
0.595908,1.0
0.360027,1.0
0.746224,1.0
0.352143,0.0
0.746423,1.0
0.727201,1.0
0.353098,1.0
0.595262,1.0
0.351844,0.0
0.746292,1.0
0.376817,0.0
0.746388,1.0
0.746217,1.0
0.744035,1.0
0.558177,0.0
0.356848,0.0
0.558078,1.0
0.557603,1.0
0.557516,1.0
0.747318,1.0
0.557722,0.0
0.356426,0.0
0.358632,1.0
0.353277,0.0
0.751589,1.0
0.726814,1.0
0.595664,1.0
0.38245,0.0
0.353176,0.0
0.595471,1.0
0.55758,0.0
0.725907,1.0
0.559739,0.0
0.727206,1.0
0.560073,1.0
0.727854,1.0
0.560123,1.0
0.557277,0.0
0.726625,1.0
0.357486,1.0
0.359388,0.0
0.74866,1.0
0.72531,0.0
0.558133,0.0
0.727615,1.0
0.359605,1.0
0.576285,1.0
0.350649,1.0
0.354739,1.0
0.746196,1.0
0.744686,1.0
0.352945,1.0
0.726653,1.0
0.56008,0.0
0.347616,0.0
0.559683,1.0
0.557856,1.0
0.555357,0.0
0.744898,1.0
0.748084,1.0
0.34673,0.0
0.34723,0.0
0.558025,0.0
0.746785,1.0
0.559712,0.0
0.74547,1.0
0.345136,0.0
0.749152,1.0
0.358485,0.0
0.727664,1.0
0.35117,1.0
0.744112,1.0
0.381363,1.0
0.346602,0.0
0.377137,1.0
0.558166,1.0
0.357737,0.0
0.380502,0.0
0.358222,0.0
0.726695,1.0
0.593572,1.0
0.727789,1.0
0.557462,0.0
0.596684,1.0
0.382193,0.0
0.558205,1.0
0.74567,1.0
0.35867,0.0
0.557584,0.0
0.558015,1.0
0.753628,1.0
0.359869,0.0
0.751065,0.0
0.590079,0.0
0.562894,0.0
0.750336,0.0
0.750253,1.0
0.604733,1.0
0.750759,1.0
0.752197,1.0
0.603212,1.0
0.359855,0.0
0.752139,1.0
0.319253,1.0
0.752072,1.0
0.74907,1.0
0.360455,0.0
0.602245,0.0
0.319585,0.0
0.750124,1.0
0.32643,0.0
0.75134,1.0
0.751724,1.0
0.747729,1.0
0.552065,0.0
0.316384,0.0
0.589072,0.0
0.589137,1.0
0.589146,0.0
0.753017,1.0
0.551571,0.0
0.316398,0.0
0.360112,0.0
0.318467,0.0
0.753509,1.0
0.747669,1.0
0.602592,1.0
0.326913,1.0
0.318232,0.0
0.605873,0.0
0.550954,0.0
0.746024,1.0
0.552118,1.0
0.750304,0.0
0.590127,1.0
0.745372,1.0
0.590106,1.0
0.550615,0.0
0.748546,1.0
0.359818,1.0
0.315427,1.0
0.753246,1.0
0.715926,0.0
0.551995,1.0
0.748748,1.0
0.360041,1.0
0.598149,0.0
0.362123,0.0
0.36027,1.0
0.751376,1.0
0.750497,1.0
0.36043,0.0
0.746367,0.0
0.553008,1.0
0.321607,0.0
0.59053,1.0
0.589198,0.0
0.549117,1.0
0.750144,1.0
0.752702,1.0
0.324494,0.0
0.323643,0.0
0.551911,0.0
0.752087,1.0
0.552066,0.0
0.749794,0.0
0.323341,0.0
0.751245,1.0
0.315743,0.0
0.749068,1.0
0.361009,1.0
0.750194,1.0
0.363635,1.0
0.322403,0.0
0.365885,0.0
0.589063,0.0
0.316358,0.0
0.321497,0.0
0.315686,0.0
0.745374,1.0
0.602396,0.0
0.748933,0.0
0.550829,1.0
0.603572,1.0
0.320133,0.0
0.589054,0.0
0.751151,1.0
0.315541,0.0
0.550997,1.0
0.589079,0.0
0.592814,1.0
0.648917,1.0
0.587177,0.0
0.584029,0.0
0.587752,1.0
0.589576,1.0
0.593116,1.0
0.557927,1.0
0.590852,1.0
0.590713,1.0
0.561717,1.0
0.648291,1.0
0.591306,0.0
0.663822,0.0
0.590556,0.0
0.592787,1.0
0.65226,0.0
0.577252,1.0
0.661475,0.0
0.591212,0.0
0.663891,1.0
0.595366,1.0
0.590138,1.0
0.590286,1.0
0.597186,1.0
0.658417,1.0
0.583438,1.0
0.569032,1.0
0.580434,1.0
0.590973,1.0
0.595549,0.0
0.658486,1.0
0.649088,1.0
0.660685,1.0
0.593639,0.0
0.590134,0.0
0.564019,1.0
0.664369,1.0
0.660343,0.0
0.560566,1.0
0.593861,1.0
0.588936,1.0
0.584519,1.0
0.591792,1.0
0.571726,0.0
0.586896,0.0
0.571962,1.0
0.592912,1.0
0.589985,1.0
0.651749,1.0
0.659145,1.0
0.592378,1.0
0.596488,1.0
0.586755,1.0
0.589818,1.0
0.650791,1.0
0.616613,0.0
0.65475,0.0
0.653599,1.0
0.591109,0.0
0.590231,1.0
0.652581,1.0
0.58483,1.0
0.587009,1.0
0.662977,0.0
0.56732,0.0
0.582453,1.0
0.579095,1.0
0.589826,1.0
0.592528,0.0
0.663986,0.0
0.663649,0.0
0.596752,1.0
0.589744,1.0
0.594384,1.0
0.587756,0.0
0.663821,1.0
0.593666,0.0
0.657676,1.0
0.589153,1.0
0.6566,0.0
0.590213,1.0
0.653871,1.0
0.663308,1.0
0.656347,0.0
0.583702,1.0
0.658163,1.0
0.66065,1.0
0.657384,1.0
0.588874,1.0
0.573457,0.0
0.585642,1.0
0.583611,1.0
0.561397,1.0
0.659016,1.0
0.583823,1.0
0.589925,0.0
0.657108,1.0
0.584297,1.0
0.58326,1.0
0.740004,1.0
0.32188,0.0
0.738282,1.0
0.573421,1.0
0.568675,0.0
0.731886,0.0
0.734404,1.0
0.594061,1.0
0.734551,0.0
0.735651,1.0
0.593408,1.0
0.321606,1.0
0.743608,1.0
0.348165,0.0
0.74338,1.0
0.734617,1.0
0.342793,0.0
0.575054,1.0
0.343473,0.0
0.741903,1.0
0.328678,1.0
0.737913,1.0
0.734946,1.0
0.731071,1.0
0.56704,0.0
0.322951,0.0
0.5723,1.0
0.59167,1.0
0.572032,0.0
0.736696,1.0
0.56773,1.0
0.322983,0.0
0.322043,0.0
0.324616,1.0
0.746571,1.0
0.740265,1.0
0.592788,1.0
0.333763,1.0
0.34287,0.0
0.574917,1.0
0.566247,0.0
0.729852,1.0
0.584414,1.0
0.734149,1.0
0.590534,1.0
0.738122,1.0
0.590927,1.0
0.566018,0.0
0.732499,1.0
0.326325,1.0
0.32679,0.0
0.737613,1.0
0.727038,0.0
0.584202,0.0
0.733006,1.0
0.325991,1.0
0.521897,1.0
0.34409,0.0
0.327501,1.0
0.743071,1.0
0.73349,1.0
0.32344,1.0
0.725679,0.0
0.584311,0.0
0.344516,0.0
0.591346,1.0
0.57227,1.0
0.584366,0.0
0.733201,1.0
0.744596,1.0
0.34621,0.0
0.345614,1.0
0.566951,0.0
0.735494,1.0
0.566899,0.0
0.73739,1.0
0.328733,0.0
0.745265,1.0
0.322406,0.0
0.733398,1.0
0.347798,0.0
0.732998,1.0
0.327373,0.0
0.327929,0.0
0.344461,0.0
0.572318,0.0
0.322881,0.0
0.324555,1.0
0.322398,0.0
0.729549,1.0
0.575502,1.0
0.728983,1.0
0.584315,0.0
0.59322,1.0
0.323425,0.0
0.572324,1.0
0.7426,1.0
0.322274,0.0
0.584284,0.0
0.572289,0.0
0.750248,1.0
0.365858,0.0
0.743852,1.0
0.596192,1.0
0.553618,0.0
0.726342,0.0
0.744683,1.0
0.599605,1.0
0.727802,1.0
0.744506,1.0
0.599382,1.0
0.386442,0.0
0.746401,1.0
0.354601,0.0
0.746071,1.0
0.744733,1.0
0.361551,0.0
0.594252,1.0
0.356638,0.0
0.746493,1.0
0.379515,1.0
0.747269,1.0
0.743937,1.0
0.742646,1.0
0.552492,0.0
0.361972,0.0
0.593726,1.0
0.599574,1.0
0.554728,1.0
0.74524,1.0
0.594295,1.0
0.361925,1.0
0.365746,1.0
0.382349,0.0
0.752313,1.0
0.744303,1.0
0.599096,1.0
0.380713,0.0
0.358198,0.0
0.594992,1.0
0.551724,1.0
0.740809,1.0
0.59763,1.0
0.74569,1.0
0.602189,0.0
0.744308,1.0
0.599007,1.0
0.551507,1.0
0.741814,1.0
0.385116,1.0
0.361838,1.0
0.746326,1.0
0.724311,0.0
0.55817,1.0
0.742631,1.0
0.385582,1.0
0.538075,1.0
0.358858,0.0
0.384154,0.0
0.746652,1.0
0.743022,1.0
0.384323,1.0
0.725663,0.0
0.558438,1.0
0.35408,0.0
0.602722,0.0
0.59377,1.0
0.557501,0.0
0.742971,1.0
0.747834,1.0
0.35211,0.0
0.379061,0.0
0.552407,1.0
0.744506,1.0
0.552327,1.0
0.744283,1.0
0.354084,0.0
0.751842,1.0
0.362703,0.0
0.743051,1.0
0.357301,1.0
0.742479,1.0
0.362115,0.0
0.355182,0.0
0.356604,1.0
0.555193,0.0
0.362247,0.0
0.382531,0.0
0.362956,0.0
0.741371,1.0
0.596877,1.0
0.741955,1.0
0.557858,0.0
0.59925,1.0
0.361538,1.0
0.59371,1.0
0.746072,1.0
0.363206,0.0
0.557893,0.0
0.555144,1.0
0.766752,1.0
0.90503,1.0
0.84008,1.0
0.438155,0.0
0.410538,0.0
0.836296,1.0
0.825035,1.0
0.415917,0.0
0.850239,1.0
0.838447,1.0
0.41633,0.0
0.901174,0.0
0.818776,1.0
0.854873,1.0
0.824473,1.0
0.825353,0.0
0.883263,1.0
0.423849,0.0
0.864709,1.0
0.815288,0.0
0.865252,0.0
0.789784,1.0
0.844413,1.0
0.849139,1.0
0.413731,0.0
0.892542,1.0
0.432104,0.0
0.424887,0.0
0.424399,1.0
0.832282,1.0
0.447442,0.0
0.901339,1.0
0.913016,1.0
0.876035,1.0
0.733493,1.0
0.835453,1.0
0.415756,0.0
0.854797,1.0
0.870918,1.0
0.429786,0.0
0.432269,1.0
0.864498,1.0
0.432202,0.0
0.805692,1.0
0.414573,0.0
0.844062,1.0
0.422217,0.0
0.43322,1.0
0.857209,1.0
0.900913,1.0
0.900049,1.0
0.817255,1.0
0.837856,1.0
0.421953,0.0
0.85255,1.0
0.903561,1.0
0.862167,0.0
0.872296,1.0
0.88542,1.0
0.816492,1.0
0.849371,0.0
0.897698,1.0
0.864386,0.0
0.42035,1.0
0.854244,1.0
0.41605,0.0
0.432489,0.0
0.412426,1.0
0.850981,1.0
0.800989,1.0
0.844554,1.0
0.836186,0.0
0.429273,0.0
0.842006,1.0
0.429925,0.0
0.831612,1.0
0.862529,1.0
0.728699,1.0
0.895085,0.0
0.852129,1.0
0.875745,1.0
0.852877,1.0
0.891847,1.0
0.866947,1.0
0.874256,1.0
0.40664,1.0
0.893415,1.0
0.877094,1.0
0.895875,1.0
0.86075,0.0
0.433869,0.0
0.859249,1.0
0.409213,1.0
0.415525,1.0
0.899956,1.0
0.431896,1.0
0.825777,1.0
0.896698,1.0
0.408825,1.0
0.422297,0.0
0.609592,1.0
0.570721,1.0
0.621474,1.0
0.599054,0.0
0.598603,0.0
0.623336,1.0
0.619212,1.0
0.602431,1.0
0.620452,1.0
0.620422,1.0
0.602345,1.0
0.57314,0.0
0.619074,1.0
0.561593,1.0
0.619412,1.0
0.622736,1.0
0.566989,0.0
0.600809,1.0
0.563542,1.0
0.620128,1.0
0.5656,0.0
0.617411,0.0
0.620949,1.0
0.620848,0.0
0.597915,1.0
0.568626,1.0
0.599593,0.0
0.601157,1.0
0.582345,1.0
0.61976,0.0
0.597493,1.0
0.568522,0.0
0.570301,1.0
0.565463,1.0
0.606566,0.0
0.621,1.0
0.60239,0.0
0.561071,0.0
0.564728,0.0
0.600058,1.0
0.580691,1.0
0.624493,1.0
0.599913,1.0
0.618768,1.0
0.600989,1.0
0.618178,0.0
0.601475,0.0
0.580507,0.0
0.624385,1.0
0.568334,1.0
0.568325,0.0
0.61845,0.0
0.625376,1.0
0.599489,1.0
0.622563,1.0
0.568761,1.0
0.569686,1.0
0.564971,1.0
0.567204,1.0
0.617584,1.0
0.625263,1.0
0.567822,1.0
0.627184,0.0
0.58336,1.0
0.561471,0.0
0.600827,1.0
0.599542,0.0
0.581969,0.0
0.621723,1.0
0.616743,1.0
0.5595,0.0
0.561118,1.0
0.597851,1.0
0.619752,0.0
0.59775,0.0
0.619651,1.0
0.563137,0.0
0.601768,0.0
0.57229,1.0
0.621564,1.0
0.564292,1.0
0.623101,0.0
0.568514,1.0
0.563992,0.0
0.564043,0.0
0.582796,1.0
0.568775,1.0
0.565662,1.0
0.569194,1.0
0.625784,0.0
0.599753,1.0
0.621635,1.0
0.582618,1.0
0.586383,1.0
0.568305,1.0
0.583195,0.0
0.618293,0.0
0.569334,0.0
0.582694,1.0
0.599159,1.0
0.776664,1.0
0.895875,1.0
0.843597,1.0
0.334197,0.0
0.345579,1.0
0.834148,1.0
0.830809,0.0
0.329588,0.0
0.853595,1.0
0.842515,1.0
0.329978,0.0
0.887422,0.0
0.825315,1.0
0.853342,1.0
0.830374,1.0
0.826286,1.0
0.87735,1.0
0.336003,0.0
0.862127,0.0
0.817117,0.0
0.864414,1.0
0.796933,1.0
0.847504,1.0
0.849348,0.0
0.351648,0.0
0.8859,1.0
0.335682,0.0
0.332488,0.0
0.448262,0.0
0.835513,1.0
0.342662,0.0
0.899481,0.0
0.908566,1.0
0.870304,1.0
0.740457,1.0
0.839681,1.0
0.32662,1.0
0.850832,1.0
0.866843,1.0
0.33698,0.0
0.457667,0.0
0.863503,0.0
0.336641,1.0
0.813796,1.0
0.33316,0.0
0.84504,0.0
0.328683,0.0
0.454512,1.0
0.857968,1.0
0.898308,0.0
0.898461,1.0
0.822307,1.0
0.834968,0.0
0.34327,0.0
0.854089,1.0
0.90033,1.0
0.864492,1.0
0.868804,1.0
0.878342,1.0
0.823217,1.0
0.847146,1.0
0.895829,0.0
0.850513,1.0
0.442244,0.0
0.852134,1.0
0.333106,0.0
0.335776,0.0
0.445915,1.0
0.85281,1.0
0.809148,0.0
0.843428,1.0
0.829272,0.0
0.350284,1.0
0.843759,1.0
0.346904,0.0
0.836231,1.0
0.859806,1.0
0.736522,1.0
0.884393,0.0
0.853741,1.0
0.87953,1.0
0.852731,1.0
0.885289,1.0
0.863671,1.0
0.877688,1.0
0.447495,1.0
0.886619,1.0
0.871235,1.0
0.888598,1.0
0.854486,0.0
0.335608,0.0
0.859174,1.0
0.447162,0.0
0.423466,0.0
0.898953,1.0
0.435535,0.0
0.829603,1.0
0.888687,1.0
0.446834,0.0
0.345441,0.0
0.613084,1.0
0.56829,1.0
0.622662,1.0
0.614287,0.0
0.59678,0.0
0.623137,1.0
0.623924,1.0
0.614138,1.0
0.621272,1.0
0.621768,1.0
0.614096,1.0
0.570299,1.0
0.621068,1.0
0.561696,1.0
0.621247,1.0
0.620555,1.0
0.565772,0.0
0.613443,1.0
0.566454,1.0
0.621403,1.0
0.563689,1.0
0.620229,1.0
0.622091,1.0
0.624558,0.0
0.610165,1.0
0.566863,1.0
0.61393,0.0
0.613952,1.0
0.595369,1.0
0.621228,1.0
0.613123,1.0
0.571876,1.0
0.569999,1.0
0.564492,1.0
0.61078,1.0
0.622334,1.0
0.601036,0.0
0.561311,0.0
0.564125,0.0
0.613445,1.0
0.593588,1.0
0.6277,1.0
0.599554,1.0
0.621045,1.0
0.613053,1.0
0.622204,0.0
0.614645,0.0
0.576524,1.0
0.625055,0.0
0.571538,0.0
0.56883,0.0
0.620396,0.0
0.627973,1.0
0.612222,1.0
0.623377,1.0
0.568908,1.0
0.565081,1.0
0.564254,1.0
0.565747,1.0
0.619585,1.0
0.622685,1.0
0.571221,1.0
0.622588,1.0
0.596505,1.0
0.561663,1.0
0.613085,1.0
0.613927,0.0
0.57685,0.0
0.622598,1.0
0.622581,1.0
0.560137,1.0
0.560779,1.0
0.596892,1.0
0.620881,0.0
0.612086,0.0
0.620964,1.0
0.562965,1.0
0.605696,1.0
0.569688,1.0
0.622411,1.0
0.56593,1.0
0.623826,0.0
0.566781,1.0
0.563606,1.0
0.565836,0.0
0.577025,1.0
0.566968,1.0
0.564639,1.0
0.567255,1.0
0.625758,1.0
0.613732,1.0
0.622147,1.0
0.594186,1.0
0.600202,1.0
0.568708,1.0
0.598147,1.0
0.619903,0.0
0.56745,0.0
0.594251,1.0
0.611915,1.0
0.505278,1.0
0.503076,0.0
0.497714,1.0
0.531113,0.0
0.535181,1.0
0.499614,1.0
0.500724,0.0
0.532359,1.0
0.495914,0.0
0.497061,1.0
0.532371,1.0
0.504938,0.0
0.499752,0.0
0.508442,0.0
0.498823,0.0
0.500609,1.0
0.507425,0.0
0.532554,1.0
0.507931,0.0
0.502066,1.0
0.507221,0.0
0.503994,1.0
0.496299,0.0
0.499279,0.0
0.533445,0.0
0.504289,0.0
0.531219,1.0
0.532407,1.0
0.538746,1.0
0.497814,1.0
0.532615,0.0
0.503313,1.0
0.501575,1.0
0.506262,0.0
0.511047,1.0
0.498275,1.0
0.5342,0.0
0.510298,0.0
0.508652,0.0
0.532547,0.0
0.539492,1.0
0.495972,1.0
0.535742,1.0
0.502387,1.0
0.532617,0.0
0.498749,1.0
0.531035,1.0
0.541583,1.0
0.497276,0.0
0.505467,1.0
0.504891,0.0
0.501314,0.0
0.50216,0.0
0.532888,0.0
0.495892,0.0
0.502634,0.0
0.497596,1.0
0.506404,0.0
0.505293,0.0
0.499815,1.0
0.497102,1.0
0.503762,1.0
0.497142,1.0
0.538287,1.0
0.508588,0.0
0.532607,1.0
0.531219,0.0
0.540166,0.0
0.495808,1.0
0.502876,0.0
0.509615,1.0
0.512311,0.0
0.536422,1.0
0.497831,0.0
0.53171,1.0
0.499052,1.0
0.50761,0.0
0.509832,0.0
0.505197,1.0
0.49553,1.0
0.505189,1.0
0.497681,1.0
0.504406,1.0
0.50714,1.0
0.507436,1.0
0.541356,0.0
0.504189,0.0
0.506137,0.0
0.503952,0.0
0.497365,0.0
0.53246,0.0
0.495115,1.0
0.53897,1.0
0.536911,0.0
0.502731,1.0
0.537184,1.0
0.500057,1.0
0.505991,1.0
0.538947,0.0
0.532977,0.0
0.536131,0.0
0.537243,1.0
0.542393,1.0
0.532497,0.0
0.537315,1.0
0.542659,1.0
0.537396,1.0
0.533102,1.0
0.538583,0.0
0.54182,0.0
0.533107,1.0
0.536195,1.0
0.537644,0.0
0.534123,0.0
0.537851,1.0
0.540967,1.0
0.53597,0.0
0.533167,0.0
0.53438,0.0
0.539007,1.0
0.534907,0.0
0.540541,1.0
0.538747,0.0
0.538056,0.0
0.533654,0.0
0.536574,0.0
0.532655,0.0
0.533092,1.0
0.536502,1.0
0.541383,1.0
0.532994,1.0
0.541287,1.0
0.542013,0.0
0.535451,1.0
0.534465,1.0
0.542168,1.0
0.536231,0.0
0.533847,1.0
0.53519,0.0
0.533034,1.0
0.536962,1.0
0.543512,1.0
0.537271,1.0
0.541257,0.0
0.533199,1.0
0.539675,1.0
0.532607,1.0
0.542753,1.0
0.540403,1.0
0.541313,0.0
0.537432,0.0
0.536996,0.0
0.539841,1.0
0.533248,1.0
0.539605,0.0
0.537552,0.0
0.535248,0.0
0.535337,0.0
0.536044,1.0
0.54038,1.0
0.542367,1.0
0.54113,1.0
0.542318,1.0
0.536221,0.0
0.533993,1.0
0.533306,1.0
0.532565,0.0
0.541398,1.0
0.542392,1.0
0.53576,0.0
0.538257,1.0
0.531305,0.0
0.537837,1.0
0.537798,0.0
0.532921,1.0
0.541328,1.0
0.534613,1.0
0.527351,1.0
0.540428,1.0
0.542281,0.0
0.540543,1.0
0.542935,1.0
0.540834,1.0
0.539571,1.0
0.540468,1.0
0.5424,0.0
0.536623,0.0
0.535521,0.0
0.536759,1.0
0.538911,0.0
0.532978,0.0
0.542167,1.0
0.53708,1.0
0.535213,0.0
0.541551,1.0
0.535413,0.0
0.540391,1.0
0.541036,1.0
0.536885,0.0
0.533291,0.0
0.831333,1.0
0.90877,1.0
0.868563,1.0
0.363185,0.0
0.411646,1.0
0.863399,1.0
0.858034,0.0
0.377654,1.0
0.878328,1.0
0.873051,1.0
0.377653,0.0
0.901378,0.0
0.86505,1.0
0.890142,1.0
0.863257,1.0
0.857763,0.0
0.902383,1.0
0.371928,1.0
0.891895,1.0
0.847682,1.0
0.895811,1.0
0.842099,1.0
0.876595,1.0
0.871401,1.0
0.370661,1.0
0.90757,1.0
0.367762,0.0
0.377345,0.0
0.389261,0.0
0.86498,1.0
0.372159,1.0
0.906016,1.0
0.915861,1.0
0.896258,1.0
0.796801,1.0
0.866484,1.0
0.39242,1.0
0.884139,1.0
0.896888,1.0
0.372902,0.0
0.391107,1.0
0.874969,1.0
0.410324,1.0
0.856489,1.0
0.374526,0.0
0.863699,1.0
0.37363,0.0
0.477589,1.0
0.876319,1.0
0.908333,1.0
0.912374,1.0
0.862338,1.0
0.86026,1.0
0.37394,0.0
0.879571,1.0
0.914078,1.0
0.897335,1.0
0.898978,1.0
0.90043,1.0
0.857485,1.0
0.86985,1.0
0.90454,0.0
0.870488,1.0
0.382437,1.0
0.885662,1.0
0.378991,0.0
0.363522,1.0
0.472214,1.0
0.873303,1.0
0.850677,0.0
0.878123,1.0
0.868839,0.0
0.414966,1.0
0.87369,1.0
0.37447,0.0
0.863818,1.0
0.890222,1.0
0.793747,1.0
0.898274,1.0
0.878316,1.0
0.899321,0.0
0.87249,1.0
0.902066,1.0
0.890442,1.0
0.897349,1.0
0.483739,1.0
0.907912,1.0
0.900234,1.0
0.90546,1.0
0.874734,0.0
0.366971,1.0
0.875697,1.0
0.395428,1.0
0.373366,0.0
0.908518,1.0
0.377881,1.0
0.860217,1.0
0.902706,1.0
0.383918,1.0
0.368409,1.0
0.512932,0.0
0.512932,1.0
0.512932,1.0
0.512932,0.0
0.512932,1.0
0.512932,0.0
0.512932,1.0
0.512932,0.0
0.512932,0.0
0.512932,0.0
0.512932,0.0
0.512932,0.0
0.512932,1.0
0.512932,0.0
0.512932,0.0
0.512932,1.0
0.512932,1.0
0.512932,1.0
0.512932,1.0
0.512932,0.0
0.512932,0.0
0.512932,0.0
0.512932,0.0
0.512932,1.0
0.512932,1.0
0.512932,0.0
0.512932,0.0
0.512932,1.0
0.512932,0.0
0.512932,1.0
0.512932,0.0
0.512932,0.0
0.512932,0.0
0.512932,1.0
0.512932,0.0
0.512932,0.0
0.512932,0.0
0.512932,1.0
0.512932,1.0
0.512932,0.0
0.512932,0.0
0.512932,0.0
0.512932,1.0
0.512932,0.0
0.512932,1.0
0.512932,0.0
0.512932,0.0
0.512932,0.0
0.512932,1.0
0.512932,0.0
0.512932,0.0
0.512932,0.0
0.512932,1.0
0.512932,0.0
0.512932,0.0
0.512932,0.0
0.512932,0.0
0.512932,0.0
0.512932,1.0
0.512932,0.0
0.512932,0.0
0.512932,0.0
0.512932,0.0
0.512932,1.0
0.512932,1.0
0.512932,1.0
0.512932,1.0
0.512932,0.0
0.512932,0.0
0.512932,0.0
0.512932,1.0
0.512932,1.0
0.512932,1.0
0.512932,0.0
0.512932,0.0
0.512932,1.0
0.512932,0.0
0.512932,0.0
0.512932,0.0
0.512932,1.0
0.512932,0.0
0.512932,0.0
0.512932,0.0
0.512932,1.0
0.512932,0.0
0.512932,0.0
0.512932,1.0
0.512932,0.0
0.512932,0.0
0.512932,0.0
0.512932,1.0
0.512932,1.0
0.512932,0.0
0.512932,0.0
0.512932,0.0
0.512932,1.0
0.512932,0.0
0.512932,0.0
0.512932,1.0
0.512932,0.0
0.493895,1.0
0.518569,1.0
0.518569,1.0
0.493895,0.0
0.518569,1.0
0.493895,0.0
0.518569,1.0
0.493895,0.0
0.493895,1.0
0.493895,0.0
0.493895,1.0
0.493895,0.0
0.518569,1.0
0.493895,0.0
0.493895,0.0
0.518569,1.0
0.518569,1.0
0.518569,1.0
0.518569,1.0
0.493895,0.0
0.493895,1.0
0.493895,1.0
0.493895,0.0
0.518569,0.0
0.518569,1.0
0.493895,1.0
0.493895,0.0
0.518569,0.0
0.493895,0.0
0.518569,1.0
0.493895,0.0
0.493895,0.0
0.493895,0.0
0.518569,1.0
0.493895,1.0
0.493895,0.0
0.493895,0.0
0.518569,0.0
0.518569,1.0
0.493895,0.0
0.493895,0.0
0.493895,0.0
0.518569,1.0
0.493895,1.0
0.518569,1.0
0.493895,1.0
0.493895,0.0
0.493895,0.0
0.518569,0.0
0.493895,0.0
0.493895,0.0
0.493895,0.0
0.518569,0.0
0.493895,1.0
0.493895,0.0
0.493895,1.0
0.493895,1.0
0.493895,1.0
0.518569,1.0
0.493895,1.0
0.493895,0.0
0.493895,0.0
0.493895,0.0
0.518569,1.0
0.518569,0.0
0.518569,0.0
0.518569,0.0
0.493895,0.0
0.493895,0.0
0.493895,0.0
0.518569,0.0
0.518569,0.0
0.518569,1.0
0.493895,0.0
0.493895,0.0
0.518569,1.0
0.493895,0.0
0.493895,1.0
0.493895,0.0
0.518569,1.0
0.493895,0.0
0.493895,0.0
0.493895,0.0
0.518569,0.0
0.493895,0.0
0.493895,0.0
0.518569,1.0
0.493895,1.0
0.493895,1.0
0.493895,1.0
0.518569,1.0
0.518569,0.0
0.493895,1.0
0.493895,0.0
0.493895,1.0
0.518569,1.0
0.493895,0.0
0.493895,1.0
0.518569,1.0
0.493895,1.0
0.511904,1.0
0.499922,1.0
0.499922,1.0
0.532489,1.0
0.499922,1.0
0.532489,1.0
0.499922,0.0
0.532489,0.0
0.511904,1.0
0.532489,1.0
0.511904,0.0
0.532489,1.0
0.499922,1.0
0.532489,1.0
0.532489,0.0
0.499922,0.0
0.499922,0.0
0.499922,1.0
0.499922,1.0
0.532489,0.0
0.511904,1.0
0.511904,1.0
0.532489,1.0
0.521149,1.0
0.499922,0.0
0.511904,0.0
0.532489,0.0
0.521149,1.0
0.532489,1.0
0.499922,1.0
0.532489,1.0
0.532489,1.0
0.532489,0.0
0.499922,1.0
0.511904,1.0
0.532489,0.0
0.532489,1.0
0.521149,0.0
0.499922,1.0
0.532489,1.0
0.532489,0.0
0.532489,1.0
0.499922,0.0
0.511904,1.0
0.499922,0.0
0.511904,0.0
0.532489,0.0
0.532489,1.0
0.521149,1.0
0.532489,1.0
0.532489,1.0
0.532489,0.0
0.521149,1.0
0.511904,0.0
0.532489,1.0
0.511904,1.0
0.511904,1.0
0.511904,1.0
0.499922,1.0
0.511904,1.0
0.532489,1.0
0.532489,1.0
0.532489,1.0
0.499922,1.0
0.521149,0.0
0.521149,1.0
0.521149,1.0
0.532489,1.0
0.532489,1.0
0.532489,1.0
0.521149,1.0
0.521149,0.0
0.499922,0.0
0.532489,1.0
0.532489,1.0
0.499922,1.0
0.532489,0.0
0.511904,1.0
0.532489,0.0
0.499922,0.0
0.532489,0.0
0.532489,0.0
0.532489,0.0
0.521149,1.0
0.532489,1.0
0.532489,0.0
0.499922,1.0
0.511904,0.0
0.511904,1.0
0.511904,1.0
0.499922,0.0
0.521149,1.0
0.511904,0.0
0.532489,1.0
0.511904,1.0
0.499922,1.0
0.532489,1.0
0.511904,1.0
0.499922,1.0
0.511904,1.0
0.562203,1.0
0.564084,1.0
0.564084,1.0
0.558531,1.0
0.564084,0.0
0.558531,1.0
0.581833,1.0
0.576364,0.0
0.562203,1.0
0.558531,1.0
0.580036,0.0
0.558531,0.0
0.564084,1.0
0.558531,1.0
0.576364,1.0
0.581833,0.0
0.581833,1.0
0.564084,1.0
0.564084,1.0
0.576364,0.0
0.562203,1.0
0.562203,1.0
0.558531,1.0
0.560397,1.0
0.581833,1.0
0.580036,0.0
0.576364,1.0
0.560397,0.0
0.558531,1.0
0.564084,1.0
0.558531,1.0
0.558531,1.0
0.576364,0.0
0.564084,1.0
0.562203,1.0
0.576364,1.0
0.558531,0.0
0.578189,1.0
0.564084,0.0
0.558531,0.0
0.576364,1.0
0.558531,1.0
0.581833,1.0
0.562203,0.0
0.581833,0.0
0.580036,1.0
0.576364,1.0
0.558531,1.0
0.560397,1.0
0.558531,1.0
0.558531,0.0
0.576364,0.0
0.560397,1.0
0.580036,1.0
0.558531,0.0
0.562203,0.0
0.562203,0.0
0.562203,1.0
0.564084,0.0
0.562203,1.0
0.558531,1.0
0.558531,0.0
0.558531,1.0
0.564084,0.0
0.578189,1.0
0.560397,0.0
0.560397,1.0
0.558531,1.0
0.558531,1.0
0.558531,1.0
0.560397,1.0
0.578189,1.0
0.581833,0.0
0.558531,1.0
0.558531,1.0
0.564084,0.0
0.576364,1.0
0.562203,1.0
0.576364,0.0
0.581833,1.0
0.576364,0.0
0.576364,1.0
0.576364,1.0
0.560397,1.0
0.558531,1.0
0.576364,1.0
0.564084,0.0
0.580036,1.0
0.562203,1.0
0.562203,1.0
0.581833,0.0
0.560397,0.0
0.580036,1.0
0.558531,0.0
0.562203,1.0
0.564084,0.0
0.558531,1.0
0.562203,1.0
0.564084,0.0
0.562203,1.0
0.544438,1.0
0.543453,1.0
0.543453,0.0
0.54565,1.0
0.54289,1.0
0.54565,1.0
0.542573,1.0
0.543231,0.0
0.544438,1.0
0.54565,1.0
0.542024,1.0
0.545091,1.0
0.543453,1.0
0.54565,1.0
0.544227,0.0
0.541606,0.0
0.542573,1.0
0.543453,0.0
0.543453,0.0
0.543231,0.0
0.544438,1.0
0.544438,1.0
0.54565,0.0
0.544676,1.0
0.542573,0.0
0.542024,1.0
0.544227,1.0
0.544127,0.0
0.54565,1.0
0.543453,0.0
0.54565,1.0
0.54565,1.0
0.543231,1.0
0.543453,0.0
0.544438,1.0
0.544227,1.0
0.545091,0.0
0.543769,0.0
0.54289,1.0
0.545091,1.0
0.544227,1.0
0.54565,1.0
0.542573,1.0
0.543864,1.0
0.541606,0.0
0.543012,1.0
0.544227,1.0
0.54565,0.0
0.544676,1.0
0.54565,1.0
0.545091,1.0
0.543231,1.0
0.544676,0.0
0.543012,1.0
0.545091,1.0
0.543864,1.0
0.543864,1.0
0.544438,0.0
0.54289,1.0
0.544438,1.0
0.54565,1.0
0.545091,1.0
0.54565,0.0
0.54289,1.0
0.543769,1.0
0.544127,1.0
0.544676,1.0
0.54565,1.0
0.54565,0.0
0.54565,1.0
0.544676,0.0
0.543769,1.0
0.541606,0.0
0.54565,1.0
0.54565,1.0
0.54289,1.0
0.544227,1.0
0.544438,1.0
0.543231,1.0
0.542573,1.0
0.543231,0.0
0.544227,0.0
0.544227,0.0
0.544676,1.0
0.54565,1.0
0.544227,0.0
0.54289,1.0
0.543012,0.0
0.544438,1.0
0.544438,1.0
0.541606,1.0
0.544127,0.0
0.543012,1.0
0.545091,1.0
0.544438,1.0
0.54289,0.0
0.54565,1.0
0.544438,1.0
0.54289,1.0
0.544438,0.0
0.561874,0.0
0.561355,1.0
0.558431,0.0
0.560573,1.0
0.559573,0.0
0.560573,1.0
0.589872,1.0
0.592976,1.0
0.561874,1.0
0.560573,1.0
0.592366,1.0
0.559029,0.0
0.561355,1.0
0.560573,1.0
0.591923,1.0
0.590347,0.0
0.589872,1.0
0.558431,0.0
0.558431,1.0
0.592976,1.0
0.561874,1.0
0.561874,1.0
0.557866,1.0
0.560037,1.0
0.589411,1.0
0.592366,1.0
0.592213,1.0
0.555428,0.0
0.560573,1.0
0.558431,1.0
0.560573,1.0
0.560573,1.0
0.593204,1.0
0.558431,1.0
0.561874,1.0
0.592213,1.0
0.556417,0.0
0.590209,1.0
0.559573,0.0
0.559029,1.0
0.592213,1.0
0.560573,1.0
0.589872,1.0
0.560345,0.0
0.590347,0.0
0.591435,1.0
0.592213,1.0
0.557866,0.0
0.560037,1.0
0.560573,1.0
0.559029,0.0
0.593204,1.0
0.557136,1.0
0.591435,1.0
0.559029,0.0
0.560345,0.0
0.560345,1.0
0.559142,1.0
0.559573,1.0
0.561874,1.0
0.560573,0.0
0.559029,0.0
0.557866,1.0
0.559573,0.0
0.590604,1.0
0.558238,1.0
0.560037,1.0
0.560573,1.0
0.557866,1.0
0.560573,0.0
0.557136,1.0
0.590604,1.0
0.590347,0.0
0.560573,0.0
0.560573,1.0
0.559573,1.0
0.592213,1.0
0.561874,1.0
0.593204,1.0
0.589872,1.0
0.592976,0.0
0.591923,0.0
0.591923,1.0
0.560037,1.0
0.560573,1.0
0.591923,1.0
0.559573,1.0
0.591082,1.0
0.561874,1.0
0.561874,1.0
0.59074,0.0
0.555428,1.0
0.591435,1.0
0.559029,1.0
0.561874,1.0
0.556741,1.0
0.560573,1.0
0.561874,1.0
0.559573,1.0
0.559142,1.0
0.571217,0.0
0.576764,0.0
0.565903,1.0
0.579548,1.0
0.562798,0.0
0.579548,0.0
0.579748,1.0
0.579634,1.0
0.578497,1.0
0.579548,0.0
0.579585,0.0
0.56695,1.0
0.576764,1.0
0.579548,0.0
0.579737,0.0
0.577314,1.0
0.579748,1.0
0.565903,0.0
0.573481,0.0
0.579634,1.0
0.578497,0.0
0.578497,0.0
0.576448,0.0
0.577822,0.0
0.579382,1.0
0.579585,1.0
0.579975,1.0
0.561555,1.0
0.579548,0.0
0.573481,0.0
0.579548,1.0
0.579548,0.0
0.57982,1.0
0.573481,1.0
0.578497,1.0
0.579975,0.0
0.564858,1.0
0.579619,0.0
0.562798,1.0
0.573831,1.0
0.579975,0.0
0.579548,1.0
0.579748,1.0
0.565871,1.0
0.577314,1.0
0.579776,1.0
0.579975,0.0
0.569614,1.0
0.577822,1.0
0.579548,1.0
0.56695,1.0
0.57982,1.0
0.574498,1.0
0.579776,1.0
0.56695,0.0
0.565871,0.0
0.572886,1.0
0.57545,0.0
0.570444,1.0
0.578497,1.0
0.572403,1.0
0.56695,0.0
0.576448,0.0
0.562798,0.0
0.579918,0.0
0.571417,1.0
0.577822,0.0
0.579548,0.0
0.576448,1.0
0.572403,0.0
0.574498,1.0
0.579918,1.0
0.577314,0.0
0.572403,1.0
0.579548,0.0
0.570444,0.0
0.579975,1.0
0.578497,0.0
0.57982,0.0
0.579748,0.0
0.578026,1.0
0.578015,0.0
0.579737,1.0
0.577822,0.0
0.579548,1.0
0.579737,0.0
0.570444,1.0
0.579481,0.0
0.578497,1.0
0.578497,1.0
0.577438,1.0
0.568724,0.0
0.579776,1.0
0.573831,0.0
0.578497,1.0
0.567784,0.0
0.579548,1.0
0.578497,0.0
0.570444,1.0
0.57545,0.0
0.531644,0.0
0.535311,0.0
0.592671,1.0
0.606585,1.0
0.519723,1.0
0.541974,1.0
0.596012,1.0
0.594244,1.0
0.605897,1.0
0.541974,0.0
0.560675,1.0
0.593674,1.0
0.605081,1.0
0.541974,1.0
0.561659,1.0
0.594223,1.0
0.596012,0.0
0.52404,0.0
0.532637,1.0
0.594244,1.0
0.539936,1.0
0.539936,1.0
0.539783,1.0
0.53747,0.0
0.59543,1.0
0.595046,1.0
0.595118,1.0
0.588303,0.0
0.541974,0.0
0.532637,0.0
0.606585,1.0
0.541974,0.0
0.5947,0.0
0.601051,1.0
0.605897,1.0
0.561044,1.0
0.591959,1.0
0.560939,0.0
0.589325,1.0
0.600596,1.0
0.561044,0.0
0.606585,1.0
0.596012,1.0
0.592642,1.0
0.594223,1.0
0.595483,0.0
0.561044,1.0
0.596042,1.0
0.605941,1.0
0.606585,1.0
0.593674,1.0
0.5947,1.0
0.601888,1.0
0.595483,1.0
0.529633,0.0
0.527268,0.0
0.599873,1.0
0.537821,0.0
0.597795,1.0
0.605897,1.0
0.598951,1.0
0.529633,0.0
0.539783,1.0
0.519723,0.0
0.560279,1.0
0.598706,1.0
0.53747,0.0
0.541974,1.0
0.602951,1.0
0.533963,1.0
0.601888,1.0
0.595615,1.0
0.560933,0.0
0.598951,1.0
0.541974,1.0
0.52822,1.0
0.595118,1.0
0.539936,1.0
0.561455,0.0
0.559451,0.0
0.593601,1.0
0.562077,1.0
0.594632,1.0
0.53747,1.0
0.606585,1.0
0.561659,0.0
0.597795,1.0
0.560889,0.0
0.605897,1.0
0.605897,0.0
0.594665,1.0
0.529161,0.0
0.595483,0.0
0.536423,1.0
0.605897,1.0
0.526956,0.0
0.606585,1.0
0.539936,1.0
0.597795,1.0
0.537821,0.0
0.504281,0.0
0.52723,1.0
0.503757,1.0
0.491219,1.0
0.515886,1.0
0.496817,1.0
0.57293,1.0
0.584929,0.0
0.499268,0.0
0.499229,0.0
0.594169,0.0
0.48614,0.0
0.518202,1.0
0.496817,0.0
0.597764,0.0
0.582558,1.0
0.585245,1.0
0.51232,0.0
0.513517,0.0
0.584929,0.0
0.504991,0.0
0.504991,1.0
0.490502,0.0
0.517907,0.0
0.576532,0.0
0.579023,1.0
0.579926,0.0
0.493945,0.0
0.499229,0.0
0.515851,1.0
0.491219,0.0
0.499229,0.0
0.594629,0.0
0.507342,0.0
0.499268,0.0
0.595016,1.0
0.483437,0.0
0.605813,1.0
0.509242,0.0
0.488334,0.0
0.605951,1.0
0.491219,0.0
0.57293,1.0
0.492351,0.0
0.582558,1.0
0.589087,0.0
0.595016,1.0
0.482225,0.0
0.509584,0.0
0.491219,0.0
0.48614,0.0
0.582122,0.0
0.498813,0.0
0.576683,1.0
0.495734,0.0
0.50142,1.0
0.495178,1.0
0.499274,0.0
0.512742,1.0
0.499268,1.0
0.488106,0.0
0.495734,0.0
0.490502,0.0
0.518144,1.0
0.591811,0.0
0.504268,0.0
0.517907,0.0
0.496817,1.0
0.484064,0.0
0.494183,0.0
0.498813,0.0
0.576442,1.0
0.608396,0.0
0.488106,0.0
0.496817,0.0
0.519373,1.0
0.579926,0.0
0.504991,0.0
0.607997,1.0
0.599264,1.0
0.588343,1.0
0.600991,1.0
0.582929,0.0
0.5156,0.0
0.491219,1.0
0.608769,0.0
0.512742,1.0
0.60592,0.0
0.499268,0.0
0.501244,0.0
0.579309,1.0
0.502948,0.0
0.589087,1.0
0.494717,0.0
0.499268,1.0
0.510938,1.0
0.491219,1.0
0.504991,1.0
0.512742,1.0
0.499274,0.0
0.72187,1.0
0.750893,1.0
0.677717,1.0
0.645874,1.0
0.721977,0.0
0.682822,1.0
0.394841,0.0
0.412546,1.0
0.662811,1.0
0.708569,0.0
0.416254,0.0
0.634112,1.0
0.686909,1.0
0.683274,0.0
0.412285,0.0
0.386675,1.0
0.385759,1.0
0.740161,1.0
0.709599,1.0
0.412546,0.0
0.695043,1.0
0.696031,1.0
0.662711,1.0
0.740394,0.0
0.418966,0.0
0.390311,0.0
0.416251,1.0
0.681587,0.0
0.708569,1.0
0.742874,1.0
0.650181,1.0
0.708569,1.0
0.404444,0.0
0.678105,1.0
0.662811,1.0
0.388474,1.0
0.604101,1.0
0.379328,0.0
0.685757,1.0
0.639069,0.0
0.379427,1.0
0.650181,1.0
0.394841,0.0
0.651429,1.0
0.386675,0.0
0.408863,0.0
0.388474,0.0
0.621919,0.0
0.680171,1.0
0.650181,1.0
0.634112,1.0
0.414774,0.0
0.668964,1.0
0.391901,0.0
0.68997,1.0
0.7109,1.0
0.650515,1.0
0.703109,1.0
0.684337,0.0
0.660099,0.0
0.647072,1.0
0.68997,1.0
0.662711,0.0
0.750831,1.0
0.418011,0.0
0.67648,1.0
0.740394,1.0
0.682822,1.0
0.628024,1.0
0.682371,1.0
0.668964,1.0
0.391743,0.0
0.402042,0.0
0.647072,1.0
0.683274,0.0
0.718822,1.0
0.416251,0.0
0.695043,1.0
0.377773,0.0
0.385976,0.0
0.38238,1.0
0.382293,0.0
0.41383,1.0
0.709428,0.0
0.645874,0.0
0.402104,0.0
0.684337,1.0
0.404982,0.0
0.662811,1.0
0.682978,1.0
0.389298,1.0
0.722337,1.0
0.38276,1.0
0.674156,1.0
0.660099,1.0
0.737473,1.0
0.645874,0.0
0.696031,0.0
0.684337,1.0
0.703109,0.0
0.743549,1.0
0.723948,0.0
0.684854,1.0
0.664345,1.0
0.697412,0.0
0.706496,1.0
0.328494,0.0
0.420636,0.0
0.678276,0.0
0.70585,0.0
0.344476,1.0
0.658892,0.0
0.681621,1.0
0.668932,1.0
0.3421,0.0
0.402688,0.0
0.40946,1.0
0.742976,1.0
0.721605,1.0
0.338084,0.0
0.715366,1.0
0.709707,1.0
0.701959,1.0
0.715707,0.0
0.340883,0.0
0.326597,1.0
0.422774,0.0
0.670501,1.0
0.739064,1.0
0.729429,0.0
0.668629,1.0
0.739064,1.0
0.33942,1.0
0.687788,1.0
0.678276,0.0
0.408845,1.0
0.625309,0.0
0.330973,0.0
0.695296,1.0
0.603118,0.0
0.408965,1.0
0.668629,1.0
0.328494,0.0
0.67512,1.0
0.32475,0.0
0.341721,0.0
0.330259,1.0
0.577629,1.0
0.68715,1.0
0.668629,1.0
0.658892,1.0
0.339076,0.0
0.682698,1.0
0.327213,0.0
0.740904,1.0
0.740091,1.0
0.670662,1.0
0.740539,1.0
0.650671,1.0
0.62934,0.0
0.668219,1.0
0.740904,0.0
0.650781,1.0
0.731277,1.0
0.345368,0.0
0.687933,1.0
0.736894,1.0
0.706496,1.0
0.648694,1.0
0.714779,1.0
0.682698,1.0
0.327034,0.0
0.341638,1.0
0.668219,1.0
0.668932,1.0
0.716335,1.0
0.339652,0.0
0.715366,1.0
0.330081,0.0
0.335362,0.0
0.400198,0.0
0.326701,0.0
0.421309,0.0
0.689422,0.0
0.614007,1.0
0.341742,0.0
0.684411,1.0
0.343554,0.0
0.678276,1.0
0.704171,1.0
0.404274,1.0
0.744844,1.0
0.407329,0.0
0.710575,1.0
0.673102,0.0
0.734524,1.0
0.614007,1.0
0.676573,1.0
0.684411,0.0
0.705608,0.0
0.752573,1.0
0.764498,1.0
0.706988,1.0
0.687101,0.0
0.7356,0.0
0.729645,1.0
0.278646,0.0
0.361206,0.0
0.657635,0.0
0.731911,0.0
0.353405,1.0
0.63329,0.0
0.707941,1.0
0.719883,0.0
0.284152,0.0
0.352185,0.0
0.444733,1.0
0.759008,0.0
0.736814,1.0
0.280381,1.0
0.728638,1.0
0.735601,0.0
0.723566,1.0
0.746767,0.0
0.280508,0.0
0.344217,0.0
0.362082,1.0
0.729077,1.0
0.748587,1.0
0.756687,0.0
0.685612,1.0
0.748587,1.0
0.353202,0.0
0.699293,1.0
0.657635,0.0
0.441556,1.0
0.586508,0.0
0.286938,1.0
0.706593,0.0
0.583713,0.0
0.446502,0.0
0.685612,1.0
0.278646,0.0
0.694053,1.0
0.278159,0.0
0.285724,0.0
0.349254,1.0
0.604572,1.0
0.698406,1.0
0.685612,0.0
0.682674,1.0
0.28045,0.0
0.695444,1.0
0.278538,0.0
0.750612,1.0
0.754799,1.0
0.693628,0.0
0.749071,1.0
0.704191,0.0
0.6392,0.0
0.687036,1.0
0.732614,0.0
0.711026,1.0
0.772416,1.0
0.285034,0.0
0.69964,1.0
0.759512,1.0
0.729645,1.0
0.67078,1.0
0.729773,1.0
0.695444,1.0
0.278438,0.0
0.356656,0.0
0.687036,1.0
0.719883,1.0
0.752336,1.0
0.280421,0.0
0.728638,1.0
0.286598,1.0
0.2889,0.0
0.35111,0.0
0.281435,0.0
0.361434,0.0
0.707987,0.0
0.664739,0.0
0.288021,1.0
0.708791,0.0
0.288727,0.0
0.692257,1.0
0.720439,1.0
0.435043,0.0
0.752915,1.0
0.360419,1.0
0.728001,1.0
0.661106,0.0
0.764414,1.0
0.664739,1.0
0.731943,0.0
0.683083,1.0
0.732582,0.0
0.532562,1.0
0.538489,1.0
0.579919,1.0
0.586688,0.0
0.553149,0.0
0.551119,1.0
0.622229,0.0
0.612142,0.0
0.586608,1.0
0.542254,0.0
0.594052,0.0
0.576095,0.0
0.587793,1.0
0.571702,1.0
0.62191,1.0
0.61287,0.0
0.576119,1.0
0.538297,1.0
0.545985,1.0
0.610124,1.0
0.551438,0.0
0.557786,1.0
0.551073,1.0
0.542092,1.0
0.622509,1.0
0.609695,0.0
0.597499,1.0
0.548614,0.0
0.533109,1.0
0.540964,1.0
0.57853,0.0
0.533109,1.0
0.608546,1.0
0.5836,1.0
0.586608,1.0
0.577008,1.0
0.573305,0.0
0.60823,1.0
0.586664,0.0
0.579809,0.0
0.592637,1.0
0.57853,1.0
0.622229,1.0
0.573991,0.0
0.622135,0.0
0.621569,1.0
0.594208,1.0
0.56243,0.0
0.585727,1.0
0.585061,1.0
0.569259,0.0
0.622432,1.0
0.581745,1.0
0.622187,1.0
0.531703,0.0
0.532813,1.0
0.586001,1.0
0.532478,1.0
0.593593,0.0
0.587947,1.0
0.575095,0.0
0.535665,1.0
0.557624,0.0
0.53713,0.0
0.621916,0.0
0.582308,0.0
0.535133,1.0
0.551119,1.0
0.570145,1.0
0.547075,0.0
0.581745,0.0
0.622196,1.0
0.607964,0.0
0.575095,1.0
0.562322,1.0
0.542947,1.0
0.622465,1.0
0.551438,0.0
0.608256,0.0
0.620667,0.0
0.612943,1.0
0.621634,0.0
0.612137,0.0
0.573796,0.0
0.58501,0.0
0.608604,1.0
0.590934,0.0
0.621107,0.0
0.582008,1.0
0.557393,1.0
0.595327,0.0
0.532284,0.0
0.59676,1.0
0.548409,1.0
0.588441,0.0
0.535312,1.0
0.577632,1.0
0.567319,1.0
0.584535,1.0
0.540791,1.0
0.517637,0.0
0.515062,0.0
0.521627,0.0
0.528956,1.0
0.515835,1.0
0.515699,0.0
0.52897,0.0
0.531676,0.0
0.530643,1.0
0.518451,0.0
0.535952,1.0
0.541468,1.0
0.52175,1.0
0.521847,0.0
0.530105,0.0
0.5315,0.0
0.540865,1.0
0.517822,1.0
0.514908,1.0
0.532784,0.0
0.516235,0.0
0.515923,0.0
0.517113,0.0
0.516546,0.0
0.529958,0.0
0.532508,0.0
0.536311,1.0
0.517222,0.0
0.517227,1.0
0.516395,0.0
0.527,1.0
0.517227,0.0
0.53391,0.0
0.522945,0.0
0.530643,1.0
0.540815,0.0
0.56077,1.0
0.533224,0.0
0.523303,1.0
0.564828,1.0
0.539192,1.0
0.526442,0.0
0.530024,1.0
0.524902,1.0
0.528993,0.0
0.530184,0.0
0.536826,0.0
0.550025,1.0
0.523112,1.0
0.529215,1.0
0.527483,0.0
0.529979,1.0
0.523905,0.0
0.530034,1.0
0.518653,0.0
0.517667,1.0
0.526447,0.0
0.517382,1.0
0.525767,0.0
0.538001,0.0
0.526701,1.0
0.518229,0.0
0.521316,0.0
0.517623,0.0
0.529046,1.0
0.523577,1.0
0.516802,0.0
0.515699,0.0
0.530057,0.0
0.516184,0.0
0.524457,1.0
0.530032,0.0
0.532992,0.0
0.526238,1.0
0.519629,1.0
0.514073,1.0
0.52997,1.0
0.516235,1.0
0.532183,1.0
0.529348,0.0
0.532572,0.0
0.529115,0.0
0.531675,0.0
0.520879,0.0
0.537966,0.0
0.533147,0.0
0.523343,1.0
0.529236,0.0
0.524639,0.0
0.517586,1.0
0.537224,1.0
0.518884,0.0
0.536455,0.0
0.516119,1.0
0.530265,1.0
0.516896,0.0
0.531805,0.0
0.518107,0.0
0.523681,0.0
0.517699,0.0
0.746657,1.0
0.726712,1.0
0.68338,1.0
0.668822,1.0
0.728913,0.0
0.730626,1.0
0.329619,1.0
0.334212,0.0
0.665513,1.0
0.742105,0.0
0.409677,0.0
0.65779,0.0
0.672495,1.0
0.700135,1.0
0.332321,0.0
0.335321,0.0
0.500398,1.0
0.744696,1.0
0.734004,1.0
0.369832,0.0
0.735299,1.0
0.730348,1.0
0.728277,1.0
0.739364,1.0
0.331593,1.0
0.34713,0.0
0.396721,1.0
0.731528,1.0
0.742894,1.0
0.737011,1.0
0.677765,1.0
0.745947,1.0
0.352436,1.0
0.680604,1.0
0.665513,0.0
0.488429,0.0
0.480071,0.0
0.374585,0.0
0.68001,0.0
0.482525,0.0
0.388344,1.0
0.677957,1.0
0.338281,0.0
0.683928,1.0
0.330021,0.0
0.332871,0.0
0.411196,0.0
0.61763,1.0
0.675537,1.0
0.666626,1.0
0.686032,1.0
0.337159,0.0
0.679854,1.0
0.338441,0.0
0.746253,1.0
0.741736,1.0
0.672062,1.0
0.743154,1.0
0.670594,1.0
0.654854,1.0
0.680094,1.0
0.748714,0.0
0.719628,1.0
0.733914,1.0
0.333993,0.0
0.680383,1.0
0.74144,1.0
0.730626,1.0
0.676507,1.0
0.737056,1.0
0.678981,1.0
0.333105,0.0
0.348732,0.0
0.677025,1.0
0.707522,1.0
0.729976,0.0
0.337066,0.0
0.731642,1.0
0.375432,0.0
0.331219,0.0
0.339477,1.0
0.330541,0.0
0.334131,0.0
0.710537,1.0
0.659557,0.0
0.372907,0.0
0.674814,1.0
0.329981,0.0
0.678922,1.0
0.717494,1.0
0.373773,0.0
0.747632,1.0
0.395706,0.0
0.729441,1.0
0.667723,0.0
0.73871,1.0
0.670145,1.0
0.714193,0.0
0.679809,1.0
0.741582,1.0
0.792692,1.0
0.813216,1.0
0.737301,1.0
0.711526,1.0
0.785437,0.0
0.788099,1.0
0.372724,1.0
0.303923,0.0
0.706562,0.0
0.783187,1.0
0.348112,0.0
0.652487,0.0
0.735066,1.0
0.761699,1.0
0.305356,0.0
0.304705,0.0
0.527882,1.0
0.789319,1.0
0.788801,1.0
0.32406,1.0
0.786056,1.0
0.787539,0.0
0.782005,1.0
0.796575,1.0
0.374427,0.0
0.310417,0.0
0.420001,0.0
0.784579,1.0
0.789837,1.0
0.801492,0.0
0.714047,1.0
0.79217,1.0
0.386195,1.0
0.729258,1.0
0.688329,0.0
0.417206,0.0
0.348416,0.0
0.326576,0.0
0.717225,0.0
0.345072,1.0
0.410737,1.0
0.717743,1.0
0.309288,0.0
0.722469,1.0
0.303962,0.0
0.305591,0.0
0.347422,0.0
0.641949,1.0
0.726789,1.0
0.711159,0.0
0.717072,1.0
0.308677,0.0
0.725562,1.0
0.309371,0.0
0.792019,1.0
0.792208,1.0
0.721623,1.0
0.789763,1.0
0.725963,1.0
0.691416,1.0
0.715434,1.0
0.780857,0.0
0.76693,1.0
0.806827,1.0
0.306587,0.0
0.726504,1.0
0.798335,1.0
0.788099,1.0
0.709044,1.0
0.786443,0.0
0.722292,1.0
0.305849,0.0
0.310885,0.0
0.716934,1.0
0.768852,1.0
0.792322,1.0
0.308631,0.0
0.783817,1.0
0.328271,0.0
0.304311,0.0
0.37783,0.0
0.304142,1.0
0.303878,1.0
0.766906,0.0
0.664858,1.0
0.325601,1.0
0.730605,1.0
0.303729,0.0
0.723238,1.0
0.775014,1.0
0.323003,0.0
0.791697,1.0
0.337002,0.0
0.78382,1.0
0.689819,0.0
0.801509,1.0
0.704529,1.0
0.772124,0.0
0.728037,1.0
0.790744,1.0
0.360577,0.0
0.363767,0.0
0.693187,1.0
0.715223,1.0
0.387237,0.0
0.399484,1.0
0.573006,0.0
0.577899,1.0
0.717548,1.0
0.36987,0.0
0.578806,1.0
0.687568,1.0
0.713211,1.0
0.530685,1.0
0.577679,0.0
0.577888,1.0
0.570153,0.0
0.359254,1.0
0.38364,0.0
0.576962,1.0
0.396166,1.0
0.403257,0.0
0.413195,0.0
0.365778,0.0
0.578301,1.0
0.578041,1.0
0.579754,0.0
0.400467,1.0
0.362253,1.0
0.363487,0.0
0.715795,1.0
0.362725,0.0
0.573138,0.0
0.714181,0.0
0.71511,1.0
0.579677,0.0
0.580449,1.0
0.578274,0.0
0.708644,0.0
0.580803,0.0
0.573064,0.0
0.717141,0.0
0.577706,0.0
0.69675,1.0
0.57764,0.0
0.577688,0.0
0.578882,1.0
0.657859,0.0
0.718902,1.0
0.71725,1.0
0.696756,0.0
0.577699,1.0
0.715879,1.0
0.577708,1.0
0.360696,0.0
0.35919,0.0
0.712026,0.0
0.361397,0.0
0.714263,1.0
0.710475,1.0
0.7095,1.0
0.364311,0.0
0.456701,0.0
0.36038,1.0
0.577674,1.0
0.70893,1.0
0.362011,0.0
0.399484,1.0
0.710189,0.0
0.393711,0.0
0.713989,0.0
0.577676,1.0
0.578091,0.0
0.712506,1.0
0.476791,0.0
0.375881,0.0
0.577698,0.0
0.396025,0.0
0.57822,0.0
0.577676,1.0
0.578572,1.0
0.576947,0.0
0.577307,1.0
0.501974,0.0
0.702289,1.0
0.576973,0.0
0.706982,1.0
0.577661,0.0
0.71748,1.0
0.441838,1.0
0.578586,1.0
0.359894,0.0
0.578736,0.0
0.397466,0.0
0.714676,1.0
0.360383,0.0
0.713854,0.0
0.460864,0.0
0.711363,0.0
0.367164,1.0
0.784447,1.0
0.804647,1.0
0.739013,1.0
0.715919,1.0
0.786771,1.0
0.795305,1.0
0.431249,1.0
0.317658,1.0
0.708222,1.0
0.78772,1.0
0.321489,0.0
0.678648,1.0
0.738469,1.0
0.773738,1.0
0.304533,1.0
0.317804,1.0
0.594413,1.0
0.792092,1.0
0.782626,1.0
0.388173,0.0
0.792717,1.0
0.779195,1.0
0.780037,1.0
0.788944,1.0
0.360866,0.0
0.317974,0.0
0.360392,1.0
0.791937,1.0
0.792912,1.0
0.788932,1.0
0.717676,1.0
0.784161,1.0
0.438395,1.0
0.714348,1.0
0.703317,0.0
0.319533,0.0
0.28288,1.0
0.305189,0.0
0.710145,0.0
0.318391,1.0
0.454265,1.0
0.70223,1.0
0.305148,1.0
0.72407,1.0
0.304386,1.0
0.304528,0.0
0.320388,0.0
0.646339,1.0
0.730546,1.0
0.711542,1.0
0.703165,1.0
0.319403,1.0
0.728881,1.0
0.319466,0.0
0.783895,1.0
0.783747,1.0
0.706742,1.0
0.781486,1.0
0.729994,1.0
0.699489,0.0
0.718323,1.0
0.780176,1.0
0.770481,1.0
0.80952,1.0
0.319081,0.0
0.72919,1.0
0.789982,1.0
0.795305,1.0
0.693711,1.0
0.776848,1.0
0.707357,1.0
0.318874,1.0
0.303592,1.0
0.719991,1.0
0.773854,1.0
0.796385,1.0
0.305094,0.0
0.779287,1.0
0.305934,0.0
0.318546,0.0
0.361069,0.0
0.367502,1.0
0.382503,1.0
0.766273,1.0
0.688128,0.0
0.372218,0.0
0.733636,1.0
0.304281,1.0
0.726768,1.0
0.786472,1.0
0.317926,0.0
0.783417,1.0
0.304913,1.0
0.779732,1.0
0.704692,1.0
0.793048,1.0
0.690581,1.0
0.781661,1.0
0.713918,1.0
0.795011,1.0
0.525271,1.0
0.527553,0.0
0.527107,0.0
0.525768,1.0
0.524168,1.0
0.52433,0.0
0.537133,1.0
0.531146,1.0
0.526342,0.0
0.525118,0.0
0.537659,1.0
0.530644,1.0
0.527364,1.0
0.520909,1.0
0.529671,0.0
0.531156,0.0
0.538546,1.0
0.525909,0.0
0.523961,1.0
0.540956,1.0
0.524145,1.0
0.522715,1.0
0.522451,0.0
0.52555,1.0
0.539869,0.0
0.537355,1.0
0.533315,0.0
0.523675,0.0
0.525804,1.0
0.525556,0.0
0.525174,1.0
0.525102,1.0
0.537598,1.0
0.52412,1.0
0.52707,1.0
0.537126,0.0
0.529093,1.0
0.536165,0.0
0.523874,1.0
0.530558,1.0
0.538574,1.0
0.52353,1.0
0.529716,1.0
0.52551,1.0
0.529659,1.0
0.536076,0.0
0.537595,1.0
0.537266,0.0
0.526337,1.0
0.526082,0.0
0.522555,0.0
0.531261,1.0
0.526101,0.0
0.537429,1.0
0.525124,0.0
0.525225,1.0
0.524328,1.0
0.524813,0.0
0.527022,1.0
0.527106,1.0
0.525173,1.0
0.524334,1.0
0.520041,1.0
0.527979,0.0
0.537399,1.0
0.526119,0.0
0.525912,1.0
0.52433,1.0
0.52342,1.0
0.522603,1.0
0.523398,1.0
0.53122,1.0
0.52963,1.0
0.525446,1.0
0.520327,1.0
0.525897,1.0
0.536115,0.0
0.52305,0.0
0.536209,1.0
0.537362,1.0
0.539899,0.0
0.533389,0.0
0.534827,1.0
0.519001,1.0
0.527936,0.0
0.539636,1.0
0.52698,1.0
0.529653,0.0
0.525973,0.0
0.521984,1.0
0.537395,1.0
0.525171,0.0
0.529754,1.0
0.522993,1.0
0.526843,1.0
0.526338,0.0
0.524159,0.0
0.521583,0.0
0.52445,1.0
0.525714,0.0
0.669419,1.0
0.659252,1.0
0.595842,1.0
0.600477,0.0
0.667454,1.0
0.655472,1.0
0.543677,1.0
0.591186,0.0
0.593451,0.0
0.659411,1.0
0.631674,0.0
0.595788,0.0
0.602414,1.0
0.645482,0.0
0.596556,0.0
0.591906,1.0
0.562494,1.0
0.659807,1.0
0.667699,0.0
0.610546,1.0
0.665352,1.0
0.666304,1.0
0.65642,1.0
0.668863,1.0
0.623819,1.0
0.631318,1.0
0.578305,0.0
0.655098,1.0
0.668722,0.0
0.660284,1.0
0.599882,1.0
0.669172,0.0
0.540397,0.0
0.603424,1.0
0.600075,0.0
0.637055,1.0
0.605466,1.0
0.637054,1.0
0.603601,1.0
0.591913,0.0
0.533112,1.0
0.601013,1.0
0.595597,1.0
0.602826,1.0
0.595721,1.0
0.636582,0.0
0.631937,1.0
0.565151,1.0
0.601083,0.0
0.592594,1.0
0.597253,0.0
0.590679,1.0
0.59281,0.0
0.630883,1.0
0.660462,0.0
0.669682,1.0
0.603316,1.0
0.660447,1.0
0.60222,1.0
0.598806,1.0
0.600584,0.0
0.669099,1.0
0.661244,0.0
0.658389,1.0
0.630898,1.0
0.594031,0.0
0.669227,0.0
0.664938,0.0
0.600077,0.0
0.666706,1.0
0.602785,0.0
0.590786,0.0
0.596207,0.0
0.600403,1.0
0.660181,0.0
0.668147,1.0
0.636528,1.0
0.657844,1.0
0.634656,0.0
0.630968,1.0
0.623919,1.0
0.570875,1.0
0.565297,0.0
0.657383,1.0
0.590949,0.0
0.615665,1.0
0.603257,1.0
0.596603,1.0
0.592645,0.0
0.66038,1.0
0.63175,1.0
0.660532,1.0
0.596523,1.0
0.666612,1.0
0.601976,0.0
0.660283,1.0
0.59376,1.0
0.652819,1.0
0.604738,1.0
0.658626,1.0
0.541252,1.0
0.546805,1.0
0.60665,0.0
0.598898,1.0
0.541299,0.0
0.546058,1.0
0.575389,0.0
0.587622,1.0
0.598023,1.0
0.541549,1.0
0.599538,0.0
0.594484,0.0
0.607942,1.0
0.542911,1.0
0.588392,1.0
0.595047,0.0
0.534599,1.0
0.545409,0.0
0.536245,1.0
0.603102,1.0
0.545633,0.0
0.539,1.0
0.53906,0.0
0.542456,1.0
0.605272,1.0
0.605162,1.0
0.584473,1.0
0.544819,0.0
0.54158,1.0
0.541689,0.0
0.602664,1.0
0.53683,1.0
0.567385,0.0
0.600453,1.0
0.598048,1.0
0.606139,1.0
0.597291,0.0
0.605648,1.0
0.599417,0.0
0.586932,0.0
0.568534,1.0
0.597975,0.0
0.594274,1.0
0.603568,0.0
0.594278,0.0
0.599665,0.0
0.605428,1.0
0.583837,0.0
0.60175,1.0
0.601927,0.0
0.590206,0.0
0.594243,0.0
0.600808,1.0
0.60511,1.0
0.536335,0.0
0.541117,0.0
0.599428,1.0
0.539825,1.0
0.606429,1.0
0.601007,0.0
0.598462,1.0
0.539336,1.0
0.532722,0.0
0.550427,0.0
0.605097,1.0
0.600991,0.0
0.53865,0.0
0.542056,0.0
0.591547,1.0
0.538044,0.0
0.594497,1.0
0.587541,0.0
0.587737,0.0
0.603146,0.0
0.534327,1.0
0.544686,1.0
0.605506,1.0
0.538943,1.0
0.599114,0.0
0.605091,0.0
0.605309,0.0
0.58831,0.0
0.58145,1.0
0.536965,1.0
0.595037,1.0
0.602444,1.0
0.606913,0.0
0.595,0.0
0.600433,1.0
0.544443,1.0
0.605277,0.0
0.540484,0.0
0.594619,1.0
0.539439,0.0
0.598689,0.0
0.543513,1.0
0.596237,1.0
0.540124,1.0
0.600803,0.0
0.545974,1.0
0.750639,1.0
0.769396,1.0
0.704474,1.0
0.707393,1.0
0.752341,0.0
0.770921,1.0
0.466542,0.0
0.389231,0.0
0.6986,0.0
0.752502,1.0
0.349383,0.0
0.680867,0.0
0.708998,1.0
0.786472,1.0
0.384518,0.0
0.363605,0.0
0.724803,1.0
0.763744,1.0
0.769312,1.0
0.341864,0.0
0.769274,1.0
0.745854,1.0
0.745265,1.0
0.755572,0.0
0.336208,0.0
0.338947,1.0
0.396204,1.0
0.76662,1.0
0.787711,0.0
0.750366,1.0
0.687751,1.0
0.77001,1.0
0.494193,1.0
0.674147,1.0
0.69248,0.0
0.335768,0.0
0.359953,0.0
0.337468,0.0
0.661227,0.0
0.388147,0.0
0.522334,1.0
0.662399,1.0
0.374173,0.0
0.690603,1.0
0.370294,0.0
0.349016,1.0
0.338129,0.0
0.653528,0.0
0.721142,1.0
0.678774,0.0
0.67887,0.0
0.369421,0.0
0.717642,1.0
0.339047,0.0
0.766224,1.0
0.749018,1.0
0.668475,1.0
0.745113,1.0
0.701108,1.0
0.668926,1.0
0.708227,1.0
0.745306,0.0
0.760525,1.0
0.78259,1.0
0.339095,0.0
0.715367,1.0
0.774983,1.0
0.791716,1.0
0.677634,1.0
0.74186,0.0
0.687583,1.0
0.385503,0.0
0.385737,0.0
0.68784,1.0
0.766216,1.0
0.764146,1.0
0.337844,0.0
0.744432,0.0
0.351137,0.0
0.33554,0.0
0.332549,1.0
0.387585,0.0
0.410954,0.0
0.74054,0.0
0.682059,0.0
0.345371,0.0
0.701747,1.0
0.364743,1.0
0.71562,1.0
0.767779,1.0
0.335048,0.0
0.746059,1.0
0.372861,0.0
0.746557,1.0
0.696749,0.0
0.757145,1.0
0.655138,1.0
0.750568,1.0
0.672041,0.0
0.768643,0.0
0.661043,0.0
0.661067,1.0
0.593777,0.0
0.59087,0.0
0.673856,1.0
0.659664,1.0
0.558429,1.0
0.606611,0.0
0.605413,1.0
0.66075,0.0
0.627765,1.0
0.60566,1.0
0.592541,1.0
0.649378,0.0
0.609231,0.0
0.620875,1.0
0.640559,1.0
0.661462,0.0
0.65994,1.0
0.630455,0.0
0.660178,0.0
0.660006,1.0
0.660022,1.0
0.673765,1.0
0.63308,1.0
0.620171,1.0
0.588348,0.0
0.659887,0.0
0.670998,0.0
0.661496,1.0
0.591291,1.0
0.660395,1.0
0.521521,1.0
0.59303,1.0
0.6067,0.0
0.633258,1.0
0.622613,0.0
0.63247,0.0
0.610532,0.0
0.608425,0.0
0.511489,1.0
0.592103,1.0
0.614422,1.0
0.593002,1.0
0.617451,1.0
0.61606,0.0
0.632151,1.0
0.598041,1.0
0.59079,0.0
0.6069,0.0
0.608252,1.0
0.617895,0.0
0.590596,0.0
0.631725,1.0
0.660991,1.0
0.661566,0.0
0.593306,1.0
0.660882,1.0
0.592566,1.0
0.593096,1.0
0.59076,0.0
0.674111,0.0
0.658138,0.0
0.661017,1.0
0.631702,0.0
0.591628,1.0
0.660731,1.0
0.658539,0.0
0.591279,0.0
0.673806,1.0
0.592189,0.0
0.609846,0.0
0.609705,0.0
0.591825,0.0
0.657312,0.0
0.660843,1.0
0.632297,0.0
0.673422,1.0
0.626938,0.0
0.634168,1.0
0.624501,1.0
0.60843,0.0
0.594228,0.0
0.670031,1.0
0.60621,0.0
0.628776,1.0
0.593327,1.0
0.607625,0.0
0.590537,0.0
0.658078,1.0
0.63439,1.0
0.66137,1.0
0.615104,0.0
0.660491,1.0
0.60653,0.0
0.661258,1.0
0.591915,1.0
0.658589,1.0
0.609491,1.0
0.672897,0.0
0.517518,0.0
0.514899,1.0
0.512563,0.0
0.511711,1.0
0.517577,1.0
0.513988,0.0
0.539187,1.0
0.535892,0.0
0.513528,0.0
0.517097,0.0
0.533257,1.0
0.517249,1.0
0.511183,1.0
0.508297,0.0
0.535707,0.0
0.533736,1.0
0.51253,1.0
0.515546,0.0
0.514327,1.0
0.534204,1.0
0.514133,0.0
0.51786,0.0
0.51775,0.0
0.517525,0.0
0.533053,0.0
0.535748,1.0
0.540176,0.0
0.514417,1.0
0.512452,1.0
0.517689,0.0
0.513847,1.0
0.514551,0.0
0.543069,0.0
0.516639,1.0
0.516001,0.0
0.533068,1.0
0.534675,0.0
0.534117,0.0
0.520152,0.0
0.535513,1.0
0.542501,1.0
0.517833,0.0
0.534406,1.0
0.513718,1.0
0.534012,0.0
0.53795,0.0
0.533142,1.0
0.522143,0.0
0.509574,1.0
0.51688,0.0
0.516304,0.0
0.535,1.0
0.509949,0.0
0.533173,0.0
0.515087,0.0
0.517682,1.0
0.517466,0.0
0.518531,0.0
0.512357,0.0
0.517138,0.0
0.511387,0.0
0.518729,0.0
0.514562,0.0
0.512896,1.0
0.534165,0.0
0.509594,0.0
0.513815,0.0
0.510611,0.0
0.516117,0.0
0.51903,0.0
0.514835,0.0
0.535391,0.0
0.535438,1.0
0.514477,0.0
0.513715,1.0
0.515399,0.0
0.53413,0.0
0.51874,0.0
0.534292,1.0
0.532878,0.0
0.535337,0.0
0.535694,0.0
0.536737,0.0
0.518039,0.0
0.517553,0.0
0.533361,0.0
0.512261,1.0
0.538633,0.0
0.510228,1.0
0.513837,0.0
0.532863,1.0
0.518381,1.0
0.53547,0.0
0.517719,0.0
0.514858,0.0
0.516763,1.0
0.519043,0.0
0.516562,0.0
0.517867,0.0
0.515316,0.0
0.352032,0.0
0.349936,1.0
0.733408,1.0
0.731571,1.0
0.346641,1.0
0.359046,1.0
0.582014,1.0
0.58036,0.0
0.734195,1.0
0.352534,0.0
0.581524,1.0
0.727734,1.0
0.729482,1.0
0.375727,1.0
0.580264,1.0
0.581645,1.0
0.373518,0.0
0.354477,0.0
0.351147,1.0
0.582063,1.0
0.357166,0.0
0.354312,0.0
0.354661,0.0
0.353707,0.0
0.578909,1.0
0.57997,1.0
0.579438,1.0
0.349604,0.0
0.350999,0.0
0.353695,0.0
0.730829,1.0
0.357472,0.0
0.573733,1.0
0.728972,1.0
0.734205,1.0
0.581224,1.0
0.579871,1.0
0.579543,0.0
0.73311,1.0
0.582706,1.0
0.564739,0.0
0.734247,1.0
0.581687,1.0
0.728919,1.0
0.579307,1.0
0.579039,1.0
0.581273,1.0
0.722695,1.0
0.731304,1.0
0.735224,1.0
0.731513,1.0
0.582389,1.0
0.735592,1.0
0.578914,1.0
0.356808,0.0
0.344195,0.0
0.733346,0.0
0.352766,0.0
0.73403,1.0
0.733684,1.0
0.735579,1.0
0.350158,0.0
0.357996,1.0
0.352407,0.0
0.579591,0.0
0.733563,1.0
0.358292,1.0
0.361339,1.0
0.735007,0.0
0.35248,0.0
0.734939,0.0
0.580319,1.0
0.582667,0.0
0.73579,1.0
0.352273,0.0
0.356664,0.0
0.579547,1.0
0.352954,0.0
0.582191,1.0
0.578907,0.0
0.577559,1.0
0.580194,0.0
0.580668,1.0
0.357376,1.0
0.733104,1.0
0.57901,1.0
0.729034,1.0
0.579074,0.0
0.73164,0.0
0.36078,0.0
0.581268,1.0
0.345529,0.0
0.580004,1.0
0.354393,0.0
0.734653,1.0
0.347579,1.0
0.733855,0.0
0.357185,0.0
0.732692,1.0
0.354611,0.0
0.663101,0.0
0.662767,1.0
0.5971,1.0
0.595938,0.0
0.665342,1.0
0.661748,1.0
0.601628,1.0
0.619287,0.0
0.597542,0.0
0.662799,1.0
0.612745,1.0
0.599484,1.0
0.595342,1.0
0.657334,0.0
0.607039,0.0
0.612218,1.0
0.658475,1.0
0.66195,1.0
0.662337,1.0
0.604007,0.0
0.661069,0.0
0.662242,1.0
0.662152,0.0
0.661827,1.0
0.614842,1.0
0.58187,1.0
0.568294,0.0
0.661274,1.0
0.65956,0.0
0.6619,1.0
0.596562,1.0
0.658712,0.0
0.518279,1.0
0.598556,1.0
0.599569,1.0
0.611599,1.0
0.607315,0.0
0.618942,0.0
0.600859,1.0
0.604763,1.0
0.519924,1.0
0.598757,1.0
0.610695,1.0
0.59696,1.0
0.614743,1.0
0.577065,0.0
0.611628,0.0
0.599157,1.0
0.594562,1.0
0.598822,1.0
0.598945,1.0
0.604038,0.0
0.59466,0.0
0.614596,1.0
0.65942,0.0
0.663229,0.0
0.595973,1.0
0.662527,1.0
0.596397,1.0
0.599486,1.0
0.595501,0.0
0.663598,0.0
0.664108,0.0
0.657124,0.0
0.619029,0.0
0.593736,1.0
0.661094,1.0
0.66062,0.0
0.594231,0.0
0.663067,1.0
0.594445,0.0
0.608183,1.0
0.61695,1.0
0.597201,0.0
0.660564,0.0
0.660052,0.0
0.606818,0.0
0.662914,1.0
0.604694,1.0
0.627427,1.0
0.587943,1.0
0.61896,1.0
0.607154,1.0
0.664825,0.0
0.599551,0.0
0.614615,1.0
0.596349,0.0
0.585299,1.0
0.591677,0.0
0.658507,1.0
0.612445,1.0
0.662472,1.0
0.606049,1.0
0.662164,1.0
0.598935,1.0
0.664516,1.0
0.595629,1.0
0.661126,1.0
0.600043,1.0
0.66186,1.0
0.666973,1.0
0.679671,0.0
0.61197,1.0
0.590057,0.0
0.682214,1.0
0.678562,0.0
0.599557,1.0
0.595745,0.0
0.590403,1.0
0.689774,1.0
0.605219,1.0
0.61192,1.0
0.609816,1.0
0.655965,0.0
0.581058,1.0
0.605023,1.0
0.686042,1.0
0.689377,0.0
0.679271,0.0
0.577299,1.0
0.666745,0.0
0.689114,1.0
0.666804,1.0
0.689009,1.0
0.606827,1.0
0.582957,1.0
0.552986,1.0
0.689131,0.0
0.666738,1.0
0.689002,1.0
0.610719,0.0
0.666057,0.0
0.52466,0.0
0.613174,1.0
0.61289,0.0
0.604299,0.0
0.58074,1.0
0.594648,0.0
0.616247,1.0
0.601034,1.0
0.565515,1.0
0.613048,1.0
0.60416,1.0
0.611274,1.0
0.607142,1.0
0.558749,0.0
0.58226,1.0
0.613074,0.0
0.609576,0.0
0.613327,1.0
0.612823,1.0
0.577753,0.0
0.589402,0.0
0.606699,1.0
0.666302,0.0
0.66708,0.0
0.620594,0.0
0.689352,1.0
0.610072,1.0
0.612471,0.0
0.589711,1.0
0.666551,0.0
0.660023,1.0
0.665638,0.0
0.594732,0.0
0.608056,1.0
0.678093,0.0
0.658189,1.0
0.596249,0.0
0.689625,0.0
0.596784,0.0
0.603822,0.0
0.614417,0.0
0.590536,0.0
0.666479,0.0
0.666454,1.0
0.58005,0.0
0.689544,0.0
0.600443,0.0
0.619858,1.0
0.588625,1.0
0.61621,0.0
0.603689,0.0
0.660039,1.0
0.591806,0.0
0.606786,1.0
0.590839,1.0
0.596023,0.0
0.596083,0.0
0.68674,0.0
0.604845,1.0
0.689564,1.0
0.602336,0.0
0.689053,0.0
0.612453,1.0
0.68128,1.0
0.620409,0.0
0.688421,1.0
0.614295,0.0
0.689349,1.0
0.343576,0.0
0.350753,1.0
0.736807,1.0
0.744775,1.0
0.339866,0.0
0.351035,0.0
0.580629,1.0
0.578402,1.0
0.735855,1.0
0.345111,0.0
0.580182,1.0
0.734506,0.0
0.736135,1.0
0.355424,0.0
0.581866,1.0
0.580211,1.0
0.35044,0.0
0.35613,0.0
0.351112,0.0
0.581993,1.0
0.35487,0.0
0.342895,0.0
0.341211,0.0
0.341567,0.0
0.580088,1.0
0.581251,1.0
0.583216,1.0
0.356572,1.0
0.33777,1.0
0.341425,0.0
0.744111,1.0
0.351313,0.0
0.584722,0.0
0.736898,1.0
0.742528,1.0
0.579731,1.0
0.581836,1.0
0.578296,0.0
0.736163,1.0
0.580541,1.0
0.474626,0.0
0.73727,1.0
0.580273,0.0
0.736687,1.0
0.580122,1.0
0.58285,0.0
0.581644,1.0
0.737711,0.0
0.74428,1.0
0.737335,1.0
0.736234,0.0
0.581833,1.0
0.7449,1.0
0.580098,1.0
0.351729,1.0
0.357585,1.0
0.741607,1.0
0.342669,0.0
0.736129,0.0
0.742635,1.0
0.737832,1.0
0.358698,0.0
0.339475,0.0
0.350207,0.0
0.5783,0.0
0.735865,1.0
0.349617,0.0
0.333761,1.0
0.743516,0.0
0.357645,0.0
0.743706,0.0
0.579928,1.0
0.577037,0.0
0.745266,1.0
0.355978,0.0
0.337296,0.0
0.581645,1.0
0.357385,1.0
0.580068,0.0
0.577389,0.0
0.580958,1.0
0.577049,0.0
0.579989,1.0
0.34146,0.0
0.742836,1.0
0.580104,0.0
0.7363,1.0
0.577071,0.0
0.744488,1.0
0.353691,0.0
0.580175,1.0
0.342825,0.0
0.579999,0.0
0.356145,1.0
0.736429,1.0
0.337598,0.0
0.741569,0.0
0.3422,0.0
0.742774,0.0
0.343015,0.0
0.659887,1.0
0.662975,0.0
0.594172,1.0
0.593685,0.0
0.659314,1.0
0.659861,1.0
0.609416,1.0
0.587417,1.0
0.590823,0.0
0.660724,0.0
0.609995,0.0
0.589706,0.0
0.592474,1.0
0.656159,0.0
0.60233,0.0
0.610034,1.0
0.659649,1.0
0.662337,1.0
0.660233,1.0
0.600521,0.0
0.661304,0.0
0.660544,1.0
0.658871,0.0
0.660356,1.0
0.610568,1.0
0.60233,1.0
0.595058,0.0
0.665009,0.0
0.659959,0.0
0.660359,1.0
0.595436,1.0
0.65984,0.0
0.557616,0.0
0.595117,1.0
0.597207,1.0
0.594409,1.0
0.601963,1.0
0.598551,0.0
0.597337,1.0
0.609508,0.0
0.627676,1.0
0.595097,1.0
0.621983,1.0
0.593605,1.0
0.6109,1.0
0.59151,1.0
0.601517,0.0
0.592817,1.0
0.594738,0.0
0.595366,1.0
0.59104,0.0
0.584601,0.0
0.592909,0.0
0.610551,1.0
0.662715,0.0
0.664716,1.0
0.598302,1.0
0.660609,1.0
0.588755,1.0
0.596872,1.0
0.590852,0.0
0.661735,0.0
0.656827,0.0
0.659054,1.0
0.598601,1.0
0.591082,1.0
0.659433,1.0
0.655278,0.0
0.592798,0.0
0.66224,1.0
0.593249,0.0
0.595471,1.0
0.606668,0.0
0.594767,1.0
0.661228,0.0
0.657132,1.0
0.585395,1.0
0.665137,1.0
0.605938,0.0
0.623013,1.0
0.605045,1.0
0.607795,1.0
0.5958,1.0
0.657555,0.0
0.595734,1.0
0.622726,1.0
0.591118,1.0
0.599179,1.0
0.595385,1.0
0.661626,1.0
0.60977,1.0
0.660646,1.0
0.607205,1.0
0.665176,0.0
0.594838,1.0
0.658423,1.0
0.594048,1.0
0.660114,1.0
0.594287,1.0
0.660554,1.0
0.332431,0.0
0.351588,0.0
0.737239,1.0
0.745199,1.0
0.330183,0.0
0.329305,1.0
0.584018,1.0
0.585828,1.0
0.741587,1.0
0.350528,1.0
0.583456,0.0
0.738263,0.0
0.735346,1.0
0.346763,1.0
0.584208,1.0
0.583937,1.0
0.337321,0.0
0.337083,0.0
0.329635,0.0
0.584358,1.0
0.348716,0.0
0.333393,0.0
0.346806,0.0
0.332229,1.0
0.583881,1.0
0.584584,1.0
0.584762,1.0
0.357712,1.0
0.349996,0.0
0.332114,0.0
0.738613,1.0
0.345857,0.0
0.573718,0.0
0.737626,1.0
0.737747,1.0
0.585429,1.0
0.584672,1.0
0.574326,0.0
0.737766,1.0
0.583529,1.0
0.389682,0.0
0.738103,1.0
0.57504,1.0
0.736813,1.0
0.583859,1.0
0.575396,0.0
0.584258,1.0
0.731195,0.0
0.74558,1.0
0.738181,1.0
0.740885,0.0
0.58591,1.0
0.745072,1.0
0.583884,1.0
0.35149,0.0
0.343274,0.0
0.738103,1.0
0.333293,0.0
0.731068,1.0
0.737807,1.0
0.743855,1.0
0.352496,1.0
0.345622,1.0
0.327625,1.0
0.574336,0.0
0.734676,1.0
0.328034,0.0
0.347999,1.0
0.742753,0.0
0.33891,0.0
0.742789,0.0
0.585357,1.0
0.574124,0.0
0.738985,1.0
0.349387,0.0
0.327138,0.0
0.586199,1.0
0.345118,1.0
0.574869,0.0
0.574315,1.0
0.584363,1.0
0.574293,1.0
0.585335,1.0
0.346434,1.0
0.737327,1.0
0.575012,0.0
0.734198,1.0
0.574015,0.0
0.738528,0.0
0.332977,0.0
0.583953,1.0
0.333459,0.0
0.575064,0.0
0.357354,0.0
0.736648,1.0
0.328317,0.0
0.73546,1.0
0.332478,1.0
0.734952,1.0
0.333578,0.0
0.685379,1.0
0.69851,0.0
0.611098,1.0
0.625151,1.0
0.672566,0.0
0.672601,1.0
0.382435,0.0
0.388781,0.0
0.597556,0.0
0.730689,0.0
0.382787,0.0
0.593402,1.0
0.587964,1.0
0.672221,0.0
0.399268,1.0
0.382927,0.0
0.690645,1.0
0.70923,0.0
0.667685,0.0
0.399691,0.0
0.70089,1.0
0.68883,0.0
0.687412,1.0
0.693673,0.0
0.382894,0.0
0.383896,0.0
0.398448,1.0
0.754619,0.0
0.686685,1.0
0.684575,0.0
0.626556,1.0
0.681747,1.0
0.396822,0.0
0.623489,1.0
0.640935,0.0
0.386292,0.0
0.382971,1.0
0.388607,0.0
0.66616,0.0
0.39894,0.0
0.692907,1.0
0.633006,1.0
0.381635,0.0
0.604654,0.0
0.382732,0.0
0.369099,0.0
0.399973,0.0
0.610545,1.0
0.631637,1.0
0.640484,1.0
0.602018,1.0
0.402713,0.0
0.615518,1.0
0.382884,0.0
0.698242,1.0
0.724357,1.0
0.679042,1.0
0.690299,1.0
0.574751,1.0
0.638641,1.0
0.605099,1.0
0.743982,0.0
0.680952,1.0
0.667,1.0
0.373086,0.0
0.580209,1.0
0.661316,1.0
0.667587,1.0
0.641159,1.0
0.717556,1.0
0.633036,1.0
0.385639,0.0
0.387947,1.0
0.627287,1.0
0.704398,0.0
0.656723,1.0
0.385937,0.0
0.743436,1.0
0.384851,0.0
0.384275,0.0
0.383298,0.0
0.388161,1.0
0.385441,0.0
0.687676,0.0
0.630022,0.0
0.365518,0.0
0.578325,1.0
0.374751,0.0
0.610627,1.0
0.684165,1.0
0.383067,0.0
0.691392,1.0
0.369047,1.0
0.741558,1.0
0.616976,0.0
0.664098,1.0
0.664291,1.0
0.691723,1.0
0.626383,1.0
0.691726,1.0
0.85821,1.0
0.838315,1.0
0.805207,1.0
0.787058,1.0
0.864901,0.0
0.86899,1.0
0.333349,1.0
0.335184,0.0
0.805107,0.0
0.803406,1.0
0.33163,0.0
0.816083,1.0
0.829553,1.0
0.862651,1.0
0.41996,0.0
0.333691,0.0
0.851463,0.0
0.828811,0.0
0.869672,1.0
0.339802,0.0
0.841718,1.0
0.848919,1.0
0.855001,1.0
0.84226,1.0
0.333714,0.0
0.333657,0.0
0.418701,1.0
0.778699,1.0
0.855785,0.0
0.853245,0.0
0.786717,1.0
0.86075,1.0
0.338927,1.0
0.790579,0.0
0.756673,1.0
0.334313,0.0
0.410841,1.0
0.336817,0.0
0.732964,1.0
0.340184,0.0
0.837898,1.0
0.778767,1.0
0.33603,0.0
0.802828,1.0
0.333643,0.0
0.327753,0.0
0.340058,0.0
0.7957,1.0
0.781541,1.0
0.768161,1.0
0.813178,1.0
0.339949,0.0
0.798948,1.0
0.333707,0.0
0.844328,1.0
0.819185,1.0
0.728581,1.0
0.85331,1.0
0.841593,1.0
0.768936,1.0
0.809595,1.0
0.789787,0.0
0.859779,1.0
0.874486,1.0
0.330746,0.0
0.837747,1.0
0.881336,1.0
0.872858,1.0
0.769786,1.0
0.826022,1.0
0.780558,1.0
0.334017,0.0
0.417088,1.0
0.7866,1.0
0.832464,1.0
0.885471,1.0
0.333294,0.0
0.796718,1.0
0.334944,0.0
0.337831,0.0
0.333519,1.0
0.418065,1.0
0.333927,0.0
0.847202,1.0
0.768102,1.0
0.327398,0.0
0.839649,1.0
0.331885,0.0
0.806264,1.0
0.859238,1.0
0.333754,0.0
0.852251,1.0
0.40552,1.0
0.800457,1.0
0.783894,0.0
0.878633,1.0
0.741525,1.0
0.849903,1.0
0.785956,1.0
0.851957,0.0
0.683225,1.0
0.693138,1.0
0.612616,1.0
0.627687,1.0
0.665962,1.0
0.675677,1.0
0.352681,1.0
0.284995,0.0
0.593102,0.0
0.728461,0.0
0.286973,0.0
0.594603,1.0
0.591505,1.0
0.673624,1.0
0.364379,0.0
0.285523,0.0
0.684291,1.0
0.69725,0.0
0.665234,1.0
0.285451,0.0
0.698536,1.0
0.683039,0.0
0.686327,1.0
0.691512,1.0
0.285553,0.0
0.285193,0.0
0.447322,1.0
0.752912,1.0
0.682225,1.0
0.675857,1.0
0.627638,1.0
0.681367,1.0
0.358381,0.0
0.618785,1.0
0.638033,1.0
0.285016,0.0
0.443155,0.0
0.290018,0.0
0.662807,0.0
0.286037,0.0
0.694877,1.0
0.634053,1.0
0.288037,0.0
0.602895,1.0
0.285541,0.0
0.287507,0.0
0.285582,0.0
0.609763,1.0
0.633803,1.0
0.641773,0.0
0.601348,1.0
0.284568,0.0
0.61823,1.0
0.28555,0.0
0.696323,1.0
0.719386,0.0
0.680805,1.0
0.687579,1.0
0.58008,1.0
0.64016,0.0
0.608489,1.0
0.736978,0.0
0.684386,1.0
0.670797,1.0
0.289071,0.0
0.584704,1.0
0.662855,1.0
0.672614,1.0
0.638029,1.0
0.712673,1.0
0.630045,1.0
0.284961,0.0
0.455413,1.0
0.62826,1.0
0.698237,1.0
0.65908,1.0
0.284243,0.0
0.744199,1.0
0.289418,0.0
0.288821,0.0
0.352567,1.0
0.450663,0.0
0.284945,1.0
0.687299,0.0
0.627639,1.0
0.288149,0.0
0.583072,1.0
0.289626,0.0
0.607933,1.0
0.682219,1.0
0.285534,0.0
0.688551,1.0
0.446468,0.0
0.737555,1.0
0.609245,0.0
0.665097,1.0
0.665789,1.0
0.69303,0.0
0.627404,1.0
0.685138,1.0
0.509946,1.0
0.513595,1.0
0.579135,1.0
0.582464,1.0
0.504391,0.0
0.506755,0.0
0.593771,0.0
0.621508,1.0
0.579823,1.0
0.53211,0.0
0.620812,0.0
0.5729,0.0
0.57172,1.0
0.505225,1.0
0.611555,1.0
0.621339,0.0
0.512973,1.0
0.523159,0.0
0.501458,1.0
0.621665,1.0
0.5163,0.0
0.515045,0.0
0.5113,0.0
0.512912,1.0
0.621335,1.0
0.621397,1.0
0.576366,1.0
0.53516,0.0
0.512129,1.0
0.508817,1.0
0.582836,1.0
0.509159,1.0
0.607402,0.0
0.583956,1.0
0.586246,1.0
0.621462,1.0
0.59397,0.0
0.620493,1.0
0.599319,0.0
0.62158,0.0
0.513391,1.0
0.585249,1.0
0.62099,1.0
0.574989,0.0
0.621333,1.0
0.620518,0.0
0.621655,1.0
0.577868,0.0
0.584945,1.0
0.592354,0.0
0.575508,1.0
0.621828,1.0
0.579508,1.0
0.621335,1.0
0.515379,1.0
0.529388,0.0
0.598267,1.0
0.511774,1.0
0.567451,0.0
0.592059,1.0
0.576236,0.0
0.537026,1.0
0.510489,1.0
0.504543,1.0
0.620376,1.0
0.568348,0.0
0.500882,1.0
0.505413,1.0
0.586652,1.0
0.521703,0.0
0.584949,0.0
0.621457,1.0
0.573539,0.0
0.582825,1.0
0.515644,1.0
0.499125,1.0
0.621548,1.0
0.53275,1.0
0.620514,1.0
0.62094,0.0
0.593806,1.0
0.59251,0.0
0.608998,1.0
0.516786,1.0
0.58229,0.0
0.620383,1.0
0.568368,1.0
0.620329,0.0
0.576987,1.0
0.50953,0.0
0.62134,0.0
0.512173,1.0
0.592363,1.0
0.530538,0.0
0.5859,1.0
0.501925,0.0
0.59438,0.0
0.519583,1.0
0.584775,0.0
0.513301,0.0
0.681761,1.0
0.683231,1.0
0.615501,1.0
0.615658,0.0
0.681115,1.0
0.681516,1.0
0.594145,1.0
0.666387,1.0
0.610857,0.0
0.68714,1.0
0.665072,1.0
0.612828,1.0
0.612614,1.0
0.679323,1.0
0.648976,1.0
0.666065,1.0
0.683675,1.0
0.6843,0.0
0.677662,1.0
0.6668,0.0
0.685746,0.0
0.679757,1.0
0.683591,0.0
0.683039,1.0
0.666025,1.0
0.666139,1.0
0.544817,1.0
0.69206,1.0
0.68346,1.0
0.681952,1.0
0.616175,1.0
0.681367,0.0
0.636262,1.0
0.618071,1.0
0.617684,1.0
0.666276,1.0
0.599968,1.0
0.664602,1.0
0.620611,1.0
0.666695,1.0
0.68148,1.0
0.617371,1.0
0.665463,1.0
0.614797,1.0
0.66602,1.0
0.664456,1.0
0.666788,1.0
0.61496,1.0
0.616997,0.0
0.616685,0.0
0.613944,1.0
0.66711,1.0
0.614638,1.0
0.666025,1.0
0.684098,0.0
0.686165,1.0
0.622167,1.0
0.682601,1.0
0.611697,1.0
0.615529,1.0
0.614437,1.0
0.688303,0.0
0.681913,1.0
0.679279,1.0
0.66425,1.0
0.611944,1.0
0.677518,1.0
0.679577,0.0
0.617982,1.0
0.688016,1.0
0.61883,0.0
0.666259,1.0
0.536805,1.0
0.616052,1.0
0.684091,0.0
0.676683,1.0
0.666412,1.0
0.690395,1.0
0.664597,0.0
0.665443,1.0
0.595266,1.0
0.595293,1.0
0.633757,1.0
0.679254,0.0
0.616559,0.0
0.664196,1.0
0.611207,1.0
0.664192,1.0
0.614197,1.0
0.682797,1.0
0.666069,1.0
0.682783,1.0
0.596087,1.0
0.69099,0.0
0.614016,1.0
0.679298,1.0
0.62214,1.0
0.680724,1.0
0.619092,1.0
0.685317,1.0
0.330183,0.0
0.331422,0.0
0.735403,0.0
0.744395,0.0
0.328165,0.0
0.328933,1.0
0.578327,0.0
0.579182,0.0
0.739978,1.0
0.335681,0.0
0.579097,1.0
0.731944,0.0
0.733398,1.0
0.329069,0.0
0.579992,1.0
0.579164,1.0
0.332695,1.0
0.348303,0.0
0.327634,0.0
0.578,1.0
0.348757,1.0
0.328539,1.0
0.347475,0.0
0.33104,0.0
0.579168,1.0
0.579168,1.0
0.579856,0.0
0.341467,0.0
0.331444,1.0
0.329927,0.0
0.736746,1.0
0.347359,0.0
0.579241,0.0
0.736088,0.0
0.735941,1.0
0.579175,1.0
0.579657,1.0
0.579126,0.0
0.735743,0.0
0.579218,1.0
0.337298,0.0
0.73671,1.0
0.579175,1.0
0.733846,1.0
0.579167,1.0
0.579055,0.0
0.579222,1.0
0.732904,1.0
0.744588,1.0
0.743086,0.0
0.73365,0.0
0.579222,1.0
0.736595,1.0
0.579168,1.0
0.348858,0.0
0.334489,0.0
0.737611,1.0
0.33079,0.0
0.731308,0.0
0.735851,0.0
0.735428,1.0
0.354072,0.0
0.330737,0.0
0.328512,1.0
0.579076,1.0
0.732593,1.0
0.327533,1.0
0.346934,1.0
0.736399,0.0
0.334427,0.0
0.743085,1.0
0.579172,0.0
0.572898,0.0
0.736974,0.0
0.348948,0.0
0.327114,0.0
0.579168,0.0
0.340776,1.0
0.577918,0.0
0.579184,0.0
0.579228,1.0
0.579586,0.0
0.578493,1.0
0.347218,1.0
0.74252,0.0
0.579048,0.0
0.732468,0.0
0.579082,0.0
0.734962,0.0
0.329775,0.0
0.579164,1.0
0.330913,0.0
0.579396,0.0
0.353477,1.0
0.733371,0.0
0.327289,0.0
0.736806,1.0
0.330897,0.0
0.73534,0.0
0.331261,0.0
0.535725,0.0
0.535019,0.0
0.536705,0.0
0.532036,1.0
0.536576,1.0
0.531849,1.0
0.536748,1.0
0.531881,0.0
0.530339,1.0
0.532219,0.0
0.530759,1.0
0.5366,1.0
0.534356,1.0
0.536576,0.0
0.531294,0.0
0.530707,0.0
0.529757,0.0
0.532353,0.0
0.537268,1.0
0.532149,0.0
0.527172,1.0
0.531791,0.0
0.53362,1.0
0.535125,1.0
0.530903,0.0
0.530898,1.0
0.543061,0.0
0.529019,0.0
0.530244,0.0
0.535729,0.0
0.529606,1.0
0.534087,0.0
0.53298,0.0
0.534791,0.0
0.528193,0.0
0.53089,1.0
0.533097,0.0
0.531977,0.0
0.532128,0.0
0.530664,1.0
0.533192,1.0
0.528982,0.0
0.530921,0.0
0.533031,1.0
0.530903,0.0
0.531779,0.0
0.530852,0.0
0.530792,1.0
0.526758,1.0
0.531039,0.0
0.537357,0.0
0.530838,1.0
0.530697,0.0
0.530903,1.0
0.532677,0.0
0.532974,1.0
0.523221,1.0
0.535346,0.0
0.539198,1.0
0.533109,1.0
0.531779,1.0
0.527966,0.0
0.535587,0.0
0.532316,0.0
0.530996,0.0
0.534704,0.0
0.533074,0.0
0.530051,0.0
0.53332,0.0
0.53305,1.0
0.527716,0.0
0.531891,0.0
0.543551,0.0
0.53423,0.0
0.532607,1.0
0.537613,1.0
0.531886,0.0
0.52379,0.0
0.533493,1.0
0.53169,0.0
0.535378,0.0
0.534665,0.0
0.533029,0.0
0.529163,1.0
0.531409,1.0
0.532029,0.0
0.539185,1.0
0.531778,0.0
0.536519,0.0
0.535804,0.0
0.530707,0.0
0.535264,0.0
0.535399,0.0
0.522185,1.0
0.53525,1.0
0.537193,0.0
0.525113,0.0
0.535289,0.0
0.535382,0.0
0.534782,1.0
0.330909,0.0
0.331556,0.0
0.728657,1.0
0.726766,0.0
0.321406,0.0
0.32627,0.0
0.575358,0.0
0.574475,0.0
0.726295,1.0
0.33446,0.0
0.58354,0.0
0.718007,0.0
0.723547,1.0
0.330478,0.0
0.58145,1.0
0.581011,1.0
0.337211,0.0
0.334419,0.0
0.321055,1.0
0.582278,1.0
0.331483,0.0
0.334684,0.0
0.324737,0.0
0.322608,0.0
0.581142,1.0
0.583645,0.0
0.564186,0.0
0.33905,0.0
0.336312,0.0
0.330729,0.0
0.728384,1.0
0.332785,0.0
0.57461,0.0
0.73011,0.0
0.733973,1.0
0.58364,0.0
0.582597,1.0
0.574463,0.0
0.731012,0.0
0.583488,1.0
0.326166,1.0
0.734713,0.0
0.581154,1.0
0.724699,1.0
0.581142,0.0
0.574516,0.0
0.581114,1.0
0.724916,0.0
0.730961,1.0
0.732307,1.0
0.726343,0.0
0.58361,1.0
0.73402,1.0
0.583648,0.0
0.334355,0.0
0.325072,0.0
0.731413,1.0
0.331208,0.0
0.716397,1.0
0.723752,0.0
0.726396,0.0
0.340367,0.0
0.331277,1.0
0.33446,0.0
0.581195,0.0
0.729561,0.0
0.33393,0.0
0.337009,0.0
0.730637,0.0
0.325091,0.0
0.735636,0.0
0.574473,1.0
0.55442,0.0
0.730768,1.0
0.325884,0.0
0.320865,0.0
0.574471,0.0
0.343821,1.0
0.576744,0.0
0.57455,0.0
0.58458,1.0
0.574736,0.0
0.58259,1.0
0.328977,0.0
0.725643,1.0
0.57444,1.0
0.717396,1.0
0.574525,0.0
0.727879,0.0
0.330991,1.0
0.581011,1.0
0.331266,0.0
0.57433,0.0
0.337862,0.0
0.720287,0.0
0.329841,0.0
0.735855,0.0
0.331261,0.0
0.729389,0.0
0.323003,0.0
0.357379,0.0
0.356048,1.0
0.743963,1.0
0.727625,0.0
0.358698,0.0
0.356367,1.0
0.555182,0.0
0.558076,1.0
0.74619,1.0
0.350739,0.0
0.559779,1.0
0.72631,1.0
0.743697,1.0
0.359163,1.0
0.595396,1.0
0.595136,1.0
0.35395,1.0
0.351119,0.0
0.383046,0.0
0.596219,1.0
0.348577,1.0
0.356628,1.0
0.353243,1.0
0.355904,1.0
0.595291,1.0
0.559728,1.0
0.54344,1.0
0.344837,1.0
0.353976,0.0
0.35738,0.0
0.746885,1.0
0.354366,0.0
0.558025,1.0
0.72671,1.0
0.747882,1.0
0.559729,1.0
0.596294,1.0
0.558047,0.0
0.726737,1.0
0.595879,1.0
0.381293,1.0
0.728018,1.0
0.595299,1.0
0.744497,1.0
0.560073,1.0
0.558161,1.0
0.595259,1.0
0.727346,0.0
0.748844,1.0
0.747503,1.0
0.72614,1.0
0.596034,1.0
0.74689,1.0
0.559728,1.0
0.351729,1.0
0.351838,1.0
0.749819,1.0
0.356673,1.0
0.741436,1.0
0.726892,1.0
0.727305,1.0
0.342915,0.0
0.381667,0.0
0.357403,0.0
0.560058,1.0
0.726789,1.0
0.358666,0.0
0.353734,1.0
0.727237,0.0
0.352054,1.0
0.727985,0.0
0.592491,1.0
0.52837,0.0
0.745712,1.0
0.351358,0.0
0.360638,1.0
0.558071,1.0
0.373768,1.0
0.557029,0.0
0.55821,1.0
0.598443,1.0
0.557878,1.0
0.596717,1.0
0.351952,1.0
0.746701,1.0
0.592535,1.0
0.741565,1.0
0.55817,0.0
0.726644,0.0
0.381873,0.0
0.595135,1.0
0.356508,0.0
0.55732,1.0
0.340431,1.0
0.726238,1.0
0.360117,0.0
0.727966,1.0
0.35668,0.0
0.7264,1.0
0.355246,1.0
0.316426,0.0
0.360092,0.0
0.749925,1.0
0.719813,0.0
0.315526,0.0
0.360212,1.0
0.548184,1.0
0.589071,0.0
0.750862,0.0
0.319905,0.0
0.590215,1.0
0.742606,0.0
0.74995,1.0
0.360197,0.0
0.602373,1.0
0.602262,1.0
0.361009,0.0
0.319724,0.0
0.319375,0.0
0.603085,1.0
0.36164,0.0
0.360028,0.0
0.360473,0.0
0.35988,0.0
0.602406,1.0
0.590244,1.0
0.583953,0.0
0.362832,0.0
0.318415,0.0
0.316291,0.0
0.752521,1.0
0.318043,0.0
0.589186,1.0
0.747247,0.0
0.751811,1.0
0.590242,0.0
0.602939,1.0
0.551933,0.0
0.747702,1.0
0.603185,1.0
0.365717,0.0
0.749607,0.0
0.602411,1.0
0.750552,1.0
0.59013,1.0
0.589062,0.0
0.602378,1.0
0.716458,0.0
0.753731,1.0
0.751862,0.0
0.744375,1.0
0.603337,1.0
0.752415,1.0
0.590245,1.0
0.360841,0.0
0.360395,1.0
0.752924,1.0
0.360016,0.0
0.746479,1.0
0.746656,1.0
0.748154,1.0
0.325885,0.0
0.321344,0.0
0.316626,0.0
0.590146,0.0
0.745895,1.0
0.316105,0.0
0.360802,1.0
0.717659,0.0
0.360467,1.0
0.721907,0.0
0.601309,0.0
0.505394,0.0
0.751274,1.0
0.319354,0.0
0.360136,0.0
0.589071,0.0
0.368693,0.0
0.550315,0.0
0.589057,0.0
0.605044,1.0
0.589347,0.0
0.603604,1.0
0.360699,0.0
0.751175,1.0
0.601367,0.0
0.747242,1.0
0.552058,0.0
0.714254,0.0
0.321043,0.0
0.602261,1.0
0.316781,0.0
0.589364,1.0
0.364622,0.0
0.744125,1.0
0.315361,0.0
0.750197,0.0
0.316764,0.0
0.746642,1.0
0.359958,0.0
0.658362,1.0
0.650824,1.0
0.590137,1.0
0.59291,0.0
0.657098,1.0
0.652734,1.0
0.57661,1.0
0.583435,0.0
0.586342,0.0
0.661946,0.0
0.569346,1.0
0.581165,0.0
0.589842,1.0
0.648727,0.0
0.564528,0.0
0.564558,1.0
0.652622,1.0
0.661783,1.0
0.65811,1.0
0.562782,1.0
0.655176,0.0
0.650673,1.0
0.652188,0.0
0.650395,1.0
0.56419,1.0
0.569023,1.0
0.538316,0.0
0.657236,0.0
0.660503,0.0
0.658354,1.0
0.591497,1.0
0.660107,0.0
0.571178,0.0
0.585826,1.0
0.592618,1.0
0.580815,1.0
0.563546,0.0
0.596812,1.0
0.59253,1.0
0.561786,1.0
0.652672,1.0
0.586885,1.0
0.564186,1.0
0.590186,1.0
0.571716,1.0
0.583692,0.0
0.56426,1.0
0.591464,1.0
0.592978,1.0
0.588162,1.0
0.587538,1.0
0.561389,1.0
0.59063,0.0
0.569019,1.0
0.653591,0.0
0.65543,1.0
0.595044,1.0
0.650404,1.0
0.587505,1.0
0.589406,1.0
0.588163,1.0
0.664671,0.0
0.660268,0.0
0.658541,1.0
0.583486,1.0
0.587085,1.0
0.657773,0.0
0.654993,0.0
0.593337,0.0
0.655316,1.0
0.595494,0.0
0.576397,1.0
0.516244,0.0
0.590252,0.0
0.661278,0.0
0.647183,1.0
0.583421,1.0
0.659264,1.0
0.592051,0.0
0.583828,1.0
0.557681,1.0
0.582052,1.0
0.561309,0.0
0.65321,1.0
0.591104,0.0
0.576218,1.0
0.587827,1.0
0.597166,1.0
0.591025,1.0
0.660046,1.0
0.564559,1.0
0.658878,1.0
0.568769,1.0
0.658659,1.0
0.588143,1.0
0.656661,1.0
0.589664,1.0
0.658796,1.0
0.590036,1.0
0.650833,1.0
0.322948,1.0
0.322552,0.0
0.732551,1.0
0.738973,1.0
0.32226,0.0
0.32702,1.0
0.584397,1.0
0.573078,1.0
0.73842,1.0
0.343561,0.0
0.591479,1.0
0.730183,1.0
0.7326,1.0
0.342494,1.0
0.592169,0.0
0.592737,1.0
0.323871,0.0
0.32565,0.0
0.322817,0.0
0.592986,1.0
0.343803,1.0
0.322447,0.0
0.342803,0.0
0.322334,0.0
0.5928,1.0
0.591536,1.0
0.566019,1.0
0.344971,1.0
0.342898,0.0
0.322849,0.0
0.736229,1.0
0.342765,0.0
0.590715,1.0
0.726356,1.0
0.736236,1.0
0.572464,1.0
0.592247,1.0
0.566963,1.0
0.7325,1.0
0.593395,1.0
0.324823,0.0
0.729757,1.0
0.592799,1.0
0.733508,1.0
0.590969,0.0
0.573088,0.0
0.592789,1.0
0.727821,0.0
0.738234,0.0
0.731805,1.0
0.728176,0.0
0.59347,1.0
0.743819,1.0
0.591536,1.0
0.343051,0.0
0.328505,0.0
0.738671,0.0
0.322368,0.0
0.728982,1.0
0.731089,0.0
0.732144,1.0
0.346952,0.0
0.342873,0.0
0.323086,0.0
0.572684,1.0
0.729598,1.0
0.34196,0.0
0.347345,1.0
0.737098,1.0
0.328507,0.0
0.740295,1.0
0.5747,1.0
0.466828,0.0
0.742549,1.0
0.343414,1.0
0.321572,0.0
0.572298,0.0
0.331331,0.0
0.567001,0.0
0.572326,1.0
0.593747,1.0
0.5723,0.0
0.592658,1.0
0.323869,0.0
0.742997,1.0
0.574705,1.0
0.729613,1.0
0.567036,0.0
0.726397,1.0
0.324123,0.0
0.592737,1.0
0.323242,0.0
0.591567,1.0
0.330352,0.0
0.728396,0.0
0.322061,0.0
0.732051,0.0
0.323219,0.0
0.730576,0.0
0.322525,0.0
0.383877,1.0
0.364326,1.0
0.742015,1.0
0.744886,1.0
0.363224,0.0
0.384622,1.0
0.598573,1.0
0.596179,0.0
0.74479,1.0
0.355871,0.0
0.59936,1.0
0.741259,1.0
0.742113,1.0
0.386334,1.0
0.562371,1.0
0.599092,1.0
0.362803,1.0
0.357933,0.0
0.362434,1.0
0.599164,1.0
0.382391,0.0
0.36448,0.0
0.361628,1.0
0.364684,0.0
0.599115,1.0
0.599395,1.0
0.5947,1.0
0.380444,1.0
0.357952,0.0
0.362047,0.0
0.744932,1.0
0.358447,0.0
0.602406,1.0
0.739859,1.0
0.745905,1.0
0.593875,1.0
0.602221,1.0
0.591951,1.0
0.742801,1.0
0.599378,1.0
0.362848,1.0
0.741781,1.0
0.599115,1.0
0.742846,1.0
0.561228,1.0
0.554546,1.0
0.599111,1.0
0.726608,1.0
0.728122,1.0
0.743584,1.0
0.725578,1.0
0.599406,1.0
0.746513,1.0
0.599395,1.0
0.360071,0.0
0.360343,1.0
0.728129,1.0
0.364686,0.0
0.740736,1.0
0.726736,1.0
0.742218,1.0
0.349379,0.0
0.358508,1.0
0.361844,0.0
0.593758,1.0
0.740834,1.0
0.361101,0.0
0.383186,1.0
0.743948,1.0
0.360478,0.0
0.745934,1.0
0.594285,1.0
0.398426,0.0
0.745589,1.0
0.381624,1.0
0.367114,0.0
0.55516,1.0
0.352232,1.0
0.550687,0.0
0.59371,1.0
0.599407,1.0
0.555119,0.0
0.602413,1.0
0.36206,0.0
0.747221,1.0
0.594293,1.0
0.740703,1.0
0.552488,0.0
0.74056,0.0
0.36044,0.0
0.599092,1.0
0.361511,1.0
0.59949,1.0
0.353321,0.0
0.726296,1.0
0.363608,1.0
0.726634,1.0
0.361615,1.0
0.725544,1.0
0.364311,0.0
0.895465,1.0
0.908825,1.0
0.856005,1.0
0.826923,1.0
0.896749,0.0
0.897698,1.0
0.440476,1.0
0.423596,1.0
0.834773,1.0
0.861869,1.0
0.423362,1.0
0.865291,1.0
0.856306,1.0
0.897143,1.0
0.414804,1.0
0.415988,1.0
0.903508,1.0
0.877898,1.0
0.90295,1.0
0.415611,1.0
0.861378,1.0
0.900691,1.0
0.892942,1.0
0.901378,0.0
0.415958,1.0
0.423454,1.0
0.50405,1.0
0.857762,1.0
0.870055,1.0
0.892829,1.0
0.832364,1.0
0.87196,1.0
0.432623,1.0
0.870645,1.0
0.818065,0.0
0.432241,1.0
0.424408,1.0
0.438886,0.0
0.840873,1.0
0.416336,1.0
0.902385,1.0
0.857989,1.0
0.415954,0.0
0.85093,1.0
0.412251,0.0
0.430237,0.0
0.415967,0.0
0.861144,1.0
0.82769,1.0
0.841647,1.0
0.88039,1.0
0.416318,0.0
0.820962,1.0
0.423454,1.0
0.877926,1.0
0.89477,1.0
0.796659,1.0
0.90136,1.0
0.868692,1.0
0.865742,1.0
0.859925,1.0
0.833873,1.0
0.881869,1.0
0.89208,1.0
0.430464,0.0
0.869583,1.0
0.881975,1.0
0.874755,1.0
0.830161,1.0
0.885904,1.0
0.80822,1.0
0.425773,0.0
0.755794,1.0
0.828574,1.0
0.866915,1.0
0.908746,1.0
0.422211,0.0
0.864419,1.0
0.427169,1.0
0.431889,0.0
0.414878,1.0
0.407138,1.0
0.424526,0.0
0.892572,1.0
0.810414,1.0
0.425802,1.0
0.868615,1.0
0.413748,1.0
0.846663,1.0
0.887018,1.0
0.415988,0.0
0.899983,1.0
0.424334,0.0
0.858764,1.0
0.8736,0.0
0.906734,1.0
0.849211,1.0
0.900286,0.0
0.871635,1.0
0.900172,1.0
0.567454,1.0
0.569679,1.0
0.623877,1.0
0.619865,1.0
0.572555,0.0
0.567825,0.0
0.582214,0.0
0.581949,0.0
0.618754,1.0
0.562982,1.0
0.585119,0.0
0.621027,0.0
0.623557,1.0
0.56772,1.0
0.584942,1.0
0.586288,1.0
0.568833,1.0
0.566034,1.0
0.568775,1.0
0.586358,1.0
0.562608,1.0
0.570004,1.0
0.567201,1.0
0.573289,1.0
0.586296,1.0
0.585108,1.0
0.571022,1.0
0.560712,1.0
0.564561,1.0
0.568674,1.0
0.620269,1.0
0.564921,0.0
0.58402,0.0
0.625167,1.0
0.62112,1.0
0.583153,1.0
0.58536,1.0
0.59845,1.0
0.622668,0.0
0.586267,1.0
0.568426,1.0
0.623127,1.0
0.602365,1.0
0.62252,0.0
0.601179,0.0
0.598162,1.0
0.602363,1.0
0.621181,0.0
0.620816,1.0
0.620501,1.0
0.624843,1.0
0.602349,0.0
0.61871,1.0
0.585108,1.0
0.566036,0.0
0.567499,0.0
0.618198,1.0
0.57012,1.0
0.623524,0.0
0.622456,1.0
0.62231,1.0
0.557169,1.0
0.56535,1.0
0.568549,0.0
0.59983,1.0
0.623555,1.0
0.56676,1.0
0.563899,1.0
0.620746,1.0
0.567479,1.0
0.619347,1.0
0.600545,1.0
0.529111,0.0
0.619693,1.0
0.56245,1.0
0.571319,1.0
0.599172,1.0
0.56229,0.0
0.578476,0.0
0.599623,1.0
0.58651,1.0
0.5827,0.0
0.601603,1.0
0.568634,1.0
0.615818,0.0
0.584236,1.0
0.624115,0.0
0.58107,1.0
0.623198,1.0
0.567667,1.0
0.602358,0.0
0.568315,1.0
0.601227,1.0
0.562414,0.0
0.625757,0.0
0.569354,1.0
0.622872,1.0
0.571402,1.0
0.625677,1.0
0.569921,1.0
0.894091,1.0
0.905525,1.0
0.856965,1.0
0.832504,1.0
0.885177,1.0
0.895234,1.0
0.437289,0.0
0.439691,1.0
0.839017,0.0
0.85962,0.0
0.424332,0.0
0.861931,0.0
0.857198,1.0
0.895145,1.0
0.431911,0.0
0.424,1.0
0.901658,1.0
0.873755,1.0
0.901202,1.0
0.423649,1.0
0.856982,1.0
0.892458,1.0
0.893329,1.0
0.88953,1.0
0.423949,0.0
0.428472,1.0
0.501669,1.0
0.862018,1.0
0.866748,1.0
0.886138,1.0
0.837358,1.0
0.867714,1.0
0.425622,1.0
0.868154,1.0
0.819866,0.0
0.439732,0.0
0.424767,1.0
0.34328,0.0
0.842647,0.0
0.423847,0.0
0.900877,1.0
0.858359,1.0
0.330136,0.0
0.851166,1.0
0.334267,0.0
0.346155,0.0
0.330144,0.0
0.860272,1.0
0.835531,1.0
0.844989,0.0
0.876454,1.0
0.326476,1.0
0.827277,1.0
0.428472,0.0
0.872823,1.0
0.894405,1.0
0.808116,1.0
0.89298,1.0
0.865142,1.0
0.865442,1.0
0.859991,1.0
0.834219,1.0
0.884574,1.0
0.884922,1.0
0.338645,0.0
0.867509,1.0
0.876894,1.0
0.876763,1.0
0.835226,1.0
0.880416,1.0
0.815913,1.0
0.336563,1.0
0.764008,1.0
0.833904,1.0
0.870105,1.0
0.898785,1.0
0.345406,0.0
0.869686,1.0
0.462957,0.0
0.339174,0.0
0.422791,1.0
0.443816,0.0
0.328964,1.0
0.885913,1.0
0.815854,1.0
0.434738,0.0
0.865195,1.0
0.456492,1.0
0.841198,1.0
0.881376,1.0
0.326698,0.0
0.898979,1.0
0.332376,0.0
0.856479,1.0
0.865586,1.0
0.90401,1.0
0.852869,1.0
0.896019,0.0
0.870178,1.0
0.892031,1.0
0.56804,1.0
0.569601,1.0
0.624584,1.0
0.621522,1.0
0.566921,0.0
0.56839,1.0
0.598088,0.0
0.578902,1.0
0.623192,1.0
0.566058,1.0
0.600115,0.0
0.624136,0.0
0.624256,1.0
0.568191,1.0
0.598391,1.0
0.583629,1.0
0.569058,1.0
0.565033,0.0
0.569016,1.0
0.583691,1.0
0.562325,0.0
0.567809,1.0
0.567944,1.0
0.567385,1.0
0.600126,1.0
0.582894,1.0
0.569988,1.0
0.563172,0.0
0.563931,1.0
0.566897,0.0
0.621819,1.0
0.564264,1.0
0.58356,0.0
0.625263,1.0
0.622367,1.0
0.597583,1.0
0.583672,0.0
0.612812,0.0
0.626686,0.0
0.600152,1.0
0.568802,1.0
0.623714,1.0
0.614067,1.0
0.623326,1.0
0.613514,0.0
0.611971,0.0
0.614066,1.0
0.621454,0.0
0.622569,1.0
0.624658,1.0
0.624598,1.0
0.601073,1.0
0.620664,1.0
0.599482,1.0
0.56508,0.0
0.568273,1.0
0.62089,1.0
0.567886,1.0
0.623657,0.0
0.622701,1.0
0.622893,0.0
0.558224,1.0
0.566678,1.0
0.566903,1.0
0.613239,1.0
0.623778,1.0
0.565524,1.0
0.565517,1.0
0.622207,1.0
0.566059,1.0
0.621604,0.0
0.59938,1.0
0.538293,0.0
0.621359,1.0
0.564472,1.0
0.568691,1.0
0.611918,0.0
0.56459,1.0
0.590094,0.0
0.613201,1.0
0.583846,1.0
0.594382,0.0
0.60061,1.0
0.566869,1.0
0.617786,1.0
0.598363,1.0
0.624275,1.0
0.574988,1.0
0.622708,1.0
0.566196,1.0
0.614767,1.0
0.568715,1.0
0.613954,1.0
0.562416,1.0
0.622446,1.0
0.569394,1.0
0.623691,1.0
0.571247,1.0
0.625737,1.0
0.567751,1.0
0.503351,1.0
0.501955,0.0
0.495716,0.0
0.499049,1.0
0.506515,1.0
0.503324,0.0
0.536068,1.0
0.54073,0.0
0.498747,0.0
0.508252,0.0
0.535423,1.0
0.497276,1.0
0.495534,1.0
0.503304,0.0
0.537541,1.0
0.540285,0.0
0.502324,1.0
0.507731,0.0
0.502454,0.0
0.540266,0.0
0.509869,1.0
0.503483,1.0
0.503502,0.0
0.503976,1.0
0.53694,0.0
0.540524,1.0
0.545577,1.0
0.509242,0.0
0.506744,1.0
0.506229,0.0
0.497979,1.0
0.506684,0.0
0.539087,0.0
0.494575,0.0
0.501829,1.0
0.537889,1.0
0.5394,0.0
0.531634,1.0
0.501043,0.0
0.536928,1.0
0.502274,1.0
0.495537,0.0
0.53238,1.0
0.496104,1.0
0.531332,0.0
0.531867,1.0
0.53238,1.0
0.496942,0.0
0.498562,1.0
0.498279,1.0
0.493142,0.0
0.535213,1.0
0.499111,0.0
0.53716,1.0
0.507991,0.0
0.503387,1.0
0.502991,1.0
0.503434,0.0
0.495711,1.0
0.494738,1.0
0.496147,1.0
0.510854,0.0
0.504551,0.0
0.504487,0.0
0.532606,1.0
0.493637,1.0
0.505474,0.0
0.505603,0.0
0.499274,0.0
0.505005,1.0
0.50351,1.0
0.535781,0.0
0.518303,0.0
0.498404,0.0
0.50636,1.0
0.502712,1.0
0.531891,0.0
0.506412,0.0
0.538656,1.0
0.532616,1.0
0.540218,0.0
0.537232,0.0
0.535445,0.0
0.504321,1.0
0.500574,0.0
0.537595,0.0
0.494149,1.0
0.541715,0.0
0.497987,1.0
0.504855,1.0
0.532085,1.0
0.502725,0.0
0.532406,0.0
0.508045,1.0
0.49503,1.0
0.502106,0.0
0.497071,0.0
0.503788,0.0
0.494585,1.0
0.503554,0.0
0.541311,1.0
0.537876,0.0
0.540293,0.0
0.541636,1.0
0.540793,1.0
0.537187,0.0
0.534894,1.0
0.541594,0.0
0.537181,1.0
0.534174,0.0
0.534663,1.0
0.541141,1.0
0.543431,1.0
0.537217,0.0
0.535781,0.0
0.54079,1.0
0.541675,1.0
0.535741,0.0
0.537605,1.0
0.540774,0.0
0.539229,0.0
0.541206,1.0
0.537102,0.0
0.541006,0.0
0.535226,0.0
0.541315,0.0
0.545989,0.0
0.534876,0.0
0.539785,1.0
0.536624,1.0
0.541824,1.0
0.535229,1.0
0.539815,0.0
0.540959,0.0
0.539629,0.0
0.535802,1.0
0.540124,0.0
0.532859,0.0
0.538959,1.0
0.535353,1.0
0.541579,1.0
0.539907,0.0
0.533112,1.0
0.542759,1.0
0.5327,1.0
0.533032,1.0
0.533112,0.0
0.538732,0.0
0.54228,1.0
0.541408,1.0
0.540832,0.0
0.536922,0.0
0.537461,0.0
0.535439,1.0
0.535643,1.0
0.541301,1.0
0.541116,0.0
0.537054,0.0
0.542912,1.0
0.542558,1.0
0.542462,1.0
0.532461,1.0
0.53651,0.0
0.536472,1.0
0.533167,1.0
0.5432,0.0
0.535942,0.0
0.535961,1.0
0.538638,1.0
0.540568,0.0
0.541469,0.0
0.537081,0.0
0.523387,0.0
0.538025,1.0
0.540006,1.0
0.541526,1.0
0.532968,0.0
0.535406,1.0
0.537234,1.0
0.533165,0.0
0.540731,0.0
0.536032,0.0
0.536843,0.0
0.540865,1.0
0.535756,0.0
0.535542,0.0
0.543424,1.0
0.542744,0.0
0.542441,1.0
0.540618,1.0
0.532928,1.0
0.537465,1.0
0.532986,0.0
0.539126,0.0
0.542322,1.0
0.537781,1.0
0.539842,0.0
0.536862,0.0
0.54442,1.0
0.53699,0.0
0.906322,1.0
0.916251,1.0
0.881221,1.0
0.862765,1.0
0.900515,1.0
0.911641,1.0
0.378721,1.0
0.456661,1.0
0.862822,0.0
0.890394,1.0
0.378837,0.0
0.871798,1.0
0.875728,1.0
0.911835,1.0
0.380691,0.0
0.438295,1.0
0.90972,1.0
0.900815,1.0
0.91119,1.0
0.432997,1.0
0.889432,1.0
0.905482,0.0
0.911055,1.0
0.90704,1.0
0.373392,0.0
0.44251,0.0
0.486268,1.0
0.894557,1.0
0.892381,1.0
0.903563,1.0
0.865758,1.0
0.894624,1.0
0.421017,1.0
0.88553,1.0
0.854333,1.0
0.385028,0.0
0.424806,1.0
0.36839,1.0
0.864002,0.0
0.384108,1.0
0.909418,1.0
0.881286,1.0
0.377679,0.0
0.872817,1.0
0.370274,1.0
0.375107,0.0
0.372005,0.0
0.879557,1.0
0.864949,1.0
0.865099,1.0
0.888543,1.0
0.402719,1.0
0.866275,1.0
0.38408,0.0
0.896576,1.0
0.906221,1.0
0.853495,1.0
0.910812,1.0
0.877843,1.0
0.878125,1.0
0.875799,1.0
0.874155,1.0
0.907043,1.0
0.90346,1.0
0.377379,0.0
0.884571,1.0
0.903151,1.0
0.899735,1.0
0.864992,1.0
0.90309,1.0
0.856965,1.0
0.399219,0.0
0.818776,1.0
0.864982,1.0
0.894358,1.0
0.90834,1.0
0.365391,0.0
0.895874,1.0
0.395764,0.0
0.371652,1.0
0.43253,1.0
0.3782,1.0
0.397639,1.0
0.902372,0.0
0.858643,1.0
0.374063,1.0
0.879158,1.0
0.503418,0.0
0.867187,1.0
0.900146,1.0
0.376812,0.0
0.910237,1.0
0.367288,1.0
0.889819,1.0
0.877205,1.0
0.912374,1.0
0.87817,1.0
0.909372,0.0
0.880897,1.0
0.910386,1.0
0.512932,1.0
0.512932,0.0
0.512932,0.0
0.512932,1.0
0.512932,0.0
0.512932,1.0
0.512932,0.0
0.512932,0.0
0.512932,0.0
0.512932,0.0
0.512932,1.0
0.512932,0.0
0.512932,0.0
0.512932,1.0
0.512932,1.0
0.512932,0.0
0.512932,0.0
0.512932,1.0
0.512932,0.0
0.512932,1.0
0.512932,0.0
0.512932,1.0
0.512932,1.0
0.512932,0.0
0.512932,0.0
0.512932,0.0
0.512932,0.0
0.512932,0.0
0.512932,0.0
0.512932,0.0
0.512932,0.0
0.512932,1.0
0.512932,0.0
0.512932,0.0
0.512932,1.0
0.512932,0.0
0.512932,1.0
0.512932,0.0
0.512932,1.0
0.512932,0.0
0.512932,0.0
0.512932,1.0
0.512932,1.0
0.512932,1.0
0.512932,0.0
0.512932,0.0
0.512932,1.0
0.512932,1.0
0.512932,0.0
0.512932,1.0
0.512932,0.0
0.512932,0.0
0.512932,0.0
0.512932,0.0
0.512932,1.0
0.512932,1.0
0.512932,0.0
0.512932,1.0
0.512932,0.0
0.512932,0.0
0.512932,0.0
0.512932,0.0
0.512932,0.0
0.512932,1.0
0.512932,0.0
0.512932,1.0
0.512932,1.0
0.512932,0.0
0.512932,0.0
0.512932,1.0
0.512932,1.0
0.512932,0.0
0.512932,1.0
0.512932,0.0
0.512932,1.0
0.512932,0.0
0.512932,1.0
0.512932,0.0
0.512932,0.0
0.512932,0.0
0.512932,0.0
0.512932,0.0
0.512932,0.0
0.512932,0.0
0.512932,1.0
0.512932,0.0
0.512932,1.0
0.512932,1.0
0.512932,1.0
0.512932,1.0
0.512932,1.0
0.512932,1.0
0.512932,0.0
0.512932,0.0
0.512932,1.0
0.512932,1.0
0.512932,1.0
0.512932,0.0
0.512932,0.0
0.512932,0.0
0.518569,0.0
0.493895,0.0
0.493895,0.0
0.518569,1.0
0.493895,0.0
0.518569,1.0
0.493895,1.0
0.493895,0.0
0.493895,1.0
0.493895,1.0
0.518569,1.0
0.493895,1.0
0.493895,0.0
0.518569,1.0
0.518569,0.0
0.493895,1.0
0.493895,1.0
0.518569,1.0
0.493895,1.0
0.518569,1.0
0.493895,1.0
0.518569,1.0
0.518569,0.0
0.493895,0.0
0.493895,0.0
0.493895,1.0
0.493895,0.0
0.493895,0.0
0.493895,0.0
0.493895,1.0
0.493895,0.0
0.518569,0.0
0.493895,0.0
0.493895,1.0
0.518569,1.0
0.493895,0.0
0.518569,1.0
0.493895,0.0
0.518569,1.0
0.493895,0.0
0.493895,0.0
0.518569,1.0
0.518569,1.0
0.518569,1.0
0.493895,0.0
0.493895,0.0
0.518569,1.0
0.518569,1.0
0.493895,0.0
0.518569,1.0
0.493895,0.0
0.493895,1.0
0.493895,1.0
0.493895,0.0
0.518569,0.0
0.518569,1.0
0.493895,0.0
0.518569,1.0
0.493895,0.0
0.493895,1.0
0.493895,0.0
0.493895,0.0
0.493895,1.0
0.518569,1.0
0.493895,0.0
0.518569,1.0
0.518569,1.0
0.493895,0.0
0.493895,0.0
0.518569,1.0
0.518569,1.0
0.493895,0.0
0.518569,1.0
0.493895,0.0
0.518569,1.0
0.493895,0.0
0.518569,0.0
0.493895,1.0
0.493895,0.0
0.493895,0.0
0.493895,0.0
0.493895,0.0
0.493895,0.0
0.493895,1.0
0.518569,1.0
0.493895,0.0
0.518569,1.0
0.518569,1.0
0.518569,1.0
0.518569,1.0
0.518569,1.0
0.518569,1.0
0.493895,0.0
0.493895,0.0
0.518569,0.0
0.518569,0.0
0.518569,1.0
0.493895,1.0
0.493895,1.0
0.493895,0.0
0.521149,1.0
0.532489,0.0
0.532489,1.0
0.499922,0.0
0.532489,0.0
0.499922,1.0
0.511904,0.0
0.532489,0.0
0.511904,1.0
0.511904,1.0
0.499922,1.0
0.511904,1.0
0.532489,0.0
0.499922,1.0
0.521149,0.0
0.511904,1.0
0.511904,1.0
0.499922,1.0
0.511904,1.0
0.499922,1.0
0.511904,0.0
0.499922,0.0
0.521149,1.0
0.532489,1.0
0.532489,0.0
0.511904,0.0
0.532489,0.0
0.532489,1.0
0.532489,1.0
0.511904,1.0
0.532489,1.0
0.521149,1.0
0.532489,0.0
0.511904,0.0
0.499922,1.0
0.532489,1.0
0.499922,1.0
0.532489,1.0
0.499922,1.0
0.532489,1.0
0.532489,1.0
0.499922,1.0
0.499922,1.0
0.499922,1.0
0.532489,1.0
0.532489,0.0
0.499922,1.0
0.499922,1.0
0.532489,0.0
0.499922,0.0
0.532489,1.0
0.511904,1.0
0.511904,0.0
0.532489,0.0
0.521149,0.0
0.499922,1.0
0.532489,1.0
0.499922,1.0
0.532489,1.0
0.511904,0.0
0.532489,1.0
0.532489,0.0
0.511904,0.0
0.499922,1.0
0.532489,0.0
0.499922,1.0
0.499922,1.0
0.532489,1.0
0.532489,1.0
0.499922,0.0
0.499922,0.0
0.532489,0.0
0.499922,0.0
0.532489,1.0
0.499922,1.0
0.532489,1.0
0.521149,1.0
0.511904,1.0
0.532489,0.0
0.532489,1.0
0.532489,0.0
0.532489,1.0
0.532489,0.0
0.511904,0.0
0.499922,1.0
0.532489,1.0
0.499922,1.0
0.499922,1.0
0.499922,1.0
0.499922,0.0
0.499922,0.0
0.499922,1.0
0.532489,1.0
0.532489,0.0
0.521149,0.0
0.521149,0.0
0.499922,1.0
0.511904,0.0
0.511904,0.0
0.532489,0.0
0.560397,1.0
0.576364,0.0
0.558531,1.0
0.581833,1.0
0.576364,0.0
0.564084,1.0
0.580036,1.0
0.576364,1.0
0.562203,0.0
0.562203,1.0
0.564084,1.0
0.562203,0.0
0.576364,1.0
0.564084,0.0
0.578189,1.0
0.562203,1.0
0.562203,1.0
0.564084,0.0
0.562203,1.0
0.564084,1.0
0.580036,1.0
0.581833,0.0
0.560397,0.0
0.558531,0.0
0.576364,0.0
0.580036,0.0
0.576364,0.0
0.558531,1.0
0.558531,0.0
0.562203,1.0
0.558531,1.0
0.560397,0.0
0.576364,0.0
0.580036,1.0
0.564084,0.0
0.558531,1.0
0.564084,1.0
0.558531,1.0
0.564084,0.0
0.558531,1.0
0.558531,0.0
0.564084,1.0
0.564084,0.0
0.564084,1.0
0.558531,1.0
0.576364,1.0
0.564084,1.0
0.564084,1.0
0.576364,1.0
0.581833,1.0
0.558531,1.0
0.562203,1.0
0.580036,0.0
0.576364,1.0
0.578189,1.0
0.564084,1.0
0.558531,1.0
0.564084,0.0
0.558531,1.0
0.580036,1.0
0.558531,0.0
0.576364,1.0
0.580036,1.0
0.564084,0.0
0.576364,1.0
0.564084,0.0
0.564084,0.0
0.558531,1.0
0.558531,1.0
0.581833,1.0
0.581833,0.0
0.576364,1.0
0.581833,1.0
0.558531,1.0
0.564084,0.0
0.558531,1.0
0.560397,1.0
0.562203,1.0
0.576364,1.0
0.558531,1.0
0.576364,0.0
0.558531,1.0
0.576364,0.0
0.580036,0.0
0.564084,0.0
0.558531,1.0
0.564084,1.0
0.564084,1.0
0.564084,1.0
0.581833,0.0
0.581833,0.0
0.564084,1.0
0.558531,1.0
0.576364,0.0
0.578189,0.0
0.578189,0.0
0.564084,1.0
0.580036,1.0
0.580036,0.0
0.576364,1.0
0.544676,1.0
0.543231,1.0
0.54565,0.0
0.542573,0.0
0.543231,1.0
0.543453,1.0
0.543012,1.0
0.544227,1.0
0.543864,1.0
0.544438,1.0
0.543453,0.0
0.543864,0.0
0.544227,1.0
0.54289,1.0
0.543769,1.0
0.544438,1.0
0.544438,1.0
0.54289,0.0
0.544438,1.0
0.543453,1.0
0.543012,1.0
0.541606,0.0
0.544127,1.0
0.545091,1.0
0.543231,1.0
0.542024,1.0
0.543231,1.0
0.54565,0.0
0.545091,1.0
0.544438,1.0
0.54565,1.0
0.544127,1.0
0.543231,1.0
0.543012,1.0
0.54289,1.0
0.54565,1.0
0.543453,0.0
0.54565,1.0
0.54289,1.0
0.54565,1.0
0.545091,1.0
0.543453,1.0
0.54289,1.0
0.543453,1.0
0.54565,0.0
0.544227,1.0
0.543453,1.0
0.543453,1.0
0.544227,1.0
0.542573,1.0
0.54565,0.0
0.544438,1.0
0.542024,1.0
0.544227,0.0
0.543769,1.0
0.543453,1.0
0.54565,1.0
0.54289,1.0
0.54565,0.0
0.543012,0.0
0.545091,1.0
0.544227,1.0
0.543012,1.0
0.54289,1.0
0.544227,1.0
0.54289,1.0
0.54289,0.0
0.54565,1.0
0.54565,1.0
0.542573,1.0
0.541606,1.0
0.544227,0.0
0.542573,0.0
0.54565,1.0
0.54289,1.0
0.54565,0.0
0.544676,1.0
0.544438,1.0
0.544227,1.0
0.54565,1.0
0.543231,1.0
0.54565,1.0
0.543231,0.0
0.542024,1.0
0.54289,1.0
0.54565,1.0
0.543453,0.0
0.543453,1.0
0.543453,1.0
0.541606,1.0
0.541606,1.0
0.543453,1.0
0.54565,1.0
0.543231,1.0
0.542794,1.0
0.542794,1.0
0.543453,0.0
0.543012,1.0
0.542024,1.0
0.544227,0.0
0.560037,1.0
0.593204,1.0
0.557866,1.0
0.589411,1.0
0.593204,0.0
0.561355,1.0
0.591435,1.0
0.592213,1.0
0.560345,0.0
0.561874,1.0
0.558431,1.0
0.557709,0.0
0.592213,1.0
0.559573,0.0
0.590604,1.0
0.561874,1.0
0.561874,1.0
0.556741,0.0
0.561874,1.0
0.561355,1.0
0.591435,1.0
0.590347,0.0
0.558238,0.0
0.559029,0.0
0.593204,1.0
0.592366,0.0
0.593204,1.0
0.557866,1.0
0.559029,1.0
0.561874,1.0
0.560573,1.0
0.558238,0.0
0.593204,1.0
0.591435,1.0
0.559573,1.0
0.560573,1.0
0.558431,1.0
0.560573,1.0
0.559573,0.0
0.560573,1.0
0.559029,0.0
0.561355,1.0
0.559573,0.0
0.561355,1.0
0.557866,1.0
0.592213,1.0
0.561355,1.0
0.561355,1.0
0.592213,1.0
0.589872,1.0
0.557866,0.0
0.561874,1.0
0.592366,0.0
0.591923,1.0
0.590604,1.0
0.561355,1.0
0.560573,1.0
0.559573,0.0
0.557866,0.0
0.591082,1.0
0.559029,0.0
0.592213,1.0
0.591435,1.0
0.559573,0.0
0.592213,1.0
0.559573,0.0
0.556741,1.0
0.560573,1.0
0.560573,1.0
0.589872,0.0
0.59074,0.0
0.591923,1.0
0.589411,1.0
0.560573,1.0
0.559573,0.0
0.557866,1.0
0.560037,1.0
0.561874,0.0
0.592213,0.0
0.560573,0.0
0.593204,1.0
0.560573,1.0
0.592976,1.0
0.592366,1.0
0.559573,0.0
0.560573,0.0
0.558431,0.0
0.561355,0.0
0.561355,1.0
0.59074,0.0
0.59074,0.0
0.561355,1.0
0.560573,1.0
0.593204,0.0
0.591543,1.0
0.591543,1.0
0.558431,1.0
0.591435,0.0
0.592366,1.0
0.591923,1.0
0.577822,1.0
0.57982,1.0
0.576448,0.0
0.579382,1.0
0.578072,1.0
0.576764,1.0
0.579776,1.0
0.579975,0.0
0.565871,1.0
0.578497,0.0
0.573481,0.0
0.563825,1.0
0.579975,1.0
0.562798,0.0
0.579918,0.0
0.578497,0.0
0.578497,1.0
0.560491,1.0
0.578497,1.0
0.576764,1.0
0.579776,0.0
0.577314,1.0
0.563895,0.0
0.56695,0.0
0.57982,1.0
0.5777,0.0
0.57982,0.0
0.576448,1.0
0.573831,1.0
0.578497,1.0
0.579548,1.0
0.563895,0.0
0.57982,0.0
0.579776,1.0
0.570444,1.0
0.579548,0.0
0.573481,0.0
0.579548,1.0
0.562798,0.0
0.579548,1.0
0.56695,0.0
0.576764,1.0
0.562798,1.0
0.576764,1.0
0.576448,1.0
0.579975,0.0
0.576764,1.0
0.576764,1.0
0.579975,1.0
0.579748,0.0
0.569614,0.0
0.578497,1.0
0.5777,0.0
0.579737,0.0
0.579918,1.0
0.576764,0.0
0.579548,0.0
0.562798,1.0
0.569614,1.0
0.579481,0.0
0.56695,1.0
0.579975,1.0
0.579776,0.0
0.562798,1.0
0.579975,0.0
0.562798,0.0
0.567784,0.0
0.579548,1.0
0.579548,1.0
0.577546,0.0
0.577438,1.0
0.579737,1.0
0.579382,1.0
0.579548,1.0
0.562798,0.0
0.576448,0.0
0.577822,0.0
0.571217,0.0
0.578103,1.0
0.572403,1.0
0.57982,1.0
0.579548,1.0
0.579634,0.0
0.579585,0.0
0.562798,1.0
0.572403,1.0
0.565903,1.0
0.568886,1.0
0.576764,0.0
0.577438,1.0
0.577438,1.0
0.576764,0.0
0.579548,0.0
0.578072,1.0
0.579714,0.0
0.579714,1.0
0.573481,1.0
0.577761,0.0
0.579585,1.0
0.579737,1.0
0.605941,1.0
0.5947,1.0
0.539783,0.0
0.59543,1.0
0.593989,1.0
0.605081,1.0
0.595483,1.0
0.561044,0.0
0.592642,1.0
0.539936,0.0
0.532637,0.0
0.590942,1.0
0.595118,1.0
0.519723,1.0
0.560279,1.0
0.539936,0.0
0.605897,1.0
0.587066,0.0
0.605897,0.0
0.605081,1.0
0.56025,1.0
0.594223,1.0
0.522195,1.0
0.529633,0.0
0.5947,1.0
0.561027,0.0
0.561455,1.0
0.602951,0.0
0.600596,1.0
0.605897,1.0
0.606585,0.0
0.522195,1.0
0.561455,1.0
0.595483,1.0
0.597795,0.0
0.541974,0.0
0.532637,1.0
0.606585,1.0
0.519723,0.0
0.606585,1.0
0.529633,0.0
0.605081,1.0
0.589325,1.0
0.605081,1.0
0.602951,1.0
0.561044,1.0
0.605081,1.0
0.605081,1.0
0.595118,1.0
0.559451,1.0
0.532874,0.0
0.605897,1.0
0.561027,1.0
0.561659,0.0
0.595615,0.0
0.535311,1.0
0.541974,1.0
0.589325,1.0
0.596042,1.0
0.560889,0.0
0.593674,1.0
0.595118,1.0
0.56025,1.0
0.589325,1.0
0.561044,0.0
0.519723,0.0
0.526956,0.0
0.606585,1.0
0.606585,1.0
0.559695,0.0
0.594665,1.0
0.594632,1.0
0.59543,1.0
0.606585,1.0
0.519723,0.0
0.539783,1.0
0.53747,1.0
0.531644,1.0
0.594353,1.0
0.598951,0.0
0.5947,1.0
0.606585,1.0
0.562045,1.0
0.560675,1.0
0.589325,1.0
0.598951,1.0
0.592671,1.0
0.596118,1.0
0.535311,1.0
0.594665,1.0
0.594665,1.0
0.535311,0.0
0.541974,0.0
0.593989,1.0
0.560716,1.0
0.595167,1.0
0.601051,1.0
0.560564,1.0
0.595046,1.0
0.594632,1.0
0.509584,0.0
0.582122,0.0
0.493135,0.0
0.576532,1.0
0.585634,0.0
0.518202,1.0
0.576683,0.0
0.605951,1.0
0.492351,0.0
0.50739,0.0
0.515851,0.0
0.48713,0.0
0.579926,0.0
0.515886,1.0
0.591811,0.0
0.50739,0.0
0.499268,0.0
0.501534,1.0
0.501244,1.0
0.518202,1.0
0.592022,0.0
0.582558,1.0
0.506964,0.0
0.495734,0.0
0.582122,0.0
0.608486,0.0
0.597019,0.0
0.486426,0.0
0.488334,1.0
0.499268,0.0
0.493164,0.0
0.506964,0.0
0.597019,0.0
0.576683,1.0
0.514996,1.0
0.499229,0.0
0.513517,1.0
0.491219,0.0
0.518144,1.0
0.491219,1.0
0.495734,0.0
0.518202,1.0
0.509242,1.0
0.518202,1.0
0.484064,0.0
0.595016,1.0
0.518202,1.0
0.518202,1.0
0.579926,0.0
0.588545,1.0
0.49208,0.0
0.499268,0.0
0.597515,0.0
0.608769,0.0
0.58885,0.0
0.524859,1.0
0.496817,0.0
0.509242,1.0
0.482225,0.0
0.60592,1.0
0.48614,0.0
0.579926,0.0
0.592022,0.0
0.509242,1.0
0.605951,0.0
0.518144,1.0
0.510938,1.0
0.491219,0.0
0.491219,0.0
0.603021,1.0
0.579309,1.0
0.582929,0.0
0.576532,0.0
0.491219,0.0
0.518144,1.0
0.490502,0.0
0.5156,0.0
0.501888,1.0
0.583554,0.0
0.490361,1.0
0.582122,0.0
0.491219,0.0
0.599578,0.0
0.594169,0.0
0.509242,1.0
0.488106,0.0
0.503757,1.0
0.514818,0.0
0.524859,1.0
0.579309,0.0
0.579309,1.0
0.52723,1.0
0.499229,0.0
0.585634,0.0
0.594027,0.0
0.578856,1.0
0.507342,1.0
0.595491,1.0
0.579023,1.0
0.582929,0.0
0.680171,0.0
0.414774,1.0
0.683363,1.0
0.391787,1.0
0.411332,0.0
0.686909,1.0
0.419081,1.0
0.379427,1.0
0.651429,1.0
0.722552,1.0
0.739167,0.0
0.625789,0.0
0.416251,0.0
0.721977,1.0
0.418011,0.0
0.722552,1.0
0.662811,1.0
0.697396,1.0
0.681715,1.0
0.686909,1.0
0.418141,1.0
0.386675,0.0
0.711188,1.0
0.68997,1.0
0.414774,1.0
0.402177,0.0
0.413296,0.0
0.641892,1.0
0.633325,0.0
0.662811,0.0
0.667357,1.0
0.711188,1.0
0.413296,0.0
0.391901,1.0
0.712746,1.0
0.708569,0.0
0.712181,1.0
0.650181,1.0
0.750831,1.0
0.645874,1.0
0.68997,0.0
0.686909,1.0
0.685637,0.0
0.686909,0.0
0.628024,0.0
0.388474,0.0
0.686909,0.0
0.686909,0.0
0.416251,0.0
0.394917,0.0
0.675938,1.0
0.662811,1.0
0.412359,1.0
0.402104,0.0
0.4087,1.0
0.71799,1.0
0.683274,1.0
0.685637,1.0
0.621919,1.0
0.379557,0.0
0.634112,0.0
0.416251,0.0
0.418141,1.0
0.685637,1.0
0.404853,0.0
0.750831,1.0
0.737473,0.0
0.650181,1.0
0.650181,0.0
0.381621,0.0
0.389298,1.0
0.41383,0.0
0.418966,1.0
0.650181,0.0
0.750831,0.0
0.662711,1.0
0.709428,1.0
0.696827,1.0
0.412684,1.0
0.661787,1.0
0.414774,0.0
0.650181,0.0
0.410822,0.0
0.416254,0.0
0.685637,1.0
0.647072,0.0
0.677717,1.0
0.688324,1.0
0.71799,1.0
0.416402,0.0
0.389298,0.0
0.750893,0.0
0.708569,0.0
0.411332,0.0
0.416086,0.0
0.390124,0.0
0.677226,1.0
0.387589,0.0
0.390311,0.0
0.41383,0.0
0.64978,0.0
0.421973,0.0
0.73445,1.0
0.405839,0.0
0.337349,0.0
0.681621,1.0
0.424563,0.0
0.408965,0.0
0.67512,1.0
0.739688,0.0
0.717912,0.0
0.587355,0.0
0.339652,0.0
0.721353,1.0
0.345368,0.0
0.739688,1.0
0.678276,0.0
0.717019,1.0
0.699938,1.0
0.681621,1.0
0.429197,0.0
0.32475,0.0
0.728149,1.0
0.740904,0.0
0.421973,1.0
0.341762,0.0
0.342737,1.0
0.681605,1.0
0.601509,0.0
0.632193,1.0
0.696743,1.0
0.728149,1.0
0.342737,0.0
0.405982,0.0
0.707852,1.0
0.70585,0.0
0.713887,1.0
0.668629,1.0
0.731277,1.0
0.664345,1.0
0.701107,0.0
0.681621,1.0
0.653955,1.0
0.65031,1.0
0.585715,1.0
0.330259,1.0
0.65031,0.0
0.65031,0.0
0.339652,0.0
0.334031,0.0
0.733824,1.0
0.678276,1.0
0.424845,0.0
0.341742,0.0
0.424185,0.0
0.711286,1.0
0.710614,1.0
0.688604,1.0
0.644121,1.0
0.331182,0.0
0.59753,0.0
0.339652,0.0
0.429197,0.0
0.688604,1.0
0.34345,0.0
0.731277,1.0
0.713928,1.0
0.668629,1.0
0.616158,1.0
0.332387,0.0
0.404274,0.0
0.338561,0.0
0.424419,0.0
0.616158,0.0
0.714615,0.0
0.701959,1.0
0.718516,1.0
0.715248,0.0
0.42042,0.0
0.69816,1.0
0.339076,0.0
0.616158,0.0
0.341347,0.0
0.344476,1.0
0.688604,1.0
0.613128,0.0
0.684854,1.0
0.693297,0.0
0.711286,1.0
0.33963,1.0
0.325921,0.0
0.707746,0.0
0.70585,1.0
0.337349,0.0
0.344307,0.0
0.326415,0.0
0.681149,1.0
0.329672,0.0
0.326597,1.0
0.338561,0.0
0.659664,0.0
0.361794,0.0
0.748209,1.0
0.353625,0.0
0.280177,1.0
0.707941,1.0
0.362922,0.0
0.363767,0.0
0.694053,1.0
0.737994,0.0
0.747134,0.0
0.553395,0.0
0.280421,0.0
0.755727,1.0
0.285034,0.0
0.752041,0.0
0.657635,0.0
0.741964,1.0
0.725113,1.0
0.707941,0.0
0.369321,0.0
0.278159,1.0
0.741871,0.0
0.732614,0.0
0.446629,0.0
0.288019,0.0
0.352636,0.0
0.713118,1.0
0.589746,0.0
0.679604,0.0
0.716266,0.0
0.741871,0.0
0.284361,0.0
0.353732,1.0
0.743398,0.0
0.731911,0.0
0.746382,1.0
0.685612,1.0
0.772416,1.0
0.687101,0.0
0.732104,0.0
0.707941,1.0
0.707446,0.0
0.704214,0.0
0.617409,0.0
0.349254,0.0
0.674551,0.0
0.674551,0.0
0.280421,1.0
0.283802,0.0
0.750342,1.0
0.692257,1.0
0.366584,0.0
0.288021,0.0
0.368535,0.0
0.749934,1.0
0.724666,1.0
0.712451,1.0
0.668691,0.0
0.287058,0.0
0.572635,0.0
0.280421,0.0
0.369321,0.0
0.712451,0.0
0.288674,0.0
0.772416,1.0
0.766662,0.0
0.685612,0.0
0.66166,0.0
0.287529,0.0
0.3529,0.0
0.280342,0.0
0.36281,0.0
0.607616,0.0
0.761534,0.0
0.723566,1.0
0.73399,0.0
0.718855,0.0
0.360909,0.0
0.725273,1.0
0.28045,0.0
0.607616,0.0
0.283992,0.0
0.353405,0.0
0.712451,1.0
0.601525,0.0
0.706988,0.0
0.679543,0.0
0.749934,1.0
0.347692,0.0
0.278303,0.0
0.762379,0.0
0.752901,1.0
0.280177,0.0
0.284774,0.0
0.278446,0.0
0.703816,1.0
0.282356,0.0
0.344217,0.0
0.280342,0.0
0.590906,1.0
0.612104,1.0
0.532714,1.0
0.612765,1.0
0.610125,0.0
0.587793,1.0
0.612033,1.0
0.610822,1.0
0.573991,0.0
0.53857,1.0
0.540882,1.0
0.5804,0.0
0.622465,0.0
0.539701,0.0
0.621916,1.0
0.538634,0.0
0.586608,1.0
0.539781,1.0
0.555096,1.0
0.59428,1.0
0.610979,1.0
0.60985,0.0
0.546753,0.0
0.535665,0.0
0.593544,0.0
0.621146,1.0
0.608879,0.0
0.552421,1.0
0.581379,1.0
0.587559,1.0
0.567524,1.0
0.546753,0.0
0.621905,0.0
0.598339,1.0
0.554882,0.0
0.542254,1.0
0.544961,1.0
0.57853,0.0
0.53713,0.0
0.586688,1.0
0.538592,0.0
0.587793,1.0
0.590568,0.0
0.59624,1.0
0.575947,0.0
0.6089,1.0
0.595271,1.0
0.595271,0.0
0.610203,1.0
0.621569,1.0
0.532051,0.0
0.582008,1.0
0.611274,1.0
0.621145,1.0
0.610776,0.0
0.547246,1.0
0.55347,1.0
0.578655,0.0
0.574142,1.0
0.620797,1.0
0.578715,0.0
0.622465,1.0
0.610979,1.0
0.586591,0.0
0.621112,1.0
0.53713,1.0
0.541301,1.0
0.585061,0.0
0.582601,1.0
0.620769,1.0
0.612818,0.0
0.622426,0.0
0.612046,1.0
0.58165,1.0
0.541699,0.0
0.551073,1.0
0.558826,1.0
0.554926,0.0
0.612188,0.0
0.548934,0.0
0.622432,1.0
0.58165,1.0
0.621902,0.0
0.608818,0.0
0.578655,0.0
0.579436,1.0
0.587401,1.0
0.590516,0.0
0.547246,0.0
0.609685,1.0
0.622166,0.0
0.544042,1.0
0.536492,0.0
0.622395,1.0
0.621909,1.0
0.622166,0.0
0.584248,0.0
0.621614,0.0
0.609695,0.0
0.622426,0.0
0.531591,0.0
0.532775,1.0
0.517068,0.0
0.532612,0.0
0.531744,1.0
0.52175,1.0
0.532787,0.0
0.53316,1.0
0.524902,0.0
0.517537,1.0
0.516828,0.0
0.557512,0.0
0.528916,1.0
0.515534,1.0
0.530103,0.0
0.518626,0.0
0.530643,1.0
0.514673,1.0
0.516421,0.0
0.522883,0.0
0.533079,1.0
0.531793,0.0
0.516304,0.0
0.519273,1.0
0.537817,0.0
0.530284,0.0
0.53274,1.0
0.519708,1.0
0.560837,0.0
0.532509,0.0
0.521017,1.0
0.516304,1.0
0.52905,0.0
0.536055,0.0
0.515305,1.0
0.517515,1.0
0.5141,0.0
0.527,0.0
0.517623,1.0
0.528369,1.0
0.519247,1.0
0.52175,1.0
0.525033,0.0
0.52494,0.0
0.56008,1.0
0.533817,0.0
0.527953,1.0
0.528643,1.0
0.532765,1.0
0.530188,0.0
0.518254,0.0
0.524639,1.0
0.533004,1.0
0.530285,0.0
0.532047,0.0
0.51369,1.0
0.516661,0.0
0.520846,1.0
0.536601,0.0
0.530371,1.0
0.564318,1.0
0.52997,1.0
0.533079,1.0
0.522407,1.0
0.530293,1.0
0.516382,0.0
0.516752,1.0
0.529809,1.0
0.539996,0.0
0.530379,1.0
0.531512,1.0
0.528926,0.0
0.532783,0.0
0.555023,1.0
0.517627,0.0
0.517113,0.0
0.516169,0.0
0.517034,0.0
0.531662,0.0
0.51666,0.0
0.529979,1.0
0.555023,1.0
0.529051,0.0
0.532756,1.0
0.520846,0.0
0.558182,1.0
0.523029,0.0
0.525858,1.0
0.514527,0.0
0.533591,1.0
0.528986,0.0
0.515442,1.0
0.51747,1.0
0.529988,0.0
0.530105,0.0
0.528986,1.0
0.522838,0.0
0.52912,1.0
0.532508,0.0
0.528926,0.0
0.663357,0.0
0.343516,0.0
0.744089,1.0
0.339085,0.0
0.370874,0.0
0.672495,1.0
0.337827,1.0
0.347697,1.0
0.687499,1.0
0.744442,0.0
0.740541,1.0
0.344775,0.0
0.333727,0.0
0.732874,1.0
0.332046,0.0
0.749015,1.0
0.665513,1.0
0.734702,1.0
0.724948,1.0
0.673023,1.0
0.344429,1.0
0.366691,0.0
0.743736,0.0
0.746645,1.0
0.369592,0.0
0.333462,0.0
0.352546,0.0
0.716228,1.0
0.558164,0.0
0.663387,1.0
0.700701,1.0
0.74045,1.0
0.328955,0.0
0.391138,0.0
0.729333,0.0
0.737977,0.0
0.733231,1.0
0.680667,1.0
0.731026,0.0
0.666302,1.0
0.74061,0.0
0.672495,1.0
0.673783,0.0
0.666491,0.0
0.538118,1.0
0.352648,1.0
0.662937,1.0
0.66489,0.0
0.375246,1.0
0.333445,0.0
0.744395,1.0
0.675636,1.0
0.34455,1.0
0.333464,0.0
0.336049,0.0
0.726497,0.0
0.72872,1.0
0.685958,0.0
0.665135,1.0
0.340178,1.0
0.414339,1.0
0.337066,1.0
0.344429,0.0
0.679902,0.0
0.338721,0.0
0.733315,1.0
0.735111,1.0
0.669109,1.0
0.655495,0.0
0.340124,0.0
0.340608,0.0
0.328608,0.0
0.337825,1.0
0.613034,0.0
0.734543,1.0
0.728277,1.0
0.732757,1.0
0.73564,1.0
0.334169,0.0
0.732789,1.0
0.337159,0.0
0.613034,0.0
0.329069,0.0
0.352477,0.0
0.690496,1.0
0.591177,0.0
0.677289,0.0
0.675015,1.0
0.731108,1.0
0.355943,0.0
0.329895,1.0
0.727037,0.0
0.736162,1.0
0.332032,0.0
0.332142,0.0
0.335137,0.0
0.68183,1.0
0.335633,0.0
0.34713,0.0
0.328608,0.0
0.688138,0.0
0.310024,1.0
0.79319,0.0
0.306985,1.0
0.32576,0.0
0.735066,1.0
0.376393,0.0
0.384131,0.0
0.724841,1.0
0.780593,0.0
0.795944,1.0
0.278991,0.0
0.306548,0.0
0.797931,1.0
0.305207,0.0
0.788576,1.0
0.706562,1.0
0.791258,1.0
0.78402,1.0
0.732545,0.0
0.381665,1.0
0.321868,0.0
0.780708,0.0
0.783584,0.0
0.318214,0.0
0.305833,0.0
0.314237,1.0
0.767654,1.0
0.485041,1.0
0.705327,0.0
0.758906,0.0
0.785031,1.0
0.303331,0.0
0.334329,0.0
0.782192,1.0
0.781918,0.0
0.797998,1.0
0.716057,1.0
0.798578,1.0
0.713427,1.0
0.780326,0.0
0.735066,0.0
0.715256,0.0
0.713844,1.0
0.515524,0.0
0.386454,1.0
0.715337,0.0
0.698162,0.0
0.405487,0.0
0.305906,0.0
0.793014,1.0
0.721406,1.0
0.38183,0.0
0.305834,0.0
0.30461,0.0
0.79254,0.0
0.783142,1.0
0.730466,1.0
0.696383,1.0
0.380853,0.0
0.374317,1.0
0.37886,0.0
0.310297,0.0
0.722884,1.0
0.309317,0.0
0.807675,1.0
0.798003,1.0
0.709179,1.0
0.657799,0.0
0.310062,0.0
0.308297,0.0
0.30325,0.0
0.376395,0.0
0.586768,0.0
0.803885,1.0
0.782005,1.0
0.784545,1.0
0.784223,1.0
0.30391,0.0
0.784296,0.0
0.308677,1.0
0.586768,0.0
0.303392,0.0
0.314179,1.0
0.74538,1.0
0.547939,0.0
0.719462,1.0
0.719045,0.0
0.800549,1.0
0.316695,0.0
0.372908,0.0
0.799372,0.0
0.794678,1.0
0.305296,0.0
0.305258,0.0
0.307294,0.0
0.732451,0.0
0.307465,0.0
0.310417,0.0
0.30325,0.0
0.715056,1.0
0.577173,0.0
0.364386,0.0
0.577236,1.0
0.578163,0.0
0.713211,1.0
0.578566,1.0
0.578823,0.0
0.694792,0.0
0.365268,0.0
0.364227,0.0
0.579534,1.0
0.577662,0.0
0.369094,0.0
0.577678,0.0
0.361791,1.0
0.71818,1.0
0.376087,0.0
0.418527,0.0
0.719033,0.0
0.573285,1.0
0.578167,1.0
0.380755,0.0
0.362307,0.0
0.578652,0.0
0.577699,1.0
0.57717,0.0
0.453726,1.0
0.589358,1.0
0.714859,1.0
0.542895,0.0
0.375975,0.0
0.577641,0.0
0.578676,1.0
0.393255,1.0
0.371647,0.0
0.37936,0.0
0.715128,1.0
0.360613,0.0
0.716884,1.0
0.366564,0.0
0.71599,0.0
0.711307,1.0
0.720447,1.0
0.599746,1.0
0.573116,1.0
0.720864,0.0
0.718718,0.0
0.579239,1.0
0.577691,0.0
0.362018,0.0
0.717973,1.0
0.578777,0.0
0.577699,0.0
0.577937,0.0
0.385087,1.0
0.413059,1.0
0.675148,0.0
0.701001,1.0
0.578545,0.0
0.576401,1.0
0.578482,0.0
0.577999,1.0
0.695778,1.0
0.577731,0.0
0.360597,0.0
0.36113,1.0
0.716106,1.0
0.69562,0.0
0.577742,0.0
0.577917,1.0
0.577629,1.0
0.578566,1.0
0.647898,1.0
0.361551,0.0
0.413195,0.0
0.403079,1.0
0.39312,1.0
0.577897,1.0
0.404281,1.0
0.576836,1.0
0.647898,1.0
0.577642,1.0
0.577174,0.0
0.655469,0.0
0.625932,0.0
0.709138,0.0
0.717947,1.0
0.379583,0.0
0.578105,1.0
0.578238,0.0
0.36658,0.0
0.365015,0.0
0.577668,1.0
0.577678,0.0
0.577672,1.0
0.709244,1.0
0.577685,1.0
0.578041,1.0
0.577629,0.0
0.703209,0.0
0.368475,1.0
0.780936,1.0
0.383531,0.0
0.305782,0.0
0.738469,1.0
0.360505,1.0
0.347492,1.0
0.71138,1.0
0.779613,1.0
0.788199,1.0
0.304112,0.0
0.304835,0.0
0.789976,1.0
0.30452,0.0
0.791888,1.0
0.712071,1.0
0.7843,1.0
0.782458,1.0
0.712316,1.0
0.451369,1.0
0.319132,1.0
0.781288,1.0
0.771463,1.0
0.302267,0.0
0.318784,0.0
0.369275,0.0
0.780274,1.0
0.384786,1.0
0.706861,1.0
0.757684,1.0
0.778196,1.0
0.30431,0.0
0.31915,1.0
0.799985,0.0
0.781958,1.0
0.79128,1.0
0.719436,1.0
0.800889,1.0
0.717724,1.0
0.779954,0.0
0.714552,1.0
0.726443,1.0
0.731483,0.0
0.316425,1.0
0.454008,0.0
0.696774,0.0
0.692979,0.0
0.371442,0.0
0.304556,0.0
0.785013,1.0
0.725039,1.0
0.346718,0.0
0.304516,0.0
0.303377,1.0
0.80423,1.0
0.79188,1.0
0.733162,1.0
0.701099,1.0
0.347306,0.0
0.416363,1.0
0.346742,0.0
0.318529,0.0
0.738208,1.0
0.305064,0.0
0.79901,1.0
0.800962,1.0
0.713473,1.0
0.662068,0.0
0.30512,1.0
0.318426,0.0
0.318595,0.0
0.360507,0.0
0.594785,0.0
0.795656,1.0
0.780037,1.0
0.792188,1.0
0.79111,1.0
0.317662,0.0
0.786857,0.0
0.385405,0.0
0.594785,1.0
0.318563,0.0
0.369248,1.0
0.738532,1.0
0.435256,1.0
0.718006,1.0
0.71855,1.0
0.793701,1.0
0.319096,0.0
0.344659,1.0
0.797965,0.0
0.786741,1.0
0.318835,0.0
0.304524,1.0
0.319184,0.0
0.729615,1.0
0.319158,1.0
0.317974,0.0
0.304346,0.0
0.527744,1.0
0.533477,1.0
0.524454,1.0
0.540652,0.0
0.536195,1.0
0.527364,1.0
0.533928,1.0
0.532426,1.0
0.522709,0.0
0.524284,1.0
0.525512,0.0
0.536532,1.0
0.536095,1.0
0.525438,1.0
0.536075,1.0
0.525715,1.0
0.525958,1.0
0.524339,0.0
0.522652,1.0
0.524778,1.0
0.538325,1.0
0.531278,0.0
0.523712,1.0
0.523355,0.0
0.535996,0.0
0.53738,1.0
0.539446,1.0
0.520847,0.0
0.536203,1.0
0.526801,1.0
0.517549,1.0
0.523679,1.0
0.536059,0.0
0.531311,1.0
0.524028,1.0
0.524268,1.0
0.525155,0.0
0.525307,0.0
0.527249,1.0
0.526012,1.0
0.523068,1.0
0.524546,1.0
0.527353,1.0
0.527104,0.0
0.531431,1.0
0.54415,0.0
0.52475,1.0
0.525501,0.0
0.54058,1.0
0.536079,1.0
0.525152,0.0
0.525835,1.0
0.538525,1.0
0.536077,0.0
0.529606,1.0
0.525942,1.0
0.523447,1.0
0.523399,0.0
0.525955,1.0
0.538549,1.0
0.536864,1.0
0.538512,1.0
0.537386,1.0
0.527556,1.0
0.536115,1.0
0.527075,1.0
0.526831,0.0
0.525538,1.0
0.532496,1.0
0.529717,1.0
0.537373,1.0
0.537361,0.0
0.539864,0.0
0.565269,1.0
0.526554,0.0
0.522451,1.0
0.523971,0.0
0.524051,0.0
0.537318,1.0
0.521743,1.0
0.540744,0.0
0.55866,1.0
0.53736,0.0
0.533536,1.0
0.521017,1.0
0.545168,0.0
0.525165,0.0
0.525924,1.0
0.52547,1.0
0.537436,1.0
0.532215,1.0
0.525434,1.0
0.525252,1.0
0.537381,1.0
0.529671,0.0
0.537407,1.0
0.526312,0.0
0.531243,1.0
0.537355,1.0
0.53606,0.0
0.600756,1.0
0.571193,0.0
0.669109,0.0
0.613378,1.0
0.634617,1.0
0.602414,1.0
0.577161,1.0
0.582199,1.0
0.598987,0.0
0.669053,0.0
0.659999,1.0
0.634008,1.0
0.634284,0.0
0.668831,1.0
0.634324,1.0
0.668876,1.0
0.600115,0.0
0.65935,1.0
0.664934,1.0
0.603761,1.0
0.533216,0.0
0.591965,1.0
0.667857,0.0
0.660506,0.0
0.637555,0.0
0.630952,1.0
0.616273,0.0
0.649548,1.0
0.587117,1.0
0.599671,1.0
0.651996,0.0
0.668191,1.0
0.636572,0.0
0.591626,1.0
0.663469,1.0
0.66841,0.0
0.65883,1.0
0.592128,1.0
0.669163,1.0
0.600431,0.0
0.666722,1.0
0.604252,1.0
0.603477,1.0
0.59327,1.0
0.612433,1.0
0.582741,0.0
0.602182,1.0
0.596467,1.0
0.619896,1.0
0.634335,1.0
0.66029,1.0
0.600665,1.0
0.625833,1.0
0.636593,1.0
0.596106,1.0
0.666217,1.0
0.663516,0.0
0.606357,1.0
0.59719,1.0
0.625613,1.0
0.551663,1.0
0.625697,0.0
0.631171,0.0
0.604698,1.0
0.634306,0.0
0.669266,1.0
0.659031,1.0
0.599468,0.0
0.596431,1.0
0.595629,1.0
0.631133,1.0
0.633162,0.0
0.624033,1.0
0.476293,0.0
0.659983,1.0
0.665278,0.0
0.655301,1.0
0.656426,1.0
0.631197,0.0
0.662326,0.0
0.612742,0.0
0.516189,0.0
0.633175,0.0
0.570965,0.0
0.621535,1.0
0.598259,0.0
0.597627,1.0
0.602228,1.0
0.667911,1.0
0.631225,1.0
0.582924,1.0
0.666975,1.0
0.668866,1.0
0.630921,0.0
0.596557,1.0
0.630893,1.0
0.594705,1.0
0.590732,1.0
0.631318,1.0
0.63656,1.0
0.602625,1.0
0.580729,0.0
0.535317,1.0
0.603855,1.0
0.604992,0.0
0.607942,1.0
0.591751,1.0
0.5913,1.0
0.591057,0.0
0.53499,1.0
0.541844,1.0
0.605291,0.0
0.598955,0.0
0.542844,0.0
0.604862,1.0
0.545639,0.0
0.598588,0.0
0.540568,0.0
0.540407,1.0
0.601493,1.0
0.572024,1.0
0.595153,0.0
0.535375,0.0
0.531809,0.0
0.599854,0.0
0.605098,0.0
0.596357,0.0
0.542446,1.0
0.596366,0.0
0.601841,1.0
0.532053,1.0
0.539092,0.0
0.599653,0.0
0.594588,1.0
0.546278,1.0
0.535549,1.0
0.542716,1.0
0.602628,1.0
0.546212,0.0
0.599364,1.0
0.537418,0.0
0.601365,1.0
0.606245,0.0
0.606337,1.0
0.600368,0.0
0.594355,1.0
0.599407,1.0
0.599332,0.0
0.604617,1.0
0.604867,1.0
0.540863,0.0
0.604613,1.0
0.604154,1.0
0.605501,1.0
0.594375,0.0
0.548597,1.0
0.541161,1.0
0.590433,0.0
0.598908,1.0
0.604113,1.0
0.585192,0.0
0.598131,1.0
0.599256,1.0
0.607506,0.0
0.598972,1.0
0.545658,0.0
0.547942,0.0
0.598042,1.0
0.596875,1.0
0.594285,1.0
0.605133,0.0
0.599901,1.0
0.605311,1.0
0.575478,1.0
0.544181,0.0
0.535271,0.0
0.545301,0.0
0.544859,0.0
0.599222,0.0
0.537627,0.0
0.597789,1.0
0.579871,1.0
0.599904,0.0
0.580683,0.0
0.572584,0.0
0.59668,0.0
0.601377,0.0
0.60433,1.0
0.543847,1.0
0.605187,0.0
0.591415,0.0
0.54319,0.0
0.541721,1.0
0.599195,1.0
0.594997,0.0
0.6051,1.0
0.605532,1.0
0.594247,0.0
0.605162,0.0
0.605486,1.0
0.673226,0.0
0.413049,1.0
0.765145,1.0
0.338808,1.0
0.336403,0.0
0.708998,1.0
0.380779,0.0
0.384433,1.0
0.685591,1.0
0.764156,0.0
0.752251,0.0
0.33543,0.0
0.351578,0.0
0.755849,1.0
0.340394,1.0
0.766215,1.0
0.702376,0.0
0.74783,1.0
0.751587,1.0
0.672481,0.0
0.457108,1.0
0.363183,0.0
0.765628,1.0
0.751757,0.0
0.348613,0.0
0.335514,0.0
0.356744,1.0
0.760523,1.0
0.358148,1.0
0.679576,1.0
0.755911,1.0
0.7439,0.0
0.349052,0.0
0.37201,0.0
0.772079,0.0
0.767085,0.0
0.756119,1.0
0.687806,1.0
0.767205,0.0
0.709261,1.0
0.738176,0.0
0.673458,0.0
0.695316,0.0
0.695311,1.0
0.348967,0.0
0.357691,0.0
0.655577,1.0
0.650727,0.0
0.338463,0.0
0.340381,0.0
0.747935,0.0
0.695176,1.0
0.341253,1.0
0.337872,0.0
0.369959,1.0
0.780527,0.0
0.790097,1.0
0.690293,0.0
0.674376,1.0
0.341355,0.0
0.401537,0.0
0.356436,0.0
0.353966,1.0
0.70642,0.0
0.355299,0.0
0.764903,1.0
0.773555,0.0
0.704904,0.0
0.649408,0.0
0.37413,1.0
0.335431,0.0
0.351547,1.0
0.33612,1.0
0.550024,1.0
0.75901,0.0
0.767286,1.0
0.766774,1.0
0.765192,0.0
0.350319,0.0
0.775675,0.0
0.354024,0.0
0.636727,0.0
0.347803,1.0
0.413219,0.0
0.709776,1.0
0.349353,1.0
0.675371,1.0
0.688334,0.0
0.761137,1.0
0.33526,1.0
0.380161,0.0
0.756497,0.0
0.753227,1.0
0.354117,0.0
0.364746,1.0
0.339084,0.0
0.696582,0.0
0.369417,0.0
0.335363,0.0
0.337916,0.0
0.60892,0.0
0.579097,0.0
0.66048,1.0
0.620312,1.0
0.633771,0.0
0.592541,1.0
0.610916,1.0
0.594985,0.0
0.594468,1.0
0.672877,0.0
0.673961,0.0
0.634208,0.0
0.626732,0.0
0.661419,1.0
0.619441,1.0
0.66132,1.0
0.605129,1.0
0.661136,1.0
0.65967,1.0
0.609001,1.0
0.546453,0.0
0.621085,1.0
0.66048,0.0
0.673833,0.0
0.628125,0.0
0.63418,0.0
0.612082,0.0
0.657436,0.0
0.611233,1.0
0.591981,1.0
0.653686,0.0
0.674239,0.0
0.627926,0.0
0.61553,1.0
0.671943,1.0
0.672451,0.0
0.660757,1.0
0.59115,0.0
0.673864,1.0
0.590827,0.0
0.6744,0.0
0.609033,1.0
0.607989,1.0
0.593047,1.0
0.627928,0.0
0.623141,0.0
0.59438,1.0
0.611311,1.0
0.632027,0.0
0.631106,1.0
0.674524,1.0
0.591644,0.0
0.618999,0.0
0.632284,0.0
0.604648,1.0
0.671668,1.0
0.657693,0.0
0.616922,1.0
0.590996,0.0
0.630661,1.0
0.600634,1.0
0.623472,0.0
0.612271,1.0
0.607921,1.0
0.624001,1.0
0.661625,1.0
0.673288,1.0
0.60442,0.0
0.609604,0.0
0.601042,1.0
0.634217,1.0
0.61357,0.0
0.621662,1.0
0.436511,0.0
0.674236,1.0
0.659554,0.0
0.660036,0.0
0.672778,0.0
0.627328,0.0
0.670843,0.0
0.62471,0.0
0.555108,0.0
0.616681,0.0
0.59418,1.0
0.619252,1.0
0.616216,0.0
0.594532,1.0
0.607412,0.0
0.660746,1.0
0.623084,1.0
0.612323,1.0
0.674239,1.0
0.66088,0.0
0.624569,0.0
0.607623,0.0
0.631708,0.0
0.607068,1.0
0.617897,1.0
0.634248,1.0
0.632263,0.0
0.518832,0.0
0.540728,0.0
0.515226,1.0
0.53572,0.0
0.533856,1.0
0.511183,1.0
0.534597,0.0
0.539791,1.0
0.514763,0.0
0.515818,0.0
0.517817,0.0
0.533818,0.0
0.534307,0.0
0.516695,0.0
0.535803,0.0
0.515247,0.0
0.512617,0.0
0.517768,0.0
0.516808,0.0
0.517861,1.0
0.54353,1.0
0.53372,0.0
0.514718,1.0
0.51759,0.0
0.534212,0.0
0.533811,0.0
0.538234,1.0
0.51455,0.0
0.536268,0.0
0.51543,0.0
0.513846,1.0
0.518741,1.0
0.534223,0.0
0.5343,0.0
0.514412,0.0
0.515316,1.0
0.516609,0.0
0.514447,0.0
0.515823,1.0
0.511469,1.0
0.519639,1.0
0.517775,0.0
0.514266,1.0
0.513374,0.0
0.534258,1.0
0.534541,0.0
0.519707,1.0
0.521122,1.0
0.534101,0.0
0.533227,0.0
0.518609,1.0
0.513558,1.0
0.53786,1.0
0.534131,0.0
0.536768,0.0
0.513402,0.0
0.510704,0.0
0.516597,0.0
0.516651,0.0
0.533241,0.0
0.535045,1.0
0.534712,1.0
0.536306,1.0
0.512609,0.0
0.533672,1.0
0.51556,0.0
0.514828,1.0
0.512983,0.0
0.522907,0.0
0.537157,0.0
0.532874,0.0
0.53827,0.0
0.535628,0.0
0.57232,0.0
0.517039,0.0
0.514096,0.0
0.514504,1.0
0.515343,0.0
0.53425,0.0
0.513336,1.0
0.53456,0.0
0.544307,1.0
0.537897,0.0
0.5354,0.0
0.509653,0.0
0.537856,1.0
0.516563,0.0
0.515875,1.0
0.515847,0.0
0.53545,1.0
0.53435,0.0
0.517303,0.0
0.517072,0.0
0.534645,1.0
0.538633,0.0
0.534164,0.0
0.513804,0.0
0.533957,1.0
0.532872,0.0
0.534133,0.0
0.73356,1.0
0.579342,1.0
0.349601,0.0
0.577627,1.0
0.581931,1.0
0.729482,1.0
0.579466,1.0
0.581611,1.0
0.729386,1.0
0.353904,0.0
0.351386,0.0
0.579547,1.0
0.579813,1.0
0.355104,1.0
0.577539,1.0
0.356695,0.0
0.734403,1.0
0.353961,1.0
0.355928,1.0
0.729075,1.0
0.581701,1.0
0.579273,1.0
0.348497,1.0
0.351667,1.0
0.579765,1.0
0.579558,0.0
0.581565,0.0
0.359014,1.0
0.5778,1.0
0.734475,1.0
0.3569,1.0
0.342919,1.0
0.579773,0.0
0.579334,1.0
0.358251,1.0
0.347176,0.0
0.355375,1.0
0.736172,1.0
0.34846,1.0
0.731595,1.0
0.341158,1.0
0.73333,0.0
0.72932,1.0
0.734219,1.0
0.582134,1.0
0.580027,1.0
0.729027,0.0
0.72787,0.0
0.57962,1.0
0.578904,1.0
0.344923,1.0
0.73163,1.0
0.581349,1.0
0.579547,0.0
0.577732,1.0
0.359069,1.0
0.361728,0.0
0.706941,0.0
0.735097,1.0
0.578944,0.0
0.582134,1.0
0.582275,1.0
0.580184,1.0
0.732296,1.0
0.581539,1.0
0.356191,0.0
0.349824,0.0
0.735647,1.0
0.728625,1.0
0.57775,0.0
0.578906,1.0
0.579116,1.0
0.577576,1.0
0.595536,1.0
0.354174,0.0
0.357271,0.0
0.349605,0.0
0.355398,1.0
0.579819,1.0
0.351145,0.0
0.579906,1.0
0.685021,1.0
0.579059,0.0
0.579964,1.0
0.507897,0.0
0.581561,1.0
0.732216,1.0
0.730852,1.0
0.356261,1.0
0.579951,1.0
0.579434,0.0
0.353862,0.0
0.352585,1.0
0.582241,1.0
0.579075,0.0
0.579591,1.0
0.733976,0.0
0.581707,0.0
0.578904,1.0
0.579547,1.0
0.600888,1.0
0.56594,1.0
0.659837,1.0
0.586,1.0
0.604421,1.0
0.595342,1.0
0.614018,0.0
0.563663,0.0
0.598136,0.0
0.662246,0.0
0.663265,1.0
0.607678,0.0
0.607889,1.0
0.664381,1.0
0.584941,0.0
0.659588,0.0
0.596687,1.0
0.665285,1.0
0.664461,1.0
0.60016,1.0
0.547909,0.0
0.615227,1.0
0.664649,0.0
0.666152,1.0
0.60787,1.0
0.619852,0.0
0.584571,0.0
0.664029,1.0
0.584709,0.0
0.598158,1.0
0.662972,1.0
0.666329,1.0
0.620016,1.0
0.614029,1.0
0.662567,1.0
0.661875,0.0
0.664291,1.0
0.596996,0.0
0.663898,1.0
0.59582,1.0
0.666433,0.0
0.596677,1.0
0.598804,1.0
0.597679,1.0
0.604445,0.0
0.608233,0.0
0.597139,1.0
0.598064,1.0
0.607167,0.0
0.614452,1.0
0.665908,1.0
0.59687,1.0
0.572576,0.0
0.618932,0.0
0.581487,0.0
0.661258,1.0
0.657547,1.0
0.601708,1.0
0.59779,1.0
0.626625,1.0
0.611765,1.0
0.603932,0.0
0.580374,0.0
0.59736,1.0
0.61169,0.0
0.659892,1.0
0.659633,1.0
0.596836,1.0
0.602098,0.0
0.590464,1.0
0.615404,1.0
0.575297,0.0
0.58614,1.0
0.581431,0.0
0.661496,1.0
0.661052,1.0
0.661343,1.0
0.665045,1.0
0.608012,1.0
0.660675,0.0
0.607546,0.0
0.581754,0.0
0.589175,0.0
0.615314,1.0
0.634671,1.0
0.575007,0.0
0.599338,1.0
0.598946,1.0
0.663593,1.0
0.583754,0.0
0.626674,1.0
0.661774,1.0
0.665801,0.0
0.603894,0.0
0.585301,0.0
0.606909,1.0
0.594437,1.0
0.624127,1.0
0.615403,1.0
0.606814,1.0
0.614883,1.0
0.57594,1.0
0.68792,1.0
0.587295,1.0
0.600054,1.0
0.609816,1.0
0.585177,1.0
0.546458,1.0
0.591553,0.0
0.667094,0.0
0.690009,1.0
0.580584,0.0
0.603137,0.0
0.680901,1.0
0.562525,0.0
0.666353,1.0
0.609594,1.0
0.681807,1.0
0.681089,1.0
0.614514,1.0
0.535261,0.0
0.607367,1.0
0.660685,1.0
0.683514,0.0
0.603084,0.0
0.595176,0.0
0.570083,0.0
0.681565,0.0
0.562697,1.0
0.611277,1.0
0.681191,1.0
0.684207,1.0
0.616292,0.0
0.606744,0.0
0.679261,1.0
0.667156,0.0
0.680849,1.0
0.590283,0.0
0.680709,1.0
0.610283,0.0
0.661055,0.0
0.621312,1.0
0.612085,1.0
0.610687,1.0
0.577701,0.0
0.581391,0.0
0.622211,1.0
0.623335,1.0
0.580313,0.0
0.606619,1.0
0.682797,1.0
0.611902,0.0
0.553124,0.0
0.594648,0.0
0.560211,0.0
0.678162,1.0
0.686613,1.0
0.625969,1.0
0.61244,0.0
0.619476,1.0
0.605223,1.0
0.577499,0.0
0.557626,0.0
0.611082,1.0
0.58256,0.0
0.68777,1.0
0.687838,1.0
0.610903,0.0
0.594007,0.0
0.597584,1.0
0.607157,1.0
0.557444,0.0
0.587349,1.0
0.616202,0.0
0.688807,1.0
0.68874,1.0
0.689185,0.0
0.682369,0.0
0.603199,0.0
0.666771,0.0
0.580852,0.0
0.582287,0.0
0.575101,0.0
0.608113,0.0
0.666947,1.0
0.5554,0.0
0.613313,1.0
0.613841,0.0
0.680191,1.0
0.560138,1.0
0.619897,1.0
0.688967,0.0
0.661046,1.0
0.577432,0.0
0.572557,1.0
0.602375,1.0
0.619217,1.0
0.617915,1.0
0.607156,1.0
0.602295,0.0
0.736112,1.0
0.581712,1.0
0.338844,1.0
0.581031,1.0
0.5805,0.0
0.736135,1.0
0.581559,1.0
0.583626,0.0
0.743387,0.0
0.355635,0.0
0.346308,0.0
0.581606,1.0
0.579912,1.0
0.33757,1.0
0.582561,0.0
0.336658,0.0
0.736006,1.0
0.339298,1.0
0.338967,0.0
0.736427,0.0
0.584132,1.0
0.580101,1.0
0.338162,1.0
0.356394,0.0
0.57991,0.0
0.578279,0.0
0.578299,1.0
0.356019,1.0
0.58264,1.0
0.736552,1.0
0.344119,0.0
0.34573,1.0
0.576959,0.0
0.579644,0.0
0.336047,1.0
0.355545,1.0
0.337726,0.0
0.745423,1.0
0.336571,1.0
0.744118,1.0
0.358038,0.0
0.735512,0.0
0.735693,1.0
0.735873,1.0
0.581808,1.0
0.581602,0.0
0.73534,1.0
0.734738,0.0
0.581633,1.0
0.580103,0.0
0.340522,0.0
0.744431,1.0
0.583237,0.0
0.578297,0.0
0.582706,1.0
0.334395,0.0
0.33829,1.0
0.716426,0.0
0.743688,1.0
0.577406,0.0
0.580262,1.0
0.581837,0.0
0.58293,1.0
0.735474,1.0
0.581451,0.0
0.338511,1.0
0.338495,0.0
0.743947,0.0
0.740898,0.0
0.577068,1.0
0.580066,1.0
0.582925,1.0
0.581024,0.0
0.581957,1.0
0.34074,0.0
0.342349,0.0
0.356576,0.0
0.355157,1.0
0.579907,1.0
0.354986,0.0
0.581628,1.0
0.720104,1.0
0.578404,0.0
0.579625,1.0
0.412119,1.0
0.583116,0.0
0.736158,0.0
0.743419,0.0
0.336742,0.0
0.582794,1.0
0.577485,1.0
0.354906,0.0
0.340124,0.0
0.581838,1.0
0.578321,0.0
0.580407,1.0
0.736007,1.0
0.577434,1.0
0.580066,1.0
0.579942,1.0
0.596725,1.0
0.60358,1.0
0.662023,1.0
0.604656,1.0
0.620857,0.0
0.592474,1.0
0.602895,1.0
0.60336,0.0
0.591283,1.0
0.661736,0.0
0.660766,1.0
0.585502,0.0
0.594907,0.0
0.660724,1.0
0.591084,0.0
0.656858,0.0
0.592492,0.0
0.661596,1.0
0.658532,1.0
0.592491,1.0
0.57072,0.0
0.610909,1.0
0.659386,0.0
0.662202,0.0
0.607122,0.0
0.598707,1.0
0.57605,0.0
0.66425,0.0
0.596013,1.0
0.593888,1.0
0.659029,1.0
0.663481,1.0
0.607431,1.0
0.608013,1.0
0.659274,1.0
0.664371,1.0
0.658209,1.0
0.594573,1.0
0.660422,1.0
0.59518,1.0
0.661676,0.0
0.594141,1.0
0.59445,1.0
0.593398,1.0
0.584369,0.0
0.598284,1.0
0.598555,1.0
0.595073,1.0
0.585482,1.0
0.622637,1.0
0.659742,0.0
0.595982,1.0
0.588109,1.0
0.598555,1.0
0.578285,0.0
0.655795,1.0
0.661037,1.0
0.597954,1.0
0.59606,0.0
0.622921,1.0
0.610409,1.0
0.596695,0.0
0.576241,0.0
0.593553,1.0
0.597849,0.0
0.661978,1.0
0.659324,1.0
0.591683,0.0
0.593311,1.0
0.602124,1.0
0.610642,1.0
0.578874,0.0
0.616783,1.0
0.616028,0.0
0.660199,1.0
0.660259,1.0
0.662281,0.0
0.664664,1.0
0.594914,0.0
0.661245,1.0
0.585805,0.0
0.59356,0.0
0.591199,0.0
0.596571,1.0
0.649594,1.0
0.589212,0.0
0.591558,1.0
0.59369,1.0
0.657611,1.0
0.594111,0.0
0.611464,1.0
0.662416,1.0
0.658245,1.0
0.58437,0.0
0.606929,1.0
0.609781,1.0
0.596345,1.0
0.610447,1.0
0.610641,1.0
0.594538,0.0
0.737007,1.0
0.584495,0.0
0.335739,0.0
0.584396,1.0
0.574658,0.0
0.735346,1.0
0.584585,1.0
0.575285,1.0
0.732988,1.0
0.349546,0.0
0.336903,0.0
0.58583,1.0
0.585005,0.0
0.33403,0.0
0.575236,0.0
0.344335,0.0
0.74296,1.0
0.335646,1.0
0.329306,0.0
0.733523,1.0
0.586747,1.0
0.583856,0.0
0.350047,0.0
0.351452,0.0
0.574853,1.0
0.57433,0.0
0.586318,0.0
0.35603,1.0
0.58512,1.0
0.736528,1.0
0.332548,0.0
0.342254,0.0
0.574247,0.0
0.574973,1.0
0.332497,0.0
0.3404,0.0
0.328408,0.0
0.739135,1.0
0.333139,0.0
0.738475,0.0
0.351372,0.0
0.734185,1.0
0.735499,1.0
0.735254,1.0
0.585926,1.0
0.575193,0.0
0.737023,1.0
0.733591,1.0
0.586193,1.0
0.575009,0.0
0.347094,0.0
0.739273,1.0
0.575328,0.0
0.574333,0.0
0.586342,0.0
0.325829,0.0
0.334951,0.0
0.717404,1.0
0.745687,0.0
0.574319,0.0
0.583912,1.0
0.575156,1.0
0.586505,0.0
0.735161,1.0
0.57506,1.0
0.335433,1.0
0.329468,1.0
0.742523,1.0
0.733056,1.0
0.584371,0.0
0.583874,1.0
0.586285,1.0
0.575121,0.0
0.583403,1.0
0.331475,0.0
0.332812,1.0
0.351877,0.0
0.341022,1.0
0.585005,1.0
0.33284,0.0
0.585809,0.0
0.731329,1.0
0.574284,1.0
0.585254,1.0
0.380791,0.0
0.575361,1.0
0.732899,1.0
0.735528,0.0
0.327619,0.0
0.584855,1.0
0.583573,0.0
0.335549,0.0
0.328942,0.0
0.585927,1.0
0.574331,0.0
0.583972,1.0
0.737206,0.0
0.583661,1.0
0.583874,0.0
0.585036,1.0
0.64132,0.0
0.365639,0.0
0.685257,1.0
0.383304,0.0
0.380861,0.0
0.587964,1.0
0.383184,0.0
0.397743,0.0
0.590084,1.0
0.711237,1.0
0.70921,1.0
0.402776,0.0
0.385896,0.0
0.674276,1.0
0.385644,0.0
0.669768,0.0
0.610815,1.0
0.690512,1.0
0.665973,0.0
0.607287,1.0
0.401132,1.0
0.36643,0.0
0.683575,0.0
0.725449,0.0
0.400892,0.0
0.373093,0.0
0.391739,0.0
0.73553,1.0
0.383177,1.0
0.609895,0.0
0.677798,0.0
0.717989,1.0
0.372332,0.0
0.38544,0.0
0.664705,0.0
0.708971,0.0
0.662624,1.0
0.627889,1.0
0.671588,1.0
0.607748,1.0
0.724971,0.0
0.633456,0.0
0.602417,1.0
0.595481,1.0
0.402827,1.0
0.369681,1.0
0.668636,0.0
0.650385,0.0
0.38594,0.0
0.365552,0.0
0.693671,1.0
0.642106,1.0
0.369707,1.0
0.373102,0.0
0.386076,0.0
0.648475,0.0
0.677846,1.0
0.629073,0.0
0.662828,1.0
0.368259,0.0
0.382721,0.0
0.401644,0.0
0.386542,0.0
0.593494,0.0
0.401934,1.0
0.692538,1.0
0.678642,0.0
0.628136,1.0
0.630291,0.0
0.372407,0.0
0.382901,1.0
0.401823,0.0
0.366215,0.0
0.393243,0.0
0.681709,0.0
0.693488,1.0
0.726103,1.0
0.718929,0.0
0.402472,0.0
0.684132,1.0
0.386069,0.0
0.673995,0.0
0.406399,0.0
0.385771,0.0
0.699782,1.0
0.401489,0.0
0.597462,1.0
0.61395,0.0
0.658465,1.0
0.400299,0.0
0.368979,0.0
0.701897,0.0
0.666851,0.0
0.402775,0.0
0.371207,0.0
0.382662,0.0
0.614626,0.0
0.385727,0.0
0.366568,0.0
0.402529,0.0
0.754924,1.0
0.324044,1.0
0.858147,1.0
0.333492,1.0
0.333552,0.0
0.829553,1.0
0.333256,1.0
0.341555,0.0
0.827244,1.0
0.831485,0.0
0.834571,1.0
0.340074,1.0
0.331965,1.0
0.868749,1.0
0.334376,0.0
0.866689,1.0
0.800149,1.0
0.851031,1.0
0.871223,1.0
0.805277,0.0
0.418135,1.0
0.325057,0.0
0.853052,1.0
0.811416,0.0
0.343716,0.0
0.330757,0.0
0.333509,1.0
0.803892,1.0
0.410506,1.0
0.792624,1.0
0.859767,1.0
0.825481,1.0
0.330806,1.0
0.337587,1.0
0.872332,1.0
0.828978,1.0
0.879955,1.0
0.785662,1.0
0.871412,1.0
0.808534,1.0
0.811952,0.0
0.768329,1.0
0.810361,0.0
0.817929,0.0
0.420747,0.0
0.405491,1.0
0.727116,1.0
0.743432,1.0
0.333303,0.0
0.327415,0.0
0.848924,1.0
0.770512,1.0
0.404892,1.0
0.330753,0.0
0.330448,0.0
0.887816,0.0
0.865321,1.0
0.77894,1.0
0.746861,1.0
0.329165,0.0
0.333597,1.0
0.343438,1.0
0.330504,0.0
0.814111,0.0
0.424428,0.0
0.849078,1.0
0.857327,1.0
0.781689,1.0
0.763189,1.0
0.327914,0.0
0.411511,0.0
0.33888,0.0
0.327508,0.0
0.337343,0.0
0.856066,1.0
0.848166,1.0
0.816375,1.0
0.816291,1.0
0.340829,0.0
0.859326,0.0
0.331173,1.0
0.699599,0.0
0.346181,0.0
0.334188,0.0
0.839653,1.0
0.342807,1.0
0.817299,1.0
0.791538,0.0
0.883864,1.0
0.339578,1.0
0.326611,0.0
0.836092,0.0
0.870572,1.0
0.339962,0.0
0.330137,1.0
0.333513,0.0
0.791891,1.0
0.335429,0.0
0.325117,1.0
0.340827,0.0
0.638569,0.0
0.351552,0.0
0.683328,1.0
0.352535,1.0
0.289306,1.0
0.591505,1.0
0.352319,0.0
0.287748,1.0
0.593288,1.0
0.703948,0.0
0.704787,0.0
0.35259,0.0
0.353945,0.0
0.673815,1.0
0.288694,0.0
0.668087,1.0
0.614257,1.0
0.692078,1.0
0.663805,1.0
0.603958,0.0
0.445583,1.0
0.285808,0.0
0.67995,1.0
0.713368,1.0
0.288633,0.0
0.289079,0.0
0.353766,0.0
0.737547,1.0
0.442664,1.0
0.608167,1.0
0.673616,1.0
0.713312,1.0
0.357081,0.0
0.356375,0.0
0.662936,0.0
0.701259,0.0
0.663885,1.0
0.628881,1.0
0.671527,1.0
0.605386,1.0
0.712913,0.0
0.630128,1.0
0.599752,0.0
0.59358,0.0
0.363852,1.0
0.446248,0.0
0.665666,0.0
0.647532,0.0
0.28425,0.0
0.288155,0.0
0.691922,1.0
0.642839,1.0
0.445494,1.0
0.289073,0.0
0.285016,0.0
0.647222,1.0
0.676886,1.0
0.624823,1.0
0.659506,0.0
0.288982,0.0
0.352854,0.0
0.356906,0.0
0.284933,0.0
0.588067,0.0
0.368836,0.0
0.694002,1.0
0.677951,1.0
0.630686,1.0
0.628586,0.0
0.286691,0.0
0.36107,0.0
0.283936,0.0
0.288058,1.0
0.285397,1.0
0.676896,0.0
0.694665,1.0
0.722238,1.0
0.715725,1.0
0.285421,0.0
0.678614,1.0
0.353016,0.0
0.669282,0.0
0.288999,1.0
0.28507,1.0
0.697841,1.0
0.356265,1.0
0.600154,1.0
0.601575,0.0
0.660494,1.0
0.35299,1.0
0.286483,1.0
0.690763,0.0
0.664515,1.0
0.284559,0.0
0.35667,0.0
0.285449,0.0
0.607659,1.0
0.286175,0.0
0.352451,0.0
0.2854,0.0
0.592164,0.0
0.60807,1.0
0.50998,0.0
0.593812,1.0
0.607816,0.0
0.57172,1.0
0.608612,1.0
0.608819,1.0
0.572221,0.0
0.526122,1.0
0.52406,1.0
0.60891,0.0
0.60798,1.0
0.505906,0.0
0.620617,1.0
0.502741,1.0
0.57868,1.0
0.513742,1.0
0.500784,0.0
0.585965,1.0
0.576765,1.0
0.620709,0.0
0.50806,0.0
0.52392,0.0
0.621281,0.0
0.620375,0.0
0.608074,0.0
0.530542,1.0
0.577103,1.0
0.576512,1.0
0.505189,0.0
0.521968,0.0
0.6073,0.0
0.608034,1.0
0.50628,0.0
0.522263,1.0
0.501395,1.0
0.582719,1.0
0.504833,0.0
0.575967,1.0
0.528915,0.0
0.586025,1.0
0.583852,1.0
0.581331,1.0
0.597057,0.0
0.592417,1.0
0.600384,1.0
0.596524,0.0
0.621548,1.0
0.620383,1.0
0.513591,0.0
0.587581,1.0
0.575567,0.0
0.620376,0.0
0.621103,0.0
0.495395,0.0
0.507224,1.0
0.583987,0.0
0.596325,1.0
0.620315,1.0
0.608527,0.0
0.608234,1.0
0.62112,0.0
0.579293,0.0
0.61089,1.0
0.514458,0.0
0.507158,1.0
0.583752,1.0
0.589335,1.0
0.620684,1.0
0.61171,0.0
0.621885,1.0
0.607758,0.0
0.609104,1.0
0.512401,0.0
0.514758,1.0
0.525218,1.0
0.522468,0.0
0.621722,0.0
0.510581,1.0
0.608119,1.0
0.600814,1.0
0.608817,0.0
0.608986,1.0
0.516125,0.0
0.593465,0.0
0.575648,0.0
0.584562,0.0
0.499809,1.0
0.594053,0.0
0.608068,0.0
0.5206,1.0
0.501076,1.0
0.62183,1.0
0.607347,0.0
0.621344,1.0
0.578009,1.0
0.621309,0.0
0.607948,0.0
0.621726,1.0
0.617038,1.0
0.637775,1.0
0.683048,1.0
0.595281,1.0
0.630885,1.0
0.612614,1.0
0.639033,1.0
0.633528,1.0
0.613755,1.0
0.684376,0.0
0.682757,1.0
0.639615,1.0
0.637715,1.0
0.681139,1.0
0.664776,1.0
0.678311,1.0
0.614381,1.0
0.68342,1.0
0.678609,1.0
0.614829,1.0
0.545991,0.0
0.664739,1.0
0.682001,1.0
0.689474,1.0
0.66625,0.0
0.664254,1.0
0.637653,1.0
0.689668,1.0
0.547142,1.0
0.613708,1.0
0.680656,1.0
0.688085,1.0
0.635818,1.0
0.637854,1.0
0.675445,1.0
0.681812,0.0
0.677747,1.0
0.61585,1.0
0.680675,1.0
0.613571,1.0
0.686679,1.0
0.618998,1.0
0.613486,1.0
0.612139,1.0
0.60526,0.0
0.596282,0.0
0.620254,0.0
0.620087,1.0
0.66641,0.0
0.664196,1.0
0.684635,1.0
0.618049,1.0
0.542319,1.0
0.664255,0.0
0.665595,1.0
0.676723,1.0
0.680461,1.0
0.620461,1.0
0.616928,1.0
0.664107,1.0
0.638543,1.0
0.638487,0.0
0.665629,1.0
0.612843,1.0
0.647749,0.0
0.685049,1.0
0.680435,1.0
0.616352,1.0
0.614582,1.0
0.664742,1.0
0.648745,1.0
0.667187,1.0
0.630684,1.0
0.634053,0.0
0.678537,1.0
0.683872,1.0
0.688002,1.0
0.688162,1.0
0.666982,0.0
0.682769,0.0
0.638017,0.0
0.619793,1.0
0.633322,0.0
0.633735,1.0
0.684642,1.0
0.593416,1.0
0.615418,1.0
0.615076,1.0
0.67699,1.0
0.59491,1.0
0.631348,1.0
0.681927,1.0
0.677528,1.0
0.667114,0.0
0.635918,1.0
0.666036,1.0
0.61543,1.0
0.666056,1.0
0.63718,1.0
0.666943,0.0
0.734381,1.0
0.579148,0.0
0.3297,0.0
0.579228,0.0
0.578173,0.0
0.733398,1.0
0.57934,1.0
0.57854,0.0
0.733146,1.0
0.349975,0.0
0.33247,0.0
0.579402,1.0
0.579234,1.0
0.328555,0.0
0.57911,0.0
0.327838,0.0
0.735522,1.0
0.33179,0.0
0.32701,0.0
0.732997,0.0
0.581471,1.0
0.579042,1.0
0.329132,0.0
0.33581,0.0
0.577948,1.0
0.579074,0.0
0.579224,0.0
0.33975,0.0
0.579873,1.0
0.734122,0.0
0.328355,0.0
0.334601,0.0
0.579143,0.0
0.579358,0.0
0.326107,0.0
0.348285,0.0
0.327754,0.0
0.737113,1.0
0.328091,1.0
0.734717,1.0
0.334647,0.0
0.734756,0.0
0.732943,1.0
0.732542,1.0
0.578529,1.0
0.579059,0.0
0.742134,0.0
0.733686,1.0
0.577954,1.0
0.579048,0.0
0.331025,0.0
0.737547,1.0
0.574541,0.0
0.577811,0.0
0.579092,1.0
0.325861,1.0
0.329494,0.0
0.732821,1.0
0.737258,1.0
0.57906,0.0
0.579315,1.0
0.578568,1.0
0.579093,1.0
0.731226,1.0
0.578995,1.0
0.331323,0.0
0.329072,0.0
0.736669,1.0
0.733392,0.0
0.579066,0.0
0.579897,0.0
0.579214,0.0
0.578118,1.0
0.577828,1.0
0.327488,0.0
0.332156,0.0
0.336707,0.0
0.334808,1.0
0.577927,1.0
0.34801,0.0
0.578378,0.0
0.734134,1.0
0.577621,0.0
0.578495,0.0
0.335296,0.0
0.578397,0.0
0.733175,0.0
0.731904,0.0
0.327344,0.0
0.578419,0.0
0.578133,0.0
0.331311,0.0
0.327371,1.0
0.577998,1.0
0.579138,1.0
0.579167,1.0
0.733472,1.0
0.579177,1.0
0.579123,1.0
0.578006,1.0
0.529016,0.0
0.533308,0.0
0.535739,0.0
0.537261,0.0
0.534261,1.0
0.534356,1.0
0.53202,0.0
0.534428,1.0
0.53413,1.0
0.531462,1.0
0.534294,0.0
0.53169,0.0
0.532097,0.0
0.53651,0.0
0.531976,0.0
0.537063,0.0
0.530876,1.0
0.534922,0.0
0.537373,0.0
0.53696,0.0
0.541663,1.0
0.530789,0.0
0.536143,1.0
0.532175,0.0
0.531955,0.0
0.531779,0.0
0.532933,1.0
0.530425,0.0
0.539997,0.0
0.535784,0.0
0.536601,1.0
0.532998,1.0
0.533039,0.0
0.533225,0.0
0.537802,0.0
0.532865,1.0
0.537256,0.0
0.529251,0.0
0.532277,1.0
0.532168,1.0
0.532775,1.0
0.535308,0.0
0.532597,1.0
0.533019,1.0
0.535448,1.0
0.537236,0.0
0.529475,1.0
0.528881,1.0
0.532186,0.0
0.532029,0.0
0.535,0.0
0.527933,1.0
0.542902,0.0
0.533272,1.0
0.530741,0.0
0.533911,1.0
0.536231,0.0
0.531966,0.0
0.526009,0.0
0.532028,0.0
0.531758,1.0
0.533418,1.0
0.530739,1.0
0.534327,1.0
0.532677,1.0
0.534806,0.0
0.53627,0.0
0.529,1.0
0.533794,1.0
0.531999,1.0
0.532085,0.0
0.531828,0.0
0.532899,0.0
0.534489,0.0
0.536797,0.0
0.534682,0.0
0.532067,0.0
0.527654,0.0
0.531931,1.0
0.533476,0.0
0.534908,0.0
0.522413,1.0
0.535752,0.0
0.53444,1.0
0.534074,1.0
0.536747,1.0
0.537906,0.0
0.536979,0.0
0.537509,0.0
0.536635,1.0
0.534255,1.0
0.534854,0.0
0.533049,1.0
0.532133,0.0
0.531894,0.0
0.530903,1.0
0.532749,0.0
0.530703,1.0
0.531855,0.0
0.532139,1.0
0.732508,1.0
0.574448,1.0
0.330883,0.0
0.572809,1.0
0.576219,1.0
0.723547,1.0
0.581887,1.0
0.576144,0.0
0.723629,1.0
0.327152,0.0
0.332082,0.0
0.581665,1.0
0.581932,1.0
0.330411,0.0
0.574458,0.0
0.329854,0.0
0.726733,1.0
0.331823,0.0
0.329773,1.0
0.726105,1.0
0.596638,1.0
0.581053,1.0
0.321913,1.0
0.334608,0.0
0.582122,1.0
0.574522,0.0
0.576908,0.0
0.337265,1.0
0.592221,1.0
0.726967,0.0
0.321564,0.0
0.325222,0.0
0.574581,0.0
0.574516,1.0
0.329386,0.0
0.325279,1.0
0.329918,1.0
0.734875,1.0
0.325702,0.0
0.725521,0.0
0.325166,0.0
0.728772,0.0
0.724002,1.0
0.723385,1.0
0.587191,1.0
0.574303,0.0
0.72668,0.0
0.726546,0.0
0.582301,1.0
0.57444,0.0
0.331585,0.0
0.72978,0.0
0.560375,0.0
0.576802,0.0
0.581027,0.0
0.324453,0.0
0.330646,0.0
0.73191,0.0
0.735758,1.0
0.574444,0.0
0.584213,1.0
0.585688,1.0
0.583528,1.0
0.72201,1.0
0.585183,0.0
0.331739,0.0
0.330341,1.0
0.728546,0.0
0.721048,0.0
0.57676,0.0
0.574805,1.0
0.574485,1.0
0.582462,0.0
0.583992,0.0
0.329761,0.0
0.332016,0.0
0.334956,0.0
0.339133,0.0
0.58463,1.0
0.333465,0.0
0.574476,1.0
0.730163,1.0
0.574013,0.0
0.576123,0.0
0.324992,0.0
0.575397,1.0
0.726067,0.0
0.725057,0.0
0.329771,0.0
0.575458,1.0
0.576205,1.0
0.331395,1.0
0.325013,1.0
0.582268,1.0
0.581782,0.0
0.583648,1.0
0.730921,0.0
0.58351,0.0
0.581755,1.0
0.5848,1.0
0.747058,1.0
0.592944,1.0
0.357397,0.0
0.594199,1.0
0.593964,1.0
0.743697,1.0
0.59588,1.0
0.556392,1.0
0.743828,1.0
0.349071,0.0
0.354693,0.0
0.595623,1.0
0.59593,1.0
0.358891,1.0
0.558042,0.0
0.359886,1.0
0.746049,1.0
0.355972,0.0
0.383598,1.0
0.743245,1.0
0.608852,1.0
0.595188,1.0
0.381767,1.0
0.350667,0.0
0.596063,1.0
0.558168,0.0
0.557509,1.0
0.376034,1.0
0.60588,1.0
0.726988,1.0
0.358866,1.0
0.351958,1.0
0.557986,1.0
0.592917,1.0
0.361355,1.0
0.378075,0.0
0.38346,0.0
0.747737,1.0
0.356998,0.0
0.726996,1.0
0.35143,0.0
0.726069,0.0
0.744482,1.0
0.744253,1.0
0.599009,1.0
0.556968,1.0
0.726289,1.0
0.726211,1.0
0.596244,1.0
0.558014,1.0
0.356018,1.0
0.727722,1.0
0.538409,1.0
0.557152,0.0
0.560126,1.0
0.359767,1.0
0.358412,0.0
0.725803,1.0
0.7492,1.0
0.558019,0.0
0.596466,1.0
0.597689,1.0
0.595933,1.0
0.743282,1.0
0.559927,0.0
0.355624,0.0
0.382296,0.0
0.72774,1.0
0.726672,1.0
0.557525,0.0
0.592511,1.0
0.59247,1.0
0.559756,1.0
0.559866,1.0
0.359376,1.0
0.355531,0.0
0.350578,1.0
0.349787,1.0
0.596887,1.0
0.353337,0.0
0.593556,1.0
0.749131,1.0
0.556814,0.0
0.556369,1.0
0.355158,0.0
0.594771,1.0
0.725829,1.0
0.725879,0.0
0.360765,0.0
0.594737,1.0
0.593963,0.0
0.380683,1.0
0.382119,0.0
0.596211,1.0
0.560175,0.0
0.596076,1.0
0.726708,1.0
0.559793,0.0
0.595735,1.0
0.597058,1.0
0.750743,1.0
0.60177,0.0
0.316407,0.0
0.603913,1.0
0.603399,1.0
0.74995,1.0
0.602794,1.0
0.589244,1.0
0.749983,0.0
0.320569,0.0
0.31759,0.0
0.602555,1.0
0.602838,1.0
0.360094,0.0
0.551928,1.0
0.359983,0.0
0.751485,1.0
0.317266,1.0
0.363725,0.0
0.747891,1.0
0.615543,1.0
0.602308,1.0
0.363836,1.0
0.320035,0.0
0.602948,1.0
0.552056,1.0
0.589241,0.0
0.36679,1.0
0.613108,1.0
0.744735,1.0
0.360052,1.0
0.360538,0.0
0.589188,0.0
0.601711,1.0
0.360046,0.0
0.324009,0.0
0.319646,1.0
0.752868,1.0
0.316421,0.0
0.747355,1.0
0.318885,0.0
0.715652,1.0
0.749632,0.0
0.749331,1.0
0.605497,1.0
0.589524,0.0
0.74831,0.0
0.747048,0.0
0.603106,1.0
0.589082,0.0
0.360103,0.0
0.750378,0.0
0.579347,1.0
0.55046,0.0
0.590096,1.0
0.360016,0.0
0.316128,1.0
0.747603,1.0
0.752957,1.0
0.551905,0.0
0.603582,1.0
0.604489,0.0
0.603237,0.0
0.748732,1.0
0.552008,0.0
0.317232,0.0
0.320372,0.0
0.749295,1.0
0.744236,1.0
0.550934,0.0
0.601166,1.0
0.601283,1.0
0.590477,0.0
0.590801,0.0
0.359759,0.0
0.317458,0.0
0.361074,1.0
0.361475,0.0
0.603975,1.0
0.318701,0.0
0.602381,1.0
0.751358,1.0
0.550655,0.0
0.589241,1.0
0.318121,0.0
0.604746,0.0
0.744203,0.0
0.71197,1.0
0.31524,0.0
0.604674,1.0
0.562854,0.0
0.363925,0.0
0.320267,0.0
0.603081,1.0
0.553031,0.0
0.603374,1.0
0.746657,1.0
0.552213,0.0
0.602658,1.0
0.604127,1.0
0.592768,1.0
0.57516,0.0
0.658349,1.0
0.555429,1.0
0.55754,1.0
0.589842,1.0
0.563497,1.0
0.564997,0.0
0.585693,1.0
0.66232,1.0
0.659918,1.0
0.56411,0.0
0.563384,0.0
0.648906,1.0
0.586766,1.0
0.648191,1.0
0.590451,1.0
0.661722,1.0
0.649717,1.0
0.590825,1.0
0.528951,0.0
0.564443,1.0
0.653467,0.0
0.661987,0.0
0.563125,0.0
0.587111,1.0
0.580046,1.0
0.660135,0.0
0.533677,1.0
0.587099,1.0
0.650817,1.0
0.652975,1.0
0.582843,0.0
0.563102,1.0
0.647166,1.0
0.662703,0.0
0.660883,1.0
0.591263,0.0
0.65833,1.0
0.588453,0.0
0.661204,0.0
0.598556,1.0
0.586937,1.0
0.590305,1.0
0.55675,0.0
0.579059,0.0
0.590316,1.0
0.589046,1.0
0.562732,0.0
0.58325,1.0
0.650847,1.0
0.587457,1.0
0.517501,1.0
0.592466,1.0
0.572011,0.0
0.647994,1.0
0.660228,1.0
0.592085,1.0
0.592957,1.0
0.596735,1.0
0.561043,1.0
0.571382,0.0
0.573964,0.0
0.59019,1.0
0.5934,0.0
0.659391,1.0
0.65956,1.0
0.590167,1.0
0.588567,0.0
0.594048,1.0
0.564772,1.0
0.564188,0.0
0.581122,1.0
0.579912,0.0
0.648529,1.0
0.659475,1.0
0.65672,0.0
0.654988,1.0
0.56003,0.0
0.660688,0.0
0.56126,0.0
0.593813,0.0
0.592761,0.0
0.564936,1.0
0.659486,1.0
0.564826,0.0
0.583498,1.0
0.596476,1.0
0.656257,1.0
0.553157,1.0
0.58461,1.0
0.65301,0.0
0.659356,1.0
0.562789,0.0
0.596875,0.0
0.561297,1.0
0.58984,1.0
0.594904,0.0
0.563845,1.0
0.559653,0.0
0.735075,1.0
0.575412,1.0
0.322933,0.0
0.594797,1.0
0.594556,1.0
0.7326,1.0
0.592875,1.0
0.59199,0.0
0.727952,0.0
0.3264,0.0
0.323907,0.0
0.592224,1.0
0.592336,1.0
0.321976,1.0
0.584192,0.0
0.321689,1.0
0.734935,1.0
0.328636,1.0
0.322208,0.0
0.730816,0.0
0.597804,0.0
0.592755,1.0
0.346739,0.0
0.343644,0.0
0.592373,1.0
0.584179,0.0
0.572036,1.0
0.35058,1.0
0.598184,1.0
0.728809,1.0
0.326092,1.0
0.323696,1.0
0.573091,0.0
0.593197,1.0
0.321465,1.0
0.344161,0.0
0.327851,0.0
0.744528,1.0
0.322973,0.0
0.739775,1.0
0.343091,0.0
0.731698,0.0
0.728184,1.0
0.732513,1.0
0.593422,1.0
0.573034,1.0
0.729608,0.0
0.727652,1.0
0.592431,1.0
0.572289,1.0
0.322567,0.0
0.730887,1.0
0.601303,0.0
0.565916,0.0
0.590488,0.0
0.321693,1.0
0.327477,0.0
0.731903,1.0
0.737897,1.0
0.566947,0.0
0.593489,1.0
0.575923,1.0
0.575713,0.0
0.731653,1.0
0.567907,0.0
0.323608,0.0
0.323602,0.0
0.733957,1.0
0.737055,1.0
0.566235,1.0
0.59287,0.0
0.592433,1.0
0.57264,1.0
0.57349,1.0
0.321641,0.0
0.323774,0.0
0.347904,0.0
0.325155,0.0
0.593071,1.0
0.343067,0.0
0.592924,1.0
0.745031,1.0
0.56732,0.0
0.592463,1.0
0.324211,0.0
0.57568,0.0
0.722704,1.0
0.729181,1.0
0.321943,1.0
0.595568,0.0
0.568255,0.0
0.34268,0.0
0.323533,0.0
0.592424,1.0
0.568442,0.0
0.593486,1.0
0.730732,1.0
0.567966,1.0
0.592815,1.0
0.593132,1.0
0.745273,1.0
0.59681,0.0
0.362047,0.0
0.600046,1.0
0.599964,1.0
0.742113,1.0
0.599128,1.0
0.561052,0.0
0.725541,0.0
0.357043,0.0
0.360379,1.0
0.602242,1.0
0.602286,1.0
0.386192,1.0
0.558151,1.0
0.386494,1.0
0.744284,1.0
0.382338,1.0
0.365367,1.0
0.725866,1.0
0.563972,1.0
0.599098,1.0
0.361014,1.0
0.355806,0.0
0.602298,1.0
0.558177,0.0
0.593874,1.0
0.378958,1.0
0.600666,1.0
0.741346,1.0
0.385577,0.0
0.384094,0.0
0.554496,0.0
0.59937,1.0
0.386925,1.0
0.354884,1.0
0.360279,1.0
0.747375,1.0
0.362051,0.0
0.743929,1.0
0.35699,0.0
0.725595,1.0
0.74127,1.0
0.742885,1.0
0.602709,1.0
0.596336,1.0
0.725783,0.0
0.741478,1.0
0.602319,1.0
0.593734,0.0
0.364309,0.0
0.742186,1.0
0.563272,0.0
0.55141,0.0
0.561123,1.0
0.386582,1.0
0.360793,0.0
0.741454,1.0
0.747205,1.0
0.552404,0.0
0.599398,1.0
0.596969,1.0
0.556516,0.0
0.742017,1.0
0.551653,0.0
0.360959,1.0
0.360966,0.0
0.743646,1.0
0.744009,1.0
0.591941,0.0
0.562381,1.0
0.602476,1.0
0.59385,1.0
0.596332,1.0
0.366158,0.0
0.360889,0.0
0.357131,0.0
0.360069,1.0
0.602642,1.0
0.357717,1.0
0.602683,1.0
0.751275,1.0
0.551066,1.0
0.60011,1.0
0.360885,0.0
0.555728,0.0
0.738586,1.0
0.741674,1.0
0.385013,0.0
0.562713,1.0
0.553192,0.0
0.360947,1.0
0.361168,0.0
0.602317,1.0
0.552316,0.0
0.599411,1.0
0.741498,1.0
0.594381,1.0
0.599106,1.0
0.602665,1.0
0.82182,0.0
0.417256,1.0
0.89278,1.0
0.417706,0.0
0.417981,0.0
0.856306,1.0
0.415712,1.0
0.410359,0.0
0.864327,1.0
0.874411,0.0
0.896188,1.0
0.424752,0.0
0.424687,0.0
0.908317,1.0
0.42206,0.0
0.909998,1.0
0.84032,1.0
0.883455,1.0
0.91189,1.0
0.866657,1.0
0.408488,1.0
0.415973,1.0
0.889668,1.0
0.861543,1.0
0.424645,0.0
0.406311,0.0
0.434334,1.0
0.842271,1.0
0.411456,1.0
0.865494,1.0
0.89446,1.0
0.886967,1.0
0.415207,1.0
0.417222,1.0
0.912232,1.0
0.867947,1.0
0.894674,1.0
0.811406,1.0
0.892784,1.0
0.843618,1.0
0.866384,1.0
0.851517,1.0
0.859982,1.0
0.849055,1.0
0.424117,1.0
0.44167,1.0
0.836583,0.0
0.848749,1.0
0.424598,0.0
0.415736,0.0
0.900138,1.0
0.854582,1.0
0.507709,1.0
0.41858,0.0
0.421323,0.0
0.910415,1.0
0.887259,1.0
0.851988,1.0
0.805148,1.0
0.41413,0.0
0.41611,1.0
0.432332,1.0
0.407423,0.0
0.854916,1.0
0.42305,0.0
0.898123,1.0
0.889026,1.0
0.844605,1.0
0.838374,1.0
0.425618,0.0
0.40707,0.0
0.426312,0.0
0.431104,0.0
0.438864,1.0
0.905981,0.0
0.888644,1.0
0.865005,1.0
0.894761,1.0
0.425067,0.0
0.878948,1.0
0.426167,0.0
0.740535,0.0
0.440472,0.0
0.426615,1.0
0.888191,1.0
0.411673,1.0
0.880637,1.0
0.847909,1.0
0.893119,1.0
0.408281,0.0
0.412496,1.0
0.890754,0.0
0.889708,0.0
0.424611,0.0
0.419974,0.0
0.416308,1.0
0.858026,1.0
0.44688,1.0
0.415737,0.0
0.425031,0.0
0.621477,1.0
0.583288,1.0
0.568667,1.0
0.602234,1.0
0.602184,0.0
0.623557,1.0
0.586337,1.0
0.599895,1.0
0.625249,0.0
0.56884,1.0
0.567714,1.0
0.601547,0.0
0.601562,1.0
0.569499,0.0
0.599472,1.0
0.569755,1.0
0.620145,1.0
0.565438,0.0
0.570131,1.0
0.624676,1.0
0.586371,1.0
0.586291,1.0
0.566666,0.0
0.562921,0.0
0.60157,0.0
0.599807,0.0
0.582812,0.0
0.557583,1.0
0.587279,1.0
0.621763,1.0
0.568794,1.0
0.567483,0.0
0.581393,0.0
0.586122,1.0
0.570086,1.0
0.5629,1.0
0.567475,1.0
0.617405,1.0
0.56867,1.0
0.620999,1.0
0.563857,0.0
0.624771,1.0
0.623199,0.0
0.621555,1.0
0.585478,0.0
0.581946,1.0
0.626899,1.0
0.622908,1.0
0.60158,1.0
0.599662,1.0
0.569918,0.0
0.623208,1.0
0.558866,0.0
0.596972,1.0
0.60012,1.0
0.569816,1.0
0.567707,1.0
0.625677,0.0
0.616329,1.0
0.597839,1.0
0.586306,0.0
0.583554,1.0
0.599789,1.0
0.6231,1.0
0.596536,1.0
0.568024,0.0
0.568018,1.0
0.620894,1.0
0.618606,1.0
0.597721,1.0
0.602001,0.0
0.601352,1.0
0.599747,1.0
0.58241,1.0
0.573992,0.0
0.567953,0.0
0.563604,1.0
0.567496,0.0
0.601554,0.0
0.564851,1.0
0.6014,0.0
0.608459,1.0
0.596218,0.0
0.584667,0.0
0.567847,0.0
0.582325,0.0
0.625446,0.0
0.622476,0.0
0.568563,1.0
0.601939,1.0
0.581436,0.0
0.569987,0.0
0.571426,1.0
0.601578,0.0
0.597136,0.0
0.586276,1.0
0.623692,1.0
0.580891,0.0
0.602394,0.0
0.601562,1.0
0.823144,1.0
0.437929,1.0
0.886095,1.0
0.329652,0.0
0.326389,1.0
0.857198,1.0
0.423769,1.0
0.340794,0.0
0.855587,1.0
0.866861,1.0
0.8961,1.0
0.325792,1.0
0.329178,0.0
0.903465,1.0
0.343317,0.0
0.905237,1.0
0.843988,1.0
0.883767,1.0
0.907754,1.0
0.866304,1.0
0.423905,1.0
0.423982,1.0
0.890154,1.0
0.858628,0.0
0.325688,0.0
0.340733,0.0
0.4371,1.0
0.847757,1.0
0.418231,1.0
0.863993,1.0
0.885946,1.0
0.879078,0.0
0.447986,0.0
0.42441,1.0
0.906912,0.0
0.873068,1.0
0.894892,1.0
0.818707,1.0
0.886091,1.0
0.846565,1.0
0.862888,0.0
0.854783,1.0
0.858194,0.0
0.851101,0.0
0.419672,0.0
0.441611,1.0
0.828942,1.0
0.85048,0.0
0.329106,0.0
0.341266,0.0
0.891444,1.0
0.855739,1.0
0.565807,1.0
0.354562,1.0
0.338487,1.0
0.905548,1.0
0.881538,1.0
0.852028,1.0
0.813206,1.0
0.351878,1.0
0.419548,0.0
0.434481,0.0
0.343366,0.0
0.855927,1.0
0.353671,0.0
0.897026,1.0
0.883023,1.0
0.847508,1.0
0.841761,1.0
0.347233,0.0
0.331986,0.0
0.329452,0.0
0.338767,1.0
0.4397,0.0
0.89271,1.0
0.882117,1.0
0.86232,1.0
0.894433,1.0
0.325425,0.0
0.882208,0.0
0.325696,0.0
0.745184,0.0
0.349241,0.0
0.425569,0.0
0.881766,1.0
0.442936,1.0
0.874068,1.0
0.848485,1.0
0.884875,1.0
0.334961,0.0
0.450246,0.0
0.887661,0.0
0.879899,1.0
0.325653,0.0
0.348227,1.0
0.423781,1.0
0.858338,0.0
0.443678,1.0
0.326603,0.0
0.328841,1.0
0.619335,0.0
0.579633,1.0
0.566892,1.0
0.614167,1.0
0.601128,0.0
0.624256,1.0
0.58367,1.0
0.611734,1.0
0.624088,0.0
0.563902,1.0
0.568317,1.0
0.601404,0.0
0.614389,1.0
0.569515,0.0
0.612218,1.0
0.569563,1.0
0.621381,1.0
0.566737,1.0
0.569891,1.0
0.624875,1.0
0.58322,1.0
0.583633,0.0
0.567677,0.0
0.566087,0.0
0.615099,1.0
0.611888,1.0
0.581057,1.0
0.56074,1.0
0.584669,1.0
0.622062,1.0
0.566871,1.0
0.569148,1.0
0.59356,0.0
0.583573,1.0
0.572606,1.0
0.564936,1.0
0.568152,1.0
0.61966,1.0
0.566893,0.0
0.622101,1.0
0.56675,1.0
0.6255,1.0
0.626499,1.0
0.625423,1.0
0.601009,0.0
0.580608,1.0
0.622899,1.0
0.626521,1.0
0.614397,1.0
0.611908,1.0
0.567851,0.0
0.623943,1.0
0.544707,0.0
0.595073,1.0
0.598753,1.0
0.569602,1.0
0.56622,1.0
0.626429,0.0
0.618709,1.0
0.595493,1.0
0.600823,1.0
0.598569,1.0
0.611311,1.0
0.623791,1.0
0.609996,1.0
0.568632,0.0
0.56644,1.0
0.621959,1.0
0.619661,1.0
0.611211,0.0
0.613727,1.0
0.61439,1.0
0.599156,1.0
0.597757,1.0
0.568022,0.0
0.566486,1.0
0.563218,1.0
0.568275,0.0
0.615143,0.0
0.569398,1.0
0.615134,1.0
0.611265,1.0
0.611979,0.0
0.599968,1.0
0.566418,0.0
0.57756,0.0
0.625093,1.0
0.623191,0.0
0.566713,1.0
0.613111,1.0
0.592969,0.0
0.570337,1.0
0.565952,1.0
0.615103,0.0
0.596458,1.0
0.58368,0.0
0.627152,1.0
0.579969,0.0
0.614773,0.0
0.600642,1.0
0.502091,0.0
0.540984,0.0
0.504264,1.0
0.532349,0.0
0.534176,1.0
0.495534,1.0
0.540273,1.0
0.532981,1.0
0.497282,0.0
0.506818,0.0
0.503071,0.0
0.534108,0.0
0.532282,0.0
0.504335,1.0
0.532889,0.0
0.502009,1.0
0.496911,1.0
0.504689,0.0
0.501673,0.0
0.495211,1.0
0.54027,1.0
0.539388,1.0
0.505966,1.0
0.510266,1.0
0.531987,1.0
0.532818,1.0
0.540667,1.0
0.509184,1.0
0.539964,1.0
0.494311,0.0
0.504334,1.0
0.505863,1.0
0.537478,0.0
0.540305,0.0
0.502372,0.0
0.505976,1.0
0.503246,1.0
0.50025,0.0
0.506254,1.0
0.496798,1.0
0.507889,1.0
0.497454,1.0
0.496775,1.0
0.497421,0.0
0.535112,1.0
0.541266,0.0
0.501607,1.0
0.49919,1.0
0.53228,1.0
0.532951,0.0
0.50569,1.0
0.495863,1.0
0.534997,1.0
0.536767,1.0
0.535909,0.0
0.501969,1.0
0.504844,1.0
0.499106,0.0
0.50115,1.0
0.53665,1.0
0.536305,1.0
0.537475,1.0
0.533107,1.0
0.495956,1.0
0.533488,1.0
0.505055,1.0
0.504652,0.0
0.496671,1.0
0.497941,1.0
0.532067,1.0
0.532356,1.0
0.53228,0.0
0.535848,0.0
0.537774,1.0
0.505628,0.0
0.504814,1.0
0.507318,0.0
0.505373,1.0
0.530897,1.0
0.505457,1.0
0.531976,1.0
0.510356,1.0
0.531725,0.0
0.536559,0.0
0.506786,0.0
0.540023,1.0
0.4935,1.0
0.499108,1.0
0.50443,1.0
0.532636,1.0
0.53771,1.0
0.504987,1.0
0.505175,1.0
0.530908,0.0
0.536268,1.0
0.539374,0.0
0.496855,0.0
0.540145,1.0
0.531005,0.0
0.535436,0.0
0.536648,1.0
0.541815,1.0
0.540874,1.0
0.532982,0.0
0.536435,1.0
0.543431,1.0
0.541122,1.0
0.533536,1.0
0.53985,0.0
0.535103,1.0
0.537279,0.0
0.536141,0.0
0.532927,1.0
0.541801,1.0
0.533248,0.0
0.541857,0.0
0.541597,0.0
0.536416,0.0
0.538011,1.0
0.543881,0.0
0.541256,1.0
0.540511,0.0
0.541141,1.0
0.538946,0.0
0.532852,0.0
0.533429,0.0
0.541447,1.0
0.538609,0.0
0.540842,1.0
0.539231,1.0
0.540865,1.0
0.540155,1.0
0.536178,0.0
0.5408,0.0
0.53764,1.0
0.54018,1.0
0.541352,1.0
0.536712,1.0
0.540927,1.0
0.542056,1.0
0.539174,1.0
0.544225,1.0
0.542648,0.0
0.538696,0.0
0.534491,1.0
0.541563,0.0
0.542465,1.0
0.542706,1.0
0.533034,1.0
0.533367,0.0
0.541182,0.0
0.543231,1.0
0.52893,0.0
0.538296,1.0
0.537218,1.0
0.541871,0.0
0.540628,1.0
0.540989,1.0
0.539788,0.0
0.538209,0.0
0.535004,1.0
0.535561,1.0
0.53361,1.0
0.54315,0.0
0.533781,1.0
0.541485,0.0
0.536375,0.0
0.541975,1.0
0.540579,1.0
0.533219,0.0
0.533106,1.0
0.532921,0.0
0.537109,1.0
0.53568,0.0
0.536971,0.0
0.540631,0.0
0.534845,0.0
0.541355,0.0
0.532535,1.0
0.54039,1.0
0.532841,1.0
0.531961,1.0
0.5328,0.0
0.534953,1.0
0.536277,1.0
0.54173,0.0
0.543988,0.0
0.542564,1.0
0.540807,0.0
0.53328,1.0
0.536537,1.0
0.54061,1.0
0.54048,1.0
0.532452,0.0
0.537872,0.0
0.540163,1.0
0.539824,0.0
0.541036,1.0
0.532523,0.0
0.536835,0.0
0.8558,1.0
0.46314,1.0
0.902473,1.0
0.367484,1.0
0.403714,0.0
0.875728,1.0
0.445922,1.0
0.380107,1.0
0.879136,1.0
0.89377,1.0
0.912302,1.0
0.39159,0.0
0.372786,1.0
0.909481,1.0
0.368281,0.0
0.91448,1.0
0.873415,1.0
0.906411,1.0
0.913907,1.0
0.883168,1.0
0.449723,1.0
0.434165,1.0
0.903485,1.0
0.886689,1.0
0.370667,0.0
0.37387,1.0
0.449492,1.0
0.884791,1.0
0.442829,1.0
0.878811,0.0
0.902366,1.0
0.89569,1.0
0.378844,1.0
0.43316,1.0
0.911301,1.0
0.895977,0.0
0.906701,1.0
0.856432,1.0
0.901706,1.0
0.870157,1.0
0.88653,1.0
0.873688,1.0
0.876268,1.0
0.874031,1.0
0.378171,1.0
0.440156,1.0
0.858738,1.0
0.867032,0.0
0.377197,1.0
0.369401,0.0
0.907386,1.0
0.874811,1.0
0.740119,1.0
0.420541,1.0
0.406146,1.0
0.914609,1.0
0.900224,1.0
0.873385,1.0
0.85636,1.0
0.414406,1.0
0.3827,1.0
0.384091,1.0
0.380448,1.0
0.879122,1.0
0.380831,0.0
0.910026,1.0
0.906197,1.0
0.870515,1.0
0.866265,1.0
0.370806,0.0
0.377733,1.0
0.367066,0.0
0.404789,1.0
0.378461,1.0
0.909311,1.0
0.903701,1.0
0.895368,1.0
0.908867,1.0
0.373374,0.0
0.897764,1.0
0.376261,0.0
0.791828,0.0
0.364113,1.0
0.377494,1.0
0.901193,1.0
0.47086,1.0
0.886696,1.0
0.869288,1.0
0.905271,1.0
0.378561,0.0
0.3914,1.0
0.89977,1.0
0.898862,1.0
0.363543,0.0
0.411264,1.0
0.431467,0.0
0.877775,1.0
0.443554,1.0
0.363961,1.0
0.397572,1.0
0.512932,1.0
0.512932,1.0
0.512932,1.0
0.512932,0.0
0.512932,0.0
0.512932,1.0
0.512932,0.0
0.512932,0.0
0.512932,0.0
0.512932,0.0
0.512932,0.0
0.512932,0.0
0.512932,0.0
0.512932,0.0
0.512932,0.0
0.512932,0.0
0.512932,0.0
0.512932,0.0
0.512932,1.0
0.512932,1.0
0.512932,0.0
0.512932,0.0
0.512932,0.0
0.512932,1.0
0.512932,0.0
0.512932,0.0
0.512932,1.0
0.512932,1.0
0.512932,1.0
0.512932,1.0
0.512932,0.0
0.512932,1.0
0.512932,1.0
0.512932,0.0
0.512932,0.0
0.512932,0.0
0.512932,1.0
0.512932,0.0
0.512932,1.0
0.512932,0.0
0.512932,0.0
0.512932,0.0
0.512932,0.0
0.512932,1.0
0.512932,1.0
0.512932,1.0
0.512932,1.0
0.512932,0.0
0.512932,1.0
0.512932,1.0
0.512932,1.0
0.512932,0.0
0.512932,1.0
0.512932,1.0
0.512932,1.0
0.512932,0.0
0.512932,1.0
0.512932,0.0
0.512932,0.0
0.512932,1.0
0.512932,0.0
0.512932,1.0
0.512932,0.0
0.512932,0.0
0.512932,1.0
0.512932,1.0
0.512932,0.0
0.512932,1.0
0.512932,1.0
0.512932,0.0
0.512932,1.0
0.512932,0.0
0.512932,0.0
0.512932,0.0
0.512932,0.0
0.512932,0.0
0.512932,0.0
0.512932,1.0
0.512932,0.0
0.512932,0.0
0.512932,1.0
0.512932,1.0
0.512932,1.0
0.512932,1.0
0.512932,1.0
0.512932,0.0
0.512932,0.0
0.512932,1.0
0.512932,0.0
0.512932,0.0
0.512932,0.0
0.512932,1.0
0.512932,1.0
0.512932,0.0
0.512932,1.0
0.512932,0.0
0.512932,0.0
0.512932,1.0
0.512932,0.0
0.512932,1.0
0.518569,1.0
0.518569,0.0
0.518569,1.0
0.493895,0.0
0.493895,0.0
0.518569,1.0
0.493895,0.0
0.493895,1.0
0.493895,0.0
0.493895,1.0
0.493895,1.0
0.493895,1.0
0.493895,0.0
0.493895,1.0
0.493895,0.0
0.493895,0.0
0.493895,1.0
0.493895,1.0
0.518569,0.0
0.518569,1.0
0.493895,1.0
0.493895,1.0
0.493895,0.0
0.518569,1.0
0.493895,0.0
0.493895,0.0
0.518569,1.0
0.518569,1.0
0.518569,1.0
0.518569,1.0
0.493895,1.0
0.518569,0.0
0.518569,1.0
0.493895,1.0
0.493895,0.0
0.493895,0.0
0.518569,0.0
0.493895,1.0
0.518569,0.0
0.493895,0.0
0.493895,0.0
0.493895,0.0
0.493895,1.0
0.518569,0.0
0.518569,1.0
0.518569,1.0
0.518569,1.0
0.493895,0.0
0.518569,1.0
0.518569,0.0
0.518569,1.0
0.493895,1.0
0.518569,1.0
0.518569,0.0
0.518569,1.0
0.493895,0.0
0.518569,1.0
0.493895,1.0
0.493895,1.0
0.518569,1.0
0.493895,0.0
0.518569,1.0
0.493895,0.0
0.493895,1.0
0.518569,1.0
0.518569,1.0
0.493895,0.0
0.518569,1.0
0.518569,0.0
0.493895,0.0
0.518569,0.0
0.493895,1.0
0.493895,0.0
0.493895,0.0
0.493895,1.0
0.493895,0.0
0.493895,0.0
0.518569,0.0
0.493895,0.0
0.493895,0.0
0.518569,1.0
0.518569,1.0
0.518569,1.0
0.518569,1.0
0.518569,0.0
0.493895,1.0
0.493895,0.0
0.518569,1.0
0.493895,0.0
0.493895,1.0
0.493895,0.0
0.518569,1.0
0.518569,0.0
0.493895,0.0
0.518569,1.0
0.493895,1.0
0.493895,0.0
0.518569,0.0
0.493895,1.0
0.518569,0.0
0.499922,1.0
0.521149,1.0
0.499922,1.0
0.532489,1.0
0.532489,0.0
0.499922,1.0
0.532489,1.0
0.511904,1.0
0.532489,1.0
0.511904,1.0
0.511904,1.0
0.511904,0.0
0.532489,1.0
0.511904,0.0
0.532489,1.0
0.532489,1.0
0.511904,1.0
0.511904,1.0
0.521149,1.0
0.499922,0.0
0.511904,1.0
0.511904,0.0
0.532489,0.0
0.499922,0.0
0.532489,1.0
0.532489,0.0
0.499922,0.0
0.499922,1.0
0.499922,1.0
0.499922,0.0
0.511904,0.0
0.521149,0.0
0.499922,1.0
0.511904,1.0
0.532489,0.0
0.532489,1.0
0.521149,0.0
0.511904,1.0
0.521149,0.0
0.532489,1.0
0.532489,0.0
0.532489,1.0
0.511904,0.0
0.521149,1.0
0.499922,1.0
0.499922,1.0
0.499922,0.0
0.532489,1.0
0.499922,0.0
0.521149,0.0
0.499922,0.0
0.511904,1.0
0.499922,1.0
0.521149,1.0
0.499922,1.0
0.532489,0.0
0.499922,1.0
0.511904,0.0
0.511904,1.0
0.499922,0.0
0.532489,1.0
0.499922,1.0
0.532489,1.0
0.511904,1.0
0.499922,0.0
0.499922,1.0
0.532489,1.0
0.499922,1.0
0.521149,1.0
0.532489,0.0
0.521149,0.0
0.511904,0.0
0.532489,1.0
0.532489,1.0
0.511904,0.0
0.532489,1.0
0.532489,1.0
0.521149,0.0
0.532489,1.0
0.532489,0.0
0.499922,1.0
0.499922,1.0
0.499922,0.0
0.499922,1.0
0.521149,0.0
0.511904,1.0
0.532489,1.0
0.499922,1.0
0.532489,0.0
0.511904,1.0
0.532489,0.0
0.499922,1.0
0.521149,1.0
0.532489,0.0
0.499922,0.0
0.511904,1.0
0.532489,1.0
0.521149,1.0
0.511904,1.0
0.521149,1.0
0.564084,0.0
0.560397,0.0
0.564084,1.0
0.558531,1.0
0.576364,0.0
0.564084,1.0
0.558531,1.0
0.562203,0.0
0.558531,1.0
0.562203,0.0
0.562203,1.0
0.580036,0.0
0.558531,0.0
0.580036,1.0
0.558531,1.0
0.558531,1.0
0.562203,1.0
0.562203,1.0
0.560397,1.0
0.581833,0.0
0.562203,0.0
0.580036,1.0
0.576364,1.0
0.581833,0.0
0.558531,1.0
0.576364,0.0
0.581833,1.0
0.564084,1.0
0.564084,0.0
0.581833,1.0
0.580036,1.0
0.578189,1.0
0.564084,0.0
0.562203,1.0
0.576364,0.0
0.558531,0.0
0.578189,1.0
0.562203,1.0
0.578189,0.0
0.558531,1.0
0.576364,1.0
0.558531,0.0
0.580036,0.0
0.560397,1.0
0.564084,1.0
0.564084,1.0
0.581833,1.0
0.558531,1.0
0.581833,0.0
0.578189,1.0
0.581833,0.0
0.562203,0.0
0.564084,1.0
0.560397,0.0
0.564084,0.0
0.576364,1.0
0.564084,1.0
0.580036,1.0
0.562203,1.0
0.581833,1.0
0.558531,1.0
0.564084,1.0
0.558531,1.0
0.562203,1.0
0.581833,1.0
0.564084,0.0
0.558531,1.0
0.564084,1.0
0.560397,1.0
0.576364,0.0
0.578189,1.0
0.580036,1.0
0.558531,0.0
0.558531,1.0
0.580036,1.0
0.558531,1.0
0.558531,1.0
0.578189,1.0
0.558531,1.0
0.576364,1.0
0.564084,0.0
0.564084,0.0
0.581833,0.0
0.564084,0.0
0.578189,0.0
0.562203,1.0
0.558531,1.0
0.564084,1.0
0.576364,0.0
0.562203,1.0
0.576364,0.0
0.564084,1.0
0.560397,1.0
0.576364,1.0
0.581833,1.0
0.562203,0.0
0.558531,1.0
0.560397,1.0
0.562203,1.0
0.560397,1.0
0.54289,1.0
0.544127,1.0
0.543453,1.0
0.54565,1.0
0.543231,1.0
0.543453,0.0
0.54565,1.0
0.543864,1.0
0.54565,0.0
0.543864,0.0
0.544438,0.0
0.542024,1.0
0.545091,0.0
0.543012,0.0
0.54565,1.0
0.54565,1.0
0.544438,1.0
0.544438,0.0
0.544676,0.0
0.541606,1.0
0.543864,0.0
0.543012,1.0
0.544227,0.0
0.541606,1.0
0.54565,0.0
0.543231,1.0
0.542573,0.0
0.543453,1.0
0.54289,1.0
0.542573,0.0
0.543012,1.0
0.543769,1.0
0.54289,1.0
0.544438,1.0
0.543231,1.0
0.545091,1.0
0.543769,1.0
0.544438,0.0
0.542794,0.0
0.54565,0.0
0.544227,0.0
0.545091,1.0
0.542024,1.0
0.544676,1.0
0.543453,1.0
0.543453,1.0
0.542573,1.0
0.54565,1.0
0.541606,1.0
0.543769,1.0
0.541606,1.0
0.543864,1.0
0.543453,0.0
0.544127,1.0
0.54289,1.0
0.544227,1.0
0.543453,0.0
0.543012,0.0
0.544438,0.0
0.542573,1.0
0.54565,1.0
0.543453,1.0
0.54565,1.0
0.544438,1.0
0.542573,0.0
0.54289,1.0
0.54565,1.0
0.543453,1.0
0.544676,1.0
0.543231,1.0
0.543769,1.0
0.543012,1.0
0.545091,0.0
0.54565,1.0
0.543012,1.0
0.54565,0.0
0.54565,0.0
0.543769,0.0
0.54565,1.0
0.544227,1.0
0.54289,1.0
0.54289,1.0
0.541606,1.0
0.54289,0.0
0.542794,1.0
0.544438,1.0
0.54565,0.0
0.543453,0.0
0.543231,1.0
0.544438,0.0
0.543231,0.0
0.543453,1.0
0.544676,0.0
0.544227,1.0
0.542573,1.0
0.543864,1.0
0.54565,1.0
0.544676,1.0
0.544438,1.0
0.544676,0.0
0.559573,0.0
0.558238,1.0
0.561355,1.0
0.560573,1.0
0.593204,1.0
0.558431,1.0
0.560573,1.0
0.560345,0.0
0.557866,1.0
0.557709,1.0
0.559142,1.0
0.592366,0.0
0.556417,0.0
0.591082,1.0
0.560573,1.0
0.560573,1.0
0.561874,1.0
0.559142,1.0
0.557136,0.0
0.59074,0.0
0.557709,0.0
0.591435,0.0
0.591923,1.0
0.59074,0.0
0.557866,1.0
0.593204,0.0
0.589411,1.0
0.561355,1.0
0.559573,0.0
0.589411,1.0
0.591435,1.0
0.590604,1.0
0.559573,1.0
0.561874,1.0
0.593204,0.0
0.559029,1.0
0.590604,0.0
0.559142,1.0
0.591215,0.0
0.557866,0.0
0.591923,1.0
0.559029,0.0
0.592366,0.0
0.560037,1.0
0.561355,1.0
0.561355,1.0
0.589872,1.0
0.560573,1.0
0.59074,1.0
0.590604,1.0
0.59074,1.0
0.560345,0.0
0.558431,1.0
0.558238,1.0
0.559573,1.0
0.592213,1.0
0.558431,1.0
0.591082,1.0
0.559142,1.0
0.589872,1.0
0.560573,1.0
0.561355,1.0
0.560573,1.0
0.561874,1.0
0.589411,0.0
0.559573,0.0
0.560573,1.0
0.561355,1.0
0.560037,1.0
0.593204,1.0
0.590604,1.0
0.591435,1.0
0.556417,1.0
0.560573,0.0
0.591435,1.0
0.557866,1.0
0.557866,1.0
0.590209,1.0
0.560573,1.0
0.592213,1.0
0.559573,1.0
0.559573,0.0
0.59074,0.0
0.556741,1.0
0.591543,1.0
0.561874,0.0
0.557866,1.0
0.558431,1.0
0.593204,0.0
0.559142,1.0
0.592976,0.0
0.561355,1.0
0.557136,1.0
0.592213,1.0
0.589872,1.0
0.560345,1.0
0.560573,1.0
0.560037,1.0
0.561874,1.0
0.557136,1.0
0.562798,1.0
0.571417,1.0
0.576764,1.0
0.579548,1.0
0.57982,1.0
0.573481,0.0
0.579548,1.0
0.565871,1.0
0.576448,1.0
0.570479,1.0
0.57545,0.0
0.5777,1.0
0.564858,1.0
0.579481,1.0
0.579548,0.0
0.579548,0.0
0.578497,1.0
0.57545,1.0
0.567043,1.0
0.577438,0.0
0.563825,1.0
0.577761,1.0
0.579737,1.0
0.577438,0.0
0.576448,0.0
0.578072,0.0
0.579382,1.0
0.576764,0.0
0.562798,1.0
0.579382,1.0
0.579776,1.0
0.579918,0.0
0.570444,0.0
0.578497,0.0
0.578072,1.0
0.573831,0.0
0.577871,0.0
0.57545,1.0
0.577724,1.0
0.569614,0.0
0.579737,1.0
0.56695,1.0
0.5777,1.0
0.577822,0.0
0.576764,1.0
0.576764,1.0
0.579748,0.0
0.579548,0.0
0.579497,1.0
0.579918,0.0
0.579497,1.0
0.565871,1.0
0.573481,1.0
0.571417,1.0
0.570444,1.0
0.579975,1.0
0.573481,1.0
0.579481,1.0
0.57545,0.0
0.579748,1.0
0.579548,1.0
0.576764,1.0
0.579548,1.0
0.578497,0.0
0.577356,1.0
0.562798,1.0
0.579548,1.0
0.576764,1.0
0.577822,0.0
0.57982,1.0
0.579918,1.0
0.579776,0.0
0.571381,0.0
0.572403,0.0
0.579776,0.0
0.576448,1.0
0.576448,0.0
0.579619,0.0
0.579548,1.0
0.579975,1.0
0.570444,1.0
0.562798,0.0
0.577438,1.0
0.567784,0.0
0.579714,0.0
0.571217,1.0
0.576448,0.0
0.573481,0.0
0.578072,0.0
0.57545,1.0
0.578026,1.0
0.576764,0.0
0.574498,1.0
0.579975,0.0
0.579748,0.0
0.572886,0.0
0.579548,1.0
0.577822,1.0
0.578497,1.0
0.574498,0.0
0.589325,1.0
0.598706,1.0
0.605081,1.0
0.606585,1.0
0.5947,1.0
0.532637,1.0
0.606585,1.0
0.592642,0.0
0.602951,1.0
0.597311,1.0
0.537821,1.0
0.594262,1.0
0.591959,1.0
0.594957,1.0
0.541974,0.0
0.541974,0.0
0.605897,0.0
0.602313,1.0
0.593784,1.0
0.560198,1.0
0.590942,1.0
0.594636,1.0
0.594632,1.0
0.560198,1.0
0.539783,1.0
0.561849,0.0
0.59543,1.0
0.535311,0.0
0.589325,1.0
0.59543,1.0
0.595483,1.0
0.560279,0.0
0.52822,1.0
0.539936,0.0
0.593989,1.0
0.536423,0.0
0.560593,0.0
0.602313,1.0
0.593964,1.0
0.532874,1.0
0.594632,0.0
0.593674,1.0
0.594262,1.0
0.53747,0.0
0.605081,1.0
0.605081,1.0
0.559451,0.0
0.541974,1.0
0.595539,1.0
0.560279,1.0
0.595539,0.0
0.592642,1.0
0.601051,1.0
0.598706,1.0
0.597795,1.0
0.595118,1.0
0.601051,1.0
0.594957,1.0
0.537821,1.0
0.596012,1.0
0.606585,1.0
0.605081,1.0
0.606585,1.0
0.539936,0.0
0.594592,1.0
0.589325,1.0
0.606585,1.0
0.605081,1.0
0.53747,0.0
0.5947,1.0
0.595615,1.0
0.56025,0.0
0.53565,1.0
0.533963,0.0
0.56025,0.0
0.602951,1.0
0.539783,0.0
0.560939,0.0
0.606585,1.0
0.595118,1.0
0.597795,1.0
0.519723,1.0
0.594665,1.0
0.526956,1.0
0.560716,1.0
0.597994,1.0
0.539783,1.0
0.532637,1.0
0.561849,1.0
0.602313,1.0
0.593601,1.0
0.535311,1.0
0.601888,1.0
0.561044,1.0
0.559451,0.0
0.534381,0.0
0.606585,1.0
0.605941,1.0
0.605897,1.0
0.53478,0.0
0.509242,1.0
0.504268,1.0
0.518202,1.0
0.491219,0.0
0.582122,0.0
0.513517,1.0
0.491219,0.0
0.495009,1.0
0.484064,1.0
0.488666,0.0
0.496751,0.0
0.582654,1.0
0.483437,0.0
0.57992,0.0
0.499229,0.0
0.499229,0.0
0.501244,1.0
0.49065,0.0
0.495242,0.0
0.594451,1.0
0.48713,1.0
0.580432,0.0
0.582929,0.0
0.594451,1.0
0.490502,1.0
0.611292,0.0
0.576532,1.0
0.52723,0.0
0.509242,1.0
0.576532,1.0
0.576683,0.0
0.60265,0.0
0.519373,1.0
0.50739,0.0
0.585634,0.0
0.497327,0.0
0.606255,0.0
0.49065,0.0
0.585537,0.0
0.489353,0.0
0.595455,0.0
0.48614,1.0
0.582654,0.0
0.517907,0.0
0.518202,0.0
0.518202,0.0
0.599264,1.0
0.496817,0.0
0.575514,1.0
0.591811,0.0
0.587883,0.0
0.492351,0.0
0.507342,1.0
0.504268,0.0
0.512742,1.0
0.579926,0.0
0.507342,0.0
0.57992,1.0
0.496751,0.0
0.57293,1.0
0.491219,0.0
0.518202,1.0
0.491219,0.0
0.50739,0.0
0.580338,0.0
0.509242,0.0
0.491219,1.0
0.518202,1.0
0.517907,0.0
0.582122,1.0
0.576442,1.0
0.602854,0.0
0.491541,1.0
0.496631,0.0
0.602854,1.0
0.484064,1.0
0.493135,0.0
0.605813,0.0
0.491219,0.0
0.579926,0.0
0.512742,1.0
0.515886,1.0
0.579309,1.0
0.508574,1.0
0.594027,0.0
0.49585,1.0
0.490502,1.0
0.513517,0.0
0.60024,1.0
0.49065,0.0
0.588343,0.0
0.524859,1.0
0.498813,0.0
0.595016,0.0
0.599264,0.0
0.503894,1.0
0.491219,1.0
0.509584,0.0
0.499268,0.0
0.506886,0.0
0.685637,0.0
0.675319,1.0
0.686909,0.0
0.650181,1.0
0.414774,0.0
0.712181,0.0
0.650181,1.0
0.66867,0.0
0.620937,1.0
0.631984,1.0
0.679539,0.0
0.386816,1.0
0.604101,0.0
0.416375,0.0
0.708569,1.0
0.708569,1.0
0.681715,0.0
0.644974,0.0
0.668259,0.0
0.388723,0.0
0.618243,1.0
0.415343,1.0
0.41383,1.0
0.388723,0.0
0.659685,1.0
0.399384,0.0
0.391787,0.0
0.746432,1.0
0.685637,1.0
0.391787,0.0
0.419081,1.0
0.407945,1.0
0.718822,1.0
0.722552,1.0
0.411332,1.0
0.696282,1.0
0.403748,0.0
0.644974,1.0
0.411198,1.0
0.657526,1.0
0.403477,0.0
0.627626,1.0
0.413833,1.0
0.740394,1.0
0.68662,1.0
0.68662,1.0
0.385976,0.0
0.683274,1.0
0.39301,0.0
0.418011,1.0
0.41003,0.0
0.651429,0.0
0.677226,1.0
0.67648,1.0
0.684337,0.0
0.416251,1.0
0.678105,1.0
0.389276,0.0
0.679539,1.0
0.394841,0.0
0.650181,1.0
0.686909,1.0
0.650181,1.0
0.722552,1.0
0.415171,0.0
0.685757,1.0
0.645874,1.0
0.686909,1.0
0.740394,1.0
0.387729,1.0
0.391743,0.0
0.408082,0.0
0.642019,0.0
0.705903,1.0
0.38256,0.0
0.620937,1.0
0.683363,0.0
0.404753,0.0
0.650181,1.0
0.416251,0.0
0.684337,1.0
0.721977,1.0
0.389298,1.0
0.70927,1.0
0.416086,0.0
0.658423,1.0
0.659685,1.0
0.709599,0.0
0.38326,0.0
0.644974,1.0
0.409224,0.0
0.71799,1.0
0.668964,1.0
0.414984,0.0
0.411597,0.0
0.71514,1.0
0.645874,1.0
0.680171,1.0
0.662811,1.0
0.729881,1.0
0.653955,0.0
0.681778,1.0
0.65031,0.0
0.668629,1.0
0.339076,0.0
0.686902,0.0
0.668629,1.0
0.66088,0.0
0.644897,0.0
0.656241,1.0
0.668491,1.0
0.40284,0.0
0.551664,0.0
0.339749,0.0
0.739064,1.0
0.739064,1.0
0.659809,0.0
0.61082,0.0
0.639114,1.0
0.330348,0.0
0.648959,1.0
0.422076,0.0
0.421309,0.0
0.330348,0.0
0.69982,1.0
0.340037,0.0
0.327092,0.0
0.735681,1.0
0.688604,0.0
0.327092,0.0
0.424563,0.0
0.428038,0.0
0.716335,1.0
0.739688,1.0
0.419704,1.0
0.740037,1.0
0.342615,0.0
0.666004,1.0
0.419559,0.0
0.702057,1.0
0.338837,1.0
0.655645,1.0
0.42125,1.0
0.736894,1.0
0.690035,0.0
0.690035,0.0
0.335362,0.0
0.710614,1.0
0.32776,0.0
0.42902,0.0
0.342395,0.0
0.621677,1.0
0.681149,1.0
0.687933,1.0
0.650671,0.0
0.422774,0.0
0.687788,1.0
0.326041,0.0
0.712005,1.0
0.328494,1.0
0.668629,1.0
0.681621,1.0
0.668629,0.0
0.739688,1.0
0.33895,0.0
0.695296,1.0
0.664345,1.0
0.681621,1.0
0.736894,1.0
0.403536,0.0
0.327034,0.0
0.345535,0.0
0.637364,0.0
0.74239,1.0
0.333131,0.0
0.644897,1.0
0.691562,0.0
0.343343,0.0
0.668629,0.0
0.339652,0.0
0.684411,1.0
0.721353,1.0
0.404274,0.0
0.718621,0.0
0.344307,0.0
0.675231,1.0
0.69982,1.0
0.691887,1.0
0.32729,0.0
0.666004,1.0
0.33643,0.0
0.711286,1.0
0.682698,1.0
0.343639,1.0
0.3478,0.0
0.736758,1.0
0.664345,1.0
0.68715,1.0
0.678276,0.0
0.741047,0.0
0.67567,0.0
0.703805,1.0
0.674551,0.0
0.685612,1.0
0.28045,0.0
0.721274,0.0
0.685612,1.0
0.688296,0.0
0.620023,1.0
0.679879,0.0
0.72229,0.0
0.352294,0.0
0.477034,0.0
0.280462,0.0
0.748587,1.0
0.748587,0.0
0.684415,0.0
0.598279,0.0
0.687105,0.0
0.282585,0.0
0.680516,0.0
0.361683,0.0
0.361434,0.0
0.282585,0.0
0.726414,1.0
0.287362,0.0
0.278475,0.0
0.763707,1.0
0.686575,0.0
0.278475,0.0
0.362922,0.0
0.373809,0.0
0.752336,1.0
0.752041,1.0
0.44515,0.0
0.74917,1.0
0.288284,0.0
0.685056,1.0
0.360551,0.0
0.72763,0.0
0.352904,0.0
0.684108,1.0
0.446104,0.0
0.759512,0.0
0.676698,0.0
0.676698,0.0
0.2889,0.0
0.724666,1.0
0.278637,0.0
0.369166,0.0
0.285938,0.0
0.670566,1.0
0.703816,1.0
0.69964,1.0
0.672682,0.0
0.362082,0.0
0.699293,0.0
0.278407,0.0
0.727511,1.0
0.344544,0.0
0.685612,1.0
0.707941,1.0
0.644543,0.0
0.752041,1.0
0.280211,0.0
0.706593,1.0
0.687101,1.0
0.707941,1.0
0.759512,1.0
0.352689,0.0
0.278438,0.0
0.289509,0.0
0.65879,0.0
0.749777,1.0
0.287914,0.0
0.671703,0.0
0.723473,0.0
0.288612,0.0
0.644543,0.0
0.280421,0.0
0.708791,0.0
0.755727,1.0
0.3529,0.0
0.728995,0.0
0.284774,0.0
0.697111,1.0
0.726414,0.0
0.734635,0.0
0.281645,1.0
0.685056,0.0
0.280115,0.0
0.749934,1.0
0.695444,1.0
0.352977,0.0
0.290413,0.0
0.755473,1.0
0.687101,1.0
0.698406,1.0
0.657635,0.0
0.741424,0.0
0.590421,0.0
0.582811,0.0
0.595271,0.0
0.57853,1.0
0.622432,0.0
0.565136,1.0
0.57853,1.0
0.562131,0.0
0.569824,1.0
0.578133,0.0
0.567356,1.0
0.612858,0.0
0.597006,0.0
0.622462,1.0
0.533109,1.0
0.53836,1.0
0.576391,1.0
0.580324,1.0
0.585471,0.0
0.621606,1.0
0.575449,0.0
0.612131,1.0
0.612137,1.0
0.621606,0.0
0.549214,1.0
0.62118,0.0
0.622192,1.0
0.536087,1.0
0.588044,0.0
0.622192,1.0
0.612033,0.0
0.609881,1.0
0.542947,1.0
0.53357,1.0
0.593774,0.0
0.532319,0.0
0.62114,0.0
0.575934,1.0
0.612208,0.0
0.554877,0.0
0.608575,1.0
0.570493,1.0
0.593628,0.0
0.540003,1.0
0.59266,1.0
0.59266,1.0
0.620667,1.0
0.55347,1.0
0.622196,0.0
0.611,0.0
0.621563,1.0
0.572365,0.0
0.584248,1.0
0.582308,1.0
0.59285,1.0
0.612095,1.0
0.590064,1.0
0.622154,1.0
0.549476,1.0
0.609723,1.0
0.57853,1.0
0.587793,0.0
0.582917,1.0
0.53357,1.0
0.622466,0.0
0.57917,0.0
0.57999,1.0
0.587793,1.0
0.535133,1.0
0.612821,1.0
0.622196,1.0
0.621064,1.0
0.563637,0.0
0.532081,0.0
0.620737,1.0
0.579703,1.0
0.541219,0.0
0.621117,1.0
0.582917,1.0
0.622465,1.0
0.590934,0.0
0.539701,0.0
0.612818,0.0
0.551017,0.0
0.621909,0.0
0.579549,0.0
0.558172,1.0
0.563271,0.0
0.609226,1.0
0.58286,0.0
0.622361,1.0
0.547246,1.0
0.581745,1.0
0.608859,1.0
0.621012,1.0
0.53367,0.0
0.57999,1.0
0.585727,1.0
0.586608,1.0
0.538068,1.0
0.528356,0.0
0.522903,1.0
0.528643,0.0
0.526442,1.0
0.528924,0.0
0.517533,1.0
0.526442,1.0
0.523299,0.0
0.536743,0.0
0.53225,0.0
0.520829,0.0
0.531504,0.0
0.535899,0.0
0.529971,0.0
0.517227,1.0
0.51746,1.0
0.526192,1.0
0.559278,0.0
0.530868,0.0
0.530178,0.0
0.530933,1.0
0.532765,1.0
0.532767,0.0
0.529122,1.0
0.51627,0.0
0.529218,0.0
0.530033,0.0
0.516584,1.0
0.52489,0.0
0.530033,0.0
0.531693,1.0
0.533391,0.0
0.514073,0.0
0.51726,0.0
0.53774,0.0
0.518523,1.0
0.529228,1.0
0.526531,0.0
0.531659,0.0
0.5179,0.0
0.533902,0.0
0.526315,1.0
0.537787,1.0
0.517125,1.0
0.525661,1.0
0.525661,1.0
0.530406,1.0
0.516661,0.0
0.528979,0.0
0.531978,1.0
0.530185,1.0
0.530969,1.0
0.522336,0.0
0.523066,0.0
0.52841,0.0
0.532775,0.0
0.524217,0.0
0.530042,0.0
0.516051,0.0
0.533578,1.0
0.526442,1.0
0.522327,1.0
0.535678,0.0
0.51726,0.0
0.528915,0.0
0.521889,1.0
0.525884,1.0
0.52175,0.0
0.516802,1.0
0.532602,1.0
0.530032,0.0
0.530305,1.0
0.529812,0.0
0.518644,1.0
0.530388,1.0
0.534051,0.0
0.519393,0.0
0.530292,0.0
0.535678,1.0
0.52997,1.0
0.523343,0.0
0.515534,1.0
0.531512,1.0
0.51616,0.0
0.529048,0.0
0.524105,1.0
0.517631,0.0
0.517097,0.0
0.532984,1.0
0.530095,0.0
0.529997,1.0
0.51369,1.0
0.523905,0.0
0.533827,1.0
0.530318,1.0
0.518489,1.0
0.525884,1.0
0.523112,1.0
0.530643,1.0
0.517516,0.0
0.671251,1.0
0.679373,1.0
0.667313,0.0
0.675104,1.0
0.32856,1.0
0.71477,0.0
0.675104,1.0
0.716335,1.0
0.663775,1.0
0.672496,1.0
0.707335,1.0
0.335323,1.0
0.301438,1.0
0.331748,0.0
0.742894,1.0
0.744897,1.0
0.684398,0.0
0.57645,0.0
0.669188,1.0
0.333684,1.0
0.674403,0.0
0.343455,0.0
0.33811,0.0
0.335592,0.0
0.730896,1.0
0.330156,0.0
0.333107,0.0
0.735884,1.0
0.680204,1.0
0.333107,1.0
0.339229,0.0
0.341219,1.0
0.733137,1.0
0.745486,1.0
0.36941,1.0
0.743562,1.0
0.335295,0.0
0.679125,1.0
0.334251,1.0
0.729241,1.0
0.35244,1.0
0.679902,1.0
0.375191,1.0
0.742006,0.0
0.670988,0.0
0.670988,1.0
0.34004,0.0
0.72872,1.0
0.329718,0.0
0.340298,0.0
0.33816,0.0
0.676396,1.0
0.679036,1.0
0.681424,0.0
0.666431,0.0
0.337977,0.0
0.674946,1.0
0.33324,0.0
0.73265,1.0
0.35694,0.0
0.675104,1.0
0.674906,1.0
0.661336,1.0
0.745486,0.0
0.328527,1.0
0.685886,1.0
0.67455,1.0
0.676384,1.0
0.73842,1.0
0.344737,1.0
0.333105,0.0
0.33862,0.0
0.701775,0.0
0.744285,1.0
0.340113,1.0
0.665037,1.0
0.742018,0.0
0.333376,0.0
0.660476,0.0
0.337066,1.0
0.678574,1.0
0.732874,1.0
0.340608,1.0
0.737633,1.0
0.328825,0.0
0.680487,1.0
0.724169,1.0
0.726358,1.0
0.378322,0.0
0.672039,0.0
0.337473,0.0
0.726497,1.0
0.679854,1.0
0.357012,0.0
0.338507,1.0
0.741089,1.0
0.67455,1.0
0.675537,1.0
0.665513,1.0
0.747142,1.0
0.717012,1.0
0.730728,1.0
0.699658,1.0
0.715808,1.0
0.372003,0.0
0.773192,0.0
0.715808,1.0
0.766189,0.0
0.69375,1.0
0.706264,0.0
0.769873,0.0
0.374509,0.0
0.346263,0.0
0.305154,0.0
0.789837,1.0
0.786517,1.0
0.720896,1.0
0.51827,1.0
0.70949,0.0
0.375747,0.0
0.688957,0.0
0.309996,0.0
0.306294,0.0
0.30744,0.0
0.785861,1.0
0.30384,0.0
0.305849,0.0
0.798979,1.0
0.726665,1.0
0.375457,0.0
0.30732,0.0
0.378333,1.0
0.800948,1.0
0.793394,1.0
0.393701,1.0
0.789118,1.0
0.307178,0.0
0.717766,1.0
0.373563,1.0
0.782482,1.0
0.386206,0.0
0.718471,1.0
0.399799,1.0
0.78546,1.0
0.705603,0.0
0.718966,0.0
0.30999,1.0
0.783142,1.0
0.303809,0.0
0.307693,0.0
0.309083,0.0
0.705451,1.0
0.733282,1.0
0.716994,1.0
0.70016,0.0
0.306211,0.0
0.726292,1.0
0.305915,0.0
0.785837,1.0
0.317323,0.0
0.715808,1.0
0.734046,1.0
0.696974,1.0
0.787435,1.0
0.371988,0.0
0.73518,1.0
0.717764,1.0
0.736798,1.0
0.795993,1.0
0.382355,1.0
0.305849,1.0
0.309248,0.0
0.728602,0.0
0.788787,1.0
0.38079,0.0
0.701066,1.0
0.780208,0.0
0.305779,0.0
0.671658,0.0
0.37886,0.0
0.732561,0.0
0.797931,0.0
0.378976,0.0
0.789332,0.0
0.303262,0.0
0.725096,1.0
0.782351,0.0
0.785574,1.0
0.330587,0.0
0.691443,1.0
0.308844,0.0
0.799191,1.0
0.725562,1.0
0.317137,1.0
0.379636,0.0
0.792481,1.0
0.717764,1.0
0.726789,1.0
0.706562,1.0
0.790126,1.0
0.711215,1.0
0.702294,1.0
0.7186,1.0
0.717684,1.0
0.578219,1.0
0.441361,1.0
0.717684,1.0
0.457626,0.0
0.704478,0.0
0.704885,1.0
0.49378,0.0
0.578472,1.0
0.577992,1.0
0.577665,1.0
0.362253,0.0
0.362776,0.0
0.648029,0.0
0.610665,0.0
0.71227,0.0
0.578339,0.0
0.697492,0.0
0.57797,1.0
0.577943,1.0
0.577685,0.0
0.400255,1.0
0.57766,0.0
0.577676,0.0
0.361361,0.0
0.702825,0.0
0.578323,1.0
0.577927,1.0
0.573305,0.0
0.374437,0.0
0.361893,0.0
0.573426,1.0
0.360971,0.0
0.577693,1.0
0.713357,1.0
0.573323,1.0
0.406171,1.0
0.578814,0.0
0.698629,1.0
0.573336,1.0
0.362508,0.0
0.72178,1.0
0.722281,1.0
0.576851,0.0
0.413059,1.0
0.577638,0.0
0.577955,0.0
0.57772,0.0
0.705814,1.0
0.709536,1.0
0.714342,1.0
0.716722,1.0
0.577943,0.0
0.717764,0.0
0.577677,0.0
0.399488,0.0
0.578105,1.0
0.717684,1.0
0.709987,0.0
0.712184,1.0
0.362884,0.0
0.578218,1.0
0.68292,0.0
0.715986,0.0
0.712562,1.0
0.361533,1.0
0.573208,1.0
0.576911,1.0
0.577731,0.0
0.554072,0.0
0.360585,0.0
0.578545,1.0
0.707701,0.0
0.372415,1.0
0.577699,1.0
0.706425,1.0
0.578482,1.0
0.709671,1.0
0.370469,1.0
0.578649,1.0
0.384116,1.0
0.577641,1.0
0.702747,0.0
0.42124,1.0
0.410954,0.0
0.578242,1.0
0.71111,1.0
0.577702,0.0
0.380331,0.0
0.715879,1.0
0.577121,0.0
0.578522,0.0
0.359827,0.0
0.715986,1.0
0.718902,1.0
0.71818,1.0
0.362517,1.0
0.721805,1.0
0.732995,1.0
0.718399,0.0
0.719467,1.0
0.36004,0.0
0.791289,1.0
0.719467,1.0
0.765074,0.0
0.681266,1.0
0.706772,0.0
0.7692,1.0
0.359931,0.0
0.350409,0.0
0.318827,0.0
0.781617,1.0
0.778518,1.0
0.728987,1.0
0.432712,0.0
0.691199,1.0
0.345556,0.0
0.685332,1.0
0.318603,1.0
0.317938,0.0
0.304863,1.0
0.793359,1.0
0.304298,0.0
0.304602,1.0
0.790315,1.0
0.713486,1.0
0.361181,0.0
0.318243,1.0
0.433428,1.0
0.79362,1.0
0.785233,1.0
0.456277,1.0
0.780838,1.0
0.319087,0.0
0.720802,1.0
0.446159,1.0
0.790707,1.0
0.347696,0.0
0.720654,1.0
0.461165,0.0
0.788314,1.0
0.718851,0.0
0.719103,1.0
0.369441,1.0
0.79188,1.0
0.304377,0.0
0.303934,0.0
0.305073,0.0
0.709696,1.0
0.736308,1.0
0.73337,0.0
0.713813,1.0
0.303693,1.0
0.711269,1.0
0.304605,0.0
0.781964,1.0
0.319184,1.0
0.719467,1.0
0.719548,1.0
0.702962,1.0
0.790518,1.0
0.360038,0.0
0.723653,1.0
0.702838,1.0
0.740207,1.0
0.798777,1.0
0.452032,1.0
0.384291,1.0
0.305053,0.0
0.742737,1.0
0.780455,1.0
0.36298,1.0
0.687179,0.0
0.791923,1.0
0.318776,0.0
0.690581,0.0
0.362434,0.0
0.73005,1.0
0.796894,1.0
0.361542,0.0
0.790178,0.0
0.318552,1.0
0.711187,1.0
0.786931,1.0
0.783255,1.0
0.320798,0.0
0.708244,1.0
0.305108,0.0
0.792332,1.0
0.728881,1.0
0.370248,1.0
0.346893,1.0
0.784046,1.0
0.721514,1.0
0.730546,0.0
0.712071,1.0
0.793555,1.0
0.526672,1.0
0.526597,1.0
0.526733,1.0
0.525429,1.0
0.539814,0.0
0.522779,0.0
0.525429,1.0
0.518397,1.0
0.52493,0.0
0.52617,0.0
0.519387,0.0
0.539824,1.0
0.539209,1.0
0.53738,1.0
0.524808,1.0
0.524387,1.0
0.522208,1.0
0.548578,0.0
0.524798,1.0
0.538435,1.0
0.525005,0.0
0.531221,1.0
0.53734,0.0
0.529696,0.0
0.523971,0.0
0.53606,1.0
0.529676,1.0
0.525993,0.0
0.524176,0.0
0.53989,0.0
0.531191,1.0
0.537299,0.0
0.525668,1.0
0.525302,1.0
0.538623,0.0
0.524742,1.0
0.537402,1.0
0.525517,1.0
0.538056,0.0
0.523321,0.0
0.538589,0.0
0.525591,1.0
0.544576,1.0
0.52563,1.0
0.526248,1.0
0.526159,1.0
0.533526,1.0
0.523447,1.0
0.536063,1.0
0.536055,1.0
0.536115,1.0
0.525216,1.0
0.526999,0.0
0.526176,1.0
0.527503,0.0
0.529628,1.0
0.524371,0.0
0.536081,0.0
0.523188,0.0
0.531274,1.0
0.525429,1.0
0.524628,1.0
0.526256,0.0
0.525858,0.0
0.539814,0.0
0.522819,1.0
0.523622,1.0
0.527502,0.0
0.526625,1.0
0.538351,1.0
0.534922,1.0
0.536114,1.0
0.517165,1.0
0.524735,1.0
0.53409,1.0
0.524697,0.0
0.524932,0.0
0.53738,1.0
0.528945,0.0
0.539975,1.0
0.526707,1.0
0.525707,0.0
0.539932,1.0
0.523117,0.0
0.531194,0.0
0.523368,1.0
0.522442,0.0
0.52306,0.0
0.537569,1.0
0.525907,1.0
0.536116,0.0
0.525298,1.0
0.526101,1.0
0.533606,1.0
0.532374,1.0
0.525229,1.0
0.525714,1.0
0.525525,1.0
0.525958,1.0
0.525869,0.0
0.602673,1.0
0.603252,1.0
0.601342,1.0
0.599803,0.0
0.623972,0.0
0.651288,1.0
0.599803,0.0
0.658545,1.0
0.592585,0.0
0.591288,0.0
0.649721,1.0
0.622058,1.0
0.623799,0.0
0.630919,1.0
0.669206,1.0
0.669137,0.0
0.6239,1.0
0.641613,1.0
0.601632,1.0
0.625912,1.0
0.597282,1.0
0.591026,1.0
0.633447,0.0
0.596494,1.0
0.655561,1.0
0.634341,0.0
0.595696,1.0
0.660243,1.0
0.598902,1.0
0.623765,1.0
0.591076,0.0
0.539878,1.0
0.668361,1.0
0.669312,0.0
0.527865,0.0
0.669357,0.0
0.630915,1.0
0.600039,1.0
0.533247,1.0
0.654811,0.0
0.62778,1.0
0.602504,1.0
0.57822,1.0
0.669177,1.0
0.601171,1.0
0.601812,0.0
0.570785,1.0
0.663516,0.0
0.63432,1.0
0.63455,1.0
0.634297,1.0
0.600235,0.0
0.594112,1.0
0.60021,1.0
0.595905,1.0
0.596037,1.0
0.595376,1.0
0.636572,0.0
0.657519,1.0
0.591042,1.0
0.599803,1.0
0.60508,1.0
0.591286,0.0
0.660033,1.0
0.623972,1.0
0.611404,1.0
0.602137,0.0
0.593877,1.0
0.668593,0.0
0.532869,0.0
0.564557,1.0
0.634307,0.0
0.649398,0.0
0.669342,0.0
0.576295,0.0
0.592439,0.0
0.658321,0.0
0.630953,1.0
0.591807,1.0
0.621471,1.0
0.603245,1.0
0.65871,1.0
0.621763,1.0
0.655775,1.0
0.59156,1.0
0.605506,1.0
0.653734,1.0
0.656525,1.0
0.631231,0.0
0.599614,1.0
0.63653,1.0
0.667915,1.0
0.600771,1.0
0.570613,0.0
0.582273,1.0
0.669616,1.0
0.600709,1.0
0.599618,1.0
0.600115,0.0
0.659283,0.0
0.605114,1.0
0.6062,0.0
0.604647,1.0
0.598986,1.0
0.599399,0.0
0.545529,1.0
0.598986,1.0
0.533509,0.0
0.590168,0.0
0.596086,0.0
0.536926,1.0
0.604616,0.0
0.598674,1.0
0.605091,1.0
0.540287,1.0
0.535075,0.0
0.572747,1.0
0.611946,1.0
0.597243,1.0
0.604124,0.0
0.595413,0.0
0.594327,0.0
0.599952,0.0
0.594993,0.0
0.545433,1.0
0.59895,0.0
0.594281,0.0
0.542673,1.0
0.599045,0.0
0.605273,0.0
0.587618,0.0
0.575253,1.0
0.543881,0.0
0.537227,1.0
0.571503,1.0
0.535848,0.0
0.605102,0.0
0.603164,0.0
0.579879,0.0
0.540266,0.0
0.604851,1.0
0.603193,1.0
0.599335,0.0
0.542423,1.0
0.604381,1.0
0.600435,1.0
0.587448,1.0
0.541161,1.0
0.604855,0.0
0.604905,1.0
0.604877,0.0
0.597025,0.0
0.606927,1.0
0.605706,0.0
0.60465,0.0
0.594366,1.0
0.60034,1.0
0.599665,1.0
0.539711,1.0
0.594371,0.0
0.603145,1.0
0.601448,1.0
0.596164,1.0
0.542674,1.0
0.605269,1.0
0.5935,0.0
0.594277,1.0
0.608018,0.0
0.543329,1.0
0.571894,0.0
0.588147,1.0
0.598972,1.0
0.530135,0.0
0.53572,0.0
0.584761,1.0
0.591211,1.0
0.540298,1.0
0.605098,1.0
0.600021,0.0
0.604582,1.0
0.606253,0.0
0.546251,0.0
0.604618,0.0
0.542602,1.0
0.594967,0.0
0.598035,0.0
0.543487,1.0
0.5402,0.0
0.599379,0.0
0.601463,1.0
0.605507,0.0
0.543456,1.0
0.60519,0.0
0.580585,1.0
0.591282,0.0
0.541192,0.0
0.603923,1.0
0.605061,1.0
0.598588,1.0
0.5414,1.0
0.693303,1.0
0.700339,1.0
0.685398,0.0
0.709978,1.0
0.347516,0.0
0.770244,0.0
0.709978,1.0
0.729305,0.0
0.668181,1.0
0.689605,0.0
0.740538,0.0
0.33537,0.0
0.354403,0.0
0.33912,0.0
0.747753,1.0
0.763187,1.0
0.702363,0.0
0.316595,0.0
0.657027,0.0
0.337761,0.0
0.64971,1.0
0.369141,1.0
0.347706,0.0
0.364748,0.0
0.769025,1.0
0.351604,0.0
0.370276,0.0
0.754202,1.0
0.669329,0.0
0.332636,0.0
0.385245,0.0
0.457559,1.0
0.759885,1.0
0.771092,1.0
0.447612,1.0
0.765555,1.0
0.335495,0.0
0.688732,0.0
0.417757,0.0
0.785235,0.0
0.338339,1.0
0.689782,1.0
0.343329,0.0
0.75502,1.0
0.683818,1.0
0.70968,0.0
0.401017,0.0
0.790097,1.0
0.33682,0.0
0.34029,0.0
0.336744,0.0
0.698712,0.0
0.704884,1.0
0.695281,0.0
0.683103,0.0
0.373868,0.0
0.670888,0.0
0.352761,0.0
0.747459,1.0
0.368947,1.0
0.689681,1.0
0.678646,1.0
0.694903,0.0
0.754878,0.0
0.336249,0.0
0.678968,0.0
0.684671,0.0
0.707211,1.0
0.793778,1.0
0.453952,0.0
0.394808,1.0
0.3553,0.0
0.746252,0.0
0.765088,1.0
0.397835,0.0
0.669485,0.0
0.784216,0.0
0.339102,0.0
0.661761,1.0
0.338952,0.0
0.697074,1.0
0.767906,1.0
0.3353,1.0
0.756588,0.0
0.363842,0.0
0.667882,1.0
0.762836,1.0
0.748489,1.0
0.349815,0.0
0.681002,1.0
0.334275,0.0
0.759709,1.0
0.696876,1.0
0.417665,0.0
0.380609,0.0
0.749338,1.0
0.69184,1.0
0.693882,1.0
0.704421,1.0
0.786023,1.0
0.592917,1.0
0.593253,1.0
0.608258,1.0
0.590376,1.0
0.628699,0.0
0.670437,1.0
0.590376,0.0
0.671604,1.0
0.591521,1.0
0.606012,0.0
0.670469,0.0
0.634279,1.0
0.624455,0.0
0.631691,1.0
0.660875,0.0
0.66088,0.0
0.632188,1.0
0.642016,1.0
0.608824,0.0
0.633171,1.0
0.594485,1.0
0.605091,1.0
0.628557,0.0
0.620303,1.0
0.65969,0.0
0.62672,0.0
0.617461,1.0
0.661142,1.0
0.610435,1.0
0.635536,1.0
0.609982,0.0
0.547402,0.0
0.661309,1.0
0.660434,0.0
0.553936,0.0
0.66095,0.0
0.634188,0.0
0.606331,1.0
0.591215,1.0
0.670063,0.0
0.620527,0.0
0.592684,0.0
0.63085,1.0
0.661048,0.0
0.593425,1.0
0.605367,0.0
0.599639,1.0
0.657693,1.0
0.633581,1.0
0.631148,1.0
0.633616,0.0
0.605338,0.0
0.592457,1.0
0.607123,0.0
0.608567,0.0
0.614581,0.0
0.608252,1.0
0.625232,1.0
0.660064,1.0
0.6052,1.0
0.591281,1.0
0.593997,1.0
0.60456,0.0
0.67395,1.0
0.633061,1.0
0.61375,0.0
0.606892,0.0
0.592752,1.0
0.659262,0.0
0.567244,1.0
0.588684,1.0
0.624,0.0
0.665515,0.0
0.660938,0.0
0.601861,0.0
0.607356,0.0
0.670899,1.0
0.631699,0.0
0.593378,0.0
0.631793,0.0
0.593402,1.0
0.661189,1.0
0.623097,1.0
0.673171,1.0
0.620758,0.0
0.594414,1.0
0.65906,0.0
0.660167,1.0
0.627564,0.0
0.591709,0.0
0.634749,0.0
0.660737,1.0
0.591919,1.0
0.590097,1.0
0.612086,1.0
0.661547,0.0
0.591745,0.0
0.592114,1.0
0.590832,0.0
0.659672,0.0
0.513651,0.0
0.51243,1.0
0.515964,0.0
0.510289,1.0
0.534117,0.0
0.514164,0.0
0.511086,0.0
0.519928,0.0
0.516865,0.0
0.515633,0.0
0.517911,0.0
0.532849,0.0
0.534626,0.0
0.533175,0.0
0.517913,1.0
0.515369,1.0
0.513754,1.0
0.532415,0.0
0.520466,0.0
0.532939,0.0
0.520251,0.0
0.53673,0.0
0.534164,0.0
0.533796,0.0
0.5141,0.0
0.534308,0.0
0.534011,0.0
0.517213,0.0
0.518491,0.0
0.532761,0.0
0.535382,1.0
0.543524,0.0
0.516035,1.0
0.514287,0.0
0.542801,0.0
0.515031,1.0
0.53381,0.0
0.514406,0.0
0.535603,0.0
0.511978,0.0
0.53773,0.0
0.514629,1.0
0.532969,0.0
0.516844,1.0
0.515213,1.0
0.51267,1.0
0.535505,1.0
0.510688,0.0
0.532928,0.0
0.533225,1.0
0.533868,0.0
0.513787,1.0
0.51167,0.0
0.514547,1.0
0.516944,0.0
0.535515,0.0
0.517754,0.0
0.533589,0.0
0.517643,0.0
0.536722,1.0
0.513573,0.0
0.516327,0.0
0.514777,0.0
0.517657,0.0
0.533055,0.0
0.518465,1.0
0.516114,0.0
0.511236,0.0
0.510984,0.0
0.537171,1.0
0.538052,0.0
0.534703,1.0
0.514965,0.0
0.515126,1.0
0.536182,1.0
0.51867,0.0
0.512818,0.0
0.534165,0.0
0.519198,0.0
0.534127,1.0
0.512972,0.0
0.514821,0.0
0.535441,1.0
0.516898,1.0
0.53476,0.0
0.517782,1.0
0.514722,0.0
0.517369,0.0
0.534232,1.0
0.515723,0.0
0.53378,0.0
0.516061,1.0
0.512463,0.0
0.535967,1.0
0.534365,0.0
0.517628,1.0
0.514093,1.0
0.513269,0.0
0.512279,0.0
0.512072,0.0
0.733925,1.0
0.728799,1.0
0.733723,1.0
0.73078,1.0
0.579805,1.0
0.360114,1.0
0.735961,1.0
0.353275,0.0
0.733209,1.0
0.73423,1.0
0.355184,0.0
0.578937,1.0
0.579885,1.0
0.578914,1.0
0.343974,0.0
0.34735,0.0
0.546532,0.0
0.578674,1.0
0.733458,0.0
0.578936,0.0
0.731242,0.0
0.577784,1.0
0.579777,1.0
0.579252,1.0
0.357277,0.0
0.579813,0.0
0.579307,1.0
0.354356,0.0
0.731173,1.0
0.578902,1.0
0.582697,0.0
0.578136,0.0
0.348793,0.0
0.356019,1.0
0.579429,1.0
0.347766,0.0
0.579558,0.0
0.73464,1.0
0.579969,1.0
0.359908,1.0
0.578908,0.0
0.730241,1.0
0.579145,0.0
0.345338,0.0
0.730194,1.0
0.731247,1.0
0.581973,0.0
0.363139,0.0
0.578898,1.0
0.581272,1.0
0.579552,0.0
0.730939,1.0
0.73374,1.0
0.730866,1.0
0.73444,1.0
0.580013,0.0
0.73388,1.0
0.579129,1.0
0.354546,0.0
0.580179,1.0
0.735042,1.0
0.732411,1.0
0.735107,1.0
0.353522,0.0
0.578909,1.0
0.718291,1.0
0.73498,1.0
0.733653,1.0
0.359951,1.0
0.582924,0.0
0.5779,1.0
0.582234,0.0
0.365434,1.0
0.347632,0.0
0.582882,0.0
0.73332,1.0
0.359387,0.0
0.57959,0.0
0.733355,1.0
0.582003,1.0
0.733574,1.0
0.357352,1.0
0.579992,1.0
0.347789,1.0
0.579942,1.0
0.7265,1.0
0.357216,1.0
0.355068,1.0
0.582197,1.0
0.735591,1.0
0.579516,0.0
0.348869,1.0
0.734579,1.0
0.582355,1.0
0.57944,0.0
0.344284,0.0
0.731516,1.0
0.734697,1.0
0.735793,1.0
0.358681,0.0
0.597407,1.0
0.596263,1.0
0.600031,1.0
0.594107,0.0
0.608236,0.0
0.662132,1.0
0.595245,0.0
0.663047,1.0
0.598471,1.0
0.598655,0.0
0.662564,1.0
0.615593,1.0
0.607285,0.0
0.614592,0.0
0.663177,1.0
0.661859,1.0
0.630663,1.0
0.615238,1.0
0.596059,0.0
0.627434,1.0
0.597231,1.0
0.582059,1.0
0.608005,0.0
0.614984,1.0
0.661152,1.0
0.620026,0.0
0.614744,1.0
0.661475,1.0
0.600628,1.0
0.61564,1.0
0.6172,0.0
0.538354,1.0
0.660878,1.0
0.664059,0.0
0.557406,0.0
0.661694,1.0
0.619854,1.0
0.597517,1.0
0.614906,1.0
0.66237,0.0
0.588419,0.0
0.597713,1.0
0.628356,1.0
0.662741,0.0
0.598895,1.0
0.59747,0.0
0.621817,1.0
0.654212,1.0
0.61527,1.0
0.611457,1.0
0.61972,1.0
0.59727,1.0
0.595594,1.0
0.598343,1.0
0.600206,1.0
0.618165,0.0
0.599619,1.0
0.614692,1.0
0.662098,1.0
0.578556,1.0
0.596431,1.0
0.598791,1.0
0.597606,0.0
0.66203,1.0
0.614837,1.0
0.60134,1.0
0.598644,0.0
0.595326,1.0
0.660647,0.0
0.624847,0.0
0.575233,1.0
0.615949,1.0
0.663067,1.0
0.661705,0.0
0.616278,0.0
0.599767,0.0
0.656879,0.0
0.619028,0.0
0.59991,0.0
0.603902,1.0
0.596945,1.0
0.662613,1.0
0.584081,1.0
0.664927,1.0
0.607505,0.0
0.59949,1.0
0.66448,1.0
0.664792,1.0
0.604831,0.0
0.59796,1.0
0.619753,0.0
0.664018,1.0
0.595839,1.0
0.611001,1.0
0.626669,0.0
0.663202,0.0
0.597162,1.0
0.596602,1.0
0.596268,0.0
0.658694,0.0
0.610922,1.0
0.610689,1.0
0.612704,1.0
0.588917,0.0
0.581183,1.0
0.679038,1.0
0.589487,0.0
0.689443,1.0
0.611978,0.0
0.591277,0.0
0.689288,1.0
0.607281,1.0
0.580677,0.0
0.584954,0.0
0.690146,0.0
0.689551,1.0
0.66266,1.0
0.606865,0.0
0.597217,0.0
0.619883,1.0
0.62193,1.0
0.584774,0.0
0.581023,1.0
0.607226,1.0
0.688791,1.0
0.595532,0.0
0.607143,1.0
0.688745,1.0
0.614858,1.0
0.60728,0.0
0.593467,0.0
0.560015,1.0
0.688516,1.0
0.660247,0.0
0.545906,0.0
0.689451,0.0
0.616037,1.0
0.61116,1.0
0.607915,1.0
0.659157,0.0
0.574331,0.0
0.612769,0.0
0.620465,1.0
0.667154,0.0
0.612226,1.0
0.591189,1.0
0.616951,1.0
0.684112,0.0
0.607084,1.0
0.604255,1.0
0.615975,0.0
0.611822,1.0
0.609753,1.0
0.613086,0.0
0.614272,1.0
0.594746,0.0
0.613784,1.0
0.60693,1.0
0.689015,1.0
0.580773,0.0
0.610286,1.0
0.613169,1.0
0.5905,0.0
0.689111,0.0
0.606824,1.0
0.61665,1.0
0.591563,0.0
0.609551,1.0
0.658382,0.0
0.59927,0.0
0.58,1.0
0.613469,1.0
0.681307,1.0
0.667202,0.0
0.593143,0.0
0.592103,0.0
0.665349,1.0
0.594731,0.0
0.592086,0.0
0.599778,1.0
0.610801,1.0
0.679263,1.0
0.584659,1.0
0.681772,1.0
0.580939,1.0
0.614135,1.0
0.681808,0.0
0.681448,1.0
0.578009,0.0
0.612423,1.0
0.595091,0.0
0.680816,1.0
0.60986,1.0
0.605024,1.0
0.59965,1.0
0.667083,0.0
0.612148,1.0
0.610574,1.0
0.58997,0.0
0.666277,0.0
0.73615,1.0
0.736249,1.0
0.735689,1.0
0.743947,1.0
0.581796,1.0
0.336818,1.0
0.745083,1.0
0.347725,0.0
0.742935,0.0
0.743758,1.0
0.349796,0.0
0.580061,1.0
0.581638,1.0
0.581274,0.0
0.359,0.0
0.343092,0.0
0.434071,0.0
0.579548,1.0
0.741855,0.0
0.577394,0.0
0.734568,0.0
0.580861,1.0
0.581804,1.0
0.580109,0.0
0.342382,1.0
0.578311,0.0
0.580122,0.0
0.340803,0.0
0.735863,0.0
0.579545,1.0
0.578392,0.0
0.574476,1.0
0.340292,0.0
0.352048,0.0
0.583452,1.0
0.355999,0.0
0.577504,0.0
0.737063,1.0
0.580166,1.0
0.351887,0.0
0.578368,0.0
0.743863,1.0
0.57741,0.0
0.356737,0.0
0.736165,1.0
0.737158,1.0
0.577506,0.0
0.350441,1.0
0.580071,1.0
0.580213,1.0
0.576933,0.0
0.737277,0.0
0.736331,1.0
0.743645,1.0
0.736484,1.0
0.578379,1.0
0.736819,1.0
0.580111,0.0
0.342634,0.0
0.581123,1.0
0.737203,1.0
0.736388,0.0
0.744194,1.0
0.355295,0.0
0.580088,0.0
0.73372,0.0
0.744563,0.0
0.736167,1.0
0.349538,0.0
0.578347,1.0
0.581411,1.0
0.577506,0.0
0.347396,0.0
0.355003,0.0
0.578436,0.0
0.743433,0.0
0.334329,0.0
0.5783,1.0
0.743237,1.0
0.580525,1.0
0.736178,1.0
0.335431,1.0
0.581163,1.0
0.339311,0.0
0.581832,1.0
0.736231,1.0
0.355126,1.0
0.339364,1.0
0.581793,1.0
0.737608,1.0
0.578276,0.0
0.337493,0.0
0.736877,1.0
0.580309,1.0
0.578525,0.0
0.357549,0.0
0.737791,1.0
0.736813,1.0
0.744664,1.0
0.351965,0.0
0.593524,1.0
0.593148,1.0
0.595104,1.0
0.592008,0.0
0.601959,0.0
0.659238,1.0
0.593185,0.0
0.660564,1.0
0.592314,1.0
0.595225,1.0
0.660229,1.0
0.610679,1.0
0.585761,0.0
0.598695,0.0
0.66158,0.0
0.660589,1.0
0.645275,1.0
0.595338,1.0
0.593799,0.0
0.623037,1.0
0.594196,1.0
0.588167,1.0
0.60192,0.0
0.622982,1.0
0.662944,1.0
0.598994,0.0
0.623004,1.0
0.660167,1.0
0.592801,1.0
0.595584,1.0
0.598199,1.0
0.583492,1.0
0.65994,1.0
0.659635,0.0
0.576701,0.0
0.662344,1.0
0.621978,1.0
0.593681,1.0
0.611536,1.0
0.65849,0.0
0.590703,1.0
0.596452,1.0
0.623299,1.0
0.66186,0.0
0.594623,0.0
0.592196,1.0
0.62222,1.0
0.662472,0.0
0.610629,1.0
0.609633,1.0
0.607182,1.0
0.59013,1.0
0.592477,1.0
0.596905,1.0
0.596251,1.0
0.586893,0.0
0.595734,1.0
0.622829,0.0
0.66048,1.0
0.585632,1.0
0.592976,1.0
0.591544,1.0
0.594503,0.0
0.662427,0.0
0.622668,1.0
0.593969,1.0
0.592151,0.0
0.592312,1.0
0.657121,0.0
0.588662,0.0
0.602635,1.0
0.620888,1.0
0.659381,1.0
0.661586,0.0
0.598256,0.0
0.592408,0.0
0.655129,0.0
0.586538,0.0
0.596381,0.0
0.608695,1.0
0.593364,1.0
0.65919,1.0
0.602974,1.0
0.658962,1.0
0.60205,0.0
0.595752,1.0
0.664393,0.0
0.661355,1.0
0.584481,0.0
0.594654,0.0
0.598661,1.0
0.658074,1.0
0.592596,1.0
0.610542,0.0
0.615942,1.0
0.661925,1.0
0.594327,1.0
0.593212,1.0
0.593699,0.0
0.66016,1.0
0.735779,1.0
0.735952,1.0
0.735638,1.0
0.74395,1.0
0.584232,1.0
0.332897,0.0
0.745394,1.0
0.337801,0.0
0.734671,1.0
0.737851,1.0
0.339742,0.0
0.58387,0.0
0.585813,1.0
0.57503,1.0
0.354591,0.0
0.333696,0.0
0.377719,0.0
0.585343,1.0
0.74162,1.0
0.574317,0.0
0.733785,0.0
0.585926,1.0
0.584235,1.0
0.575022,0.0
0.339081,1.0
0.574337,0.0
0.575028,0.0
0.331544,0.0
0.733434,1.0
0.585324,1.0
0.574349,1.0
0.58575,1.0
0.33107,1.0
0.346071,0.0
0.58637,1.0
0.336908,0.0
0.574336,1.0
0.737104,1.0
0.583814,1.0
0.345803,0.0
0.574143,0.0
0.739096,1.0
0.574328,0.0
0.350602,0.0
0.743382,1.0
0.735465,1.0
0.574336,0.0
0.351478,1.0
0.583875,0.0
0.583968,1.0
0.574229,0.0
0.733801,1.0
0.73567,1.0
0.738718,1.0
0.73716,0.0
0.585501,0.0
0.737608,1.0
0.574569,0.0
0.333154,1.0
0.586128,1.0
0.736939,1.0
0.733193,1.0
0.745084,1.0
0.350853,1.0
0.575004,0.0
0.733178,1.0
0.742618,1.0
0.735373,1.0
0.344322,0.0
0.58536,1.0
0.584559,1.0
0.574307,0.0
0.334928,1.0
0.348982,1.0
0.574365,0.0
0.741907,0.0
0.343305,0.0
0.585525,0.0
0.74463,1.0
0.584067,1.0
0.735772,1.0
0.332081,1.0
0.584533,1.0
0.32968,1.0
0.584227,1.0
0.737566,1.0
0.355474,1.0
0.335561,0.0
0.585917,0.0
0.74519,1.0
0.574328,1.0
0.328228,0.0
0.736382,1.0
0.583422,0.0
0.574469,0.0
0.336701,0.0
0.738249,1.0
0.736401,1.0
0.745101,1.0
0.329569,0.0
0.598778,0.0
0.595329,1.0
0.609122,0.0
0.604252,1.0
0.399516,0.0
0.665699,0.0
0.622091,1.0
0.711204,1.0
0.617255,1.0
0.625384,1.0
0.720146,0.0
0.366564,0.0
0.402653,1.0
0.401896,0.0
0.748936,0.0
0.692228,1.0
0.696608,1.0
0.386239,0.0
0.686809,1.0
0.368232,0.0
0.631202,0.0
0.386203,0.0
0.399512,0.0
0.365415,0.0
0.708931,1.0
0.388462,0.0
0.365386,0.0
0.68128,1.0
0.611085,1.0
0.386173,0.0
0.389234,0.0
0.39749,1.0
0.68563,1.0
0.681385,1.0
0.400655,1.0
0.708261,1.0
0.384495,0.0
0.609465,1.0
0.382451,1.0
0.673487,1.0
0.374762,1.0
0.649131,1.0
0.368118,0.0
0.719193,1.0
0.625229,0.0
0.591494,0.0
0.368405,1.0
0.70315,1.0
0.366564,0.0
0.383057,0.0
0.372452,0.0
0.598837,0.0
0.590336,1.0
0.646833,1.0
0.617209,1.0
0.38918,0.0
0.630906,1.0
0.380654,0.0
0.695893,1.0
0.386733,0.0
0.603375,1.0
0.596631,1.0
0.640434,1.0
0.732202,0.0
0.365564,0.0
0.633273,1.0
0.63122,1.0
0.587715,1.0
0.663885,1.0
0.405401,0.0
0.383249,0.0
0.368895,0.0
0.697303,0.0
0.716284,1.0
0.388523,0.0
0.624905,0.0
0.660154,1.0
0.3894,0.0
0.664836,0.0
0.382898,0.0
0.595785,1.0
0.671006,1.0
0.383816,0.0
0.676629,1.0
0.399419,0.0
0.631582,1.0
0.733524,0.0
0.681206,0.0
0.38623,1.0
0.651692,1.0
0.38923,0.0
0.661646,1.0
0.596389,1.0
0.382394,0.0
0.368973,1.0
0.70684,1.0
0.624514,1.0
0.599481,1.0
0.62593,0.0
0.669596,1.0
0.807018,1.0
0.821767,1.0
0.792114,0.0
0.810299,1.0
0.33983,0.0
0.871402,1.0
0.791155,1.0
0.832389,1.0
0.7932,1.0
0.784371,1.0
0.817662,1.0
0.325117,0.0
0.420759,0.0
0.343744,0.0
0.78786,1.0
0.851477,1.0
0.84303,1.0
0.334362,1.0
0.715525,1.0
0.329154,0.0
0.770011,1.0
0.333726,1.0
0.339824,0.0
0.327347,0.0
0.832303,1.0
0.336756,0.0
0.32733,0.0
0.862144,1.0
0.802165,1.0
0.334344,1.0
0.339489,1.0
0.420478,1.0
0.856039,1.0
0.861147,1.0
0.418405,1.0
0.835541,1.0
0.337913,0.0
0.804188,1.0
0.411242,1.0
0.868679,1.0
0.40924,1.0
0.763023,1.0
0.329096,1.0
0.823502,1.0
0.775004,0.0
0.81447,1.0
0.405952,0.0
0.837292,1.0
0.325114,0.0
0.333737,1.0
0.330869,0.0
0.806051,1.0
0.826833,1.0
0.76381,1.0
0.794321,0.0
0.333095,0.0
0.780534,1.0
0.333554,1.0
0.84569,1.0
0.333815,1.0
0.811521,1.0
0.819749,1.0
0.767596,1.0
0.801794,1.0
0.327424,1.0
0.781203,1.0
0.779451,1.0
0.829764,1.0
0.878021,1.0
0.34196,1.0
0.3333,0.0
0.329456,0.0
0.838386,1.0
0.824069,1.0
0.336741,0.0
0.775898,1.0
0.881424,0.0
0.333188,0.0
0.730077,1.0
0.333568,0.0
0.820134,1.0
0.870416,1.0
0.333661,1.0
0.864947,1.0
0.339781,0.0
0.78193,1.0
0.800199,1.0
0.85635,1.0
0.410757,0.0
0.756299,1.0
0.339516,0.0
0.880883,1.0
0.819838,1.0
0.33145,0.0
0.406056,1.0
0.836956,1.0
0.788902,1.0
0.816098,1.0
0.77672,0.0
0.873519,1.0
0.597773,0.0
0.598109,1.0
0.602192,0.0
0.607746,1.0
0.285533,0.0
0.663752,0.0
0.624622,1.0
0.706674,1.0
0.619076,1.0
0.62704,0.0
0.711347,1.0
0.285825,1.0
0.363936,0.0
0.288325,0.0
0.740319,1.0
0.689299,1.0
0.694746,0.0
0.352456,1.0
0.690515,1.0
0.288979,0.0
0.622927,1.0
0.351773,1.0
0.285529,0.0
0.288132,0.0
0.709629,1.0
0.290005,0.0
0.288125,1.0
0.679651,1.0
0.61282,0.0
0.35246,0.0
0.357157,1.0
0.45011,1.0
0.687384,1.0
0.681056,1.0
0.446101,1.0
0.703943,1.0
0.288825,0.0
0.611431,1.0
0.443846,1.0
0.674235,1.0
0.449524,0.0
0.649869,1.0
0.356434,1.0
0.715604,1.0
0.617966,0.0
0.591318,0.0
0.364973,1.0
0.705438,1.0
0.285822,0.0
0.35289,0.0
0.289354,0.0
0.597801,1.0
0.593639,0.0
0.647776,0.0
0.608723,0.0
0.286428,0.0
0.632043,0.0
0.357466,0.0
0.696926,1.0
0.351683,0.0
0.605673,0.0
0.599213,1.0
0.643155,0.0
0.730005,1.0
0.35533,0.0
0.633765,1.0
0.633533,1.0
0.591289,1.0
0.66615,1.0
0.353669,0.0
0.285082,0.0
0.289067,0.0
0.69489,0.0
0.71802,1.0
0.289974,0.0
0.618567,0.0
0.659921,1.0
0.286445,0.0
0.663339,0.0
0.285423,0.0
0.598647,1.0
0.674402,1.0
0.352542,1.0
0.679222,1.0
0.285522,0.0
0.632438,1.0
0.73155,1.0
0.676673,1.0
0.364286,0.0
0.654257,1.0
0.288762,0.0
0.663085,1.0
0.599168,1.0
0.286927,0.0
0.447179,0.0
0.702623,1.0
0.625641,1.0
0.602035,1.0
0.618417,0.0
0.66971,0.0
0.579486,0.0
0.574094,0.0
0.584371,0.0
0.575868,1.0
0.621652,0.0
0.506607,0.0
0.581257,1.0
0.519363,0.0
0.580446,1.0
0.587832,0.0
0.52071,1.0
0.608131,0.0
0.611693,0.0
0.621337,1.0
0.531039,1.0
0.51248,1.0
0.520226,1.0
0.593878,1.0
0.599976,1.0
0.620315,0.0
0.583799,0.0
0.593995,0.0
0.621652,1.0
0.620384,1.0
0.520637,1.0
0.620492,0.0
0.607734,1.0
0.508408,1.0
0.585984,0.0
0.60864,0.0
0.593074,0.0
0.575735,1.0
0.511769,0.0
0.509056,0.0
0.576652,0.0
0.518366,0.0
0.620943,1.0
0.577854,1.0
0.576845,0.0
0.506092,0.0
0.591782,0.0
0.589793,1.0
0.592389,1.0
0.522784,1.0
0.589048,1.0
0.576963,1.0
0.595493,1.0
0.519005,1.0
0.620709,0.0
0.608527,1.0
0.62033,1.0
0.573085,1.0
0.578055,1.0
0.594658,0.0
0.586997,1.0
0.620975,1.0
0.590757,1.0
0.607356,1.0
0.515677,1.0
0.60876,1.0
0.581491,1.0
0.575337,0.0
0.591649,1.0
0.527567,1.0
0.60748,0.0
0.586992,0.0
0.585334,1.0
0.571429,1.0
0.502438,1.0
0.608799,0.0
0.621398,1.0
0.620314,0.0
0.519741,0.0
0.523719,0.0
0.620497,1.0
0.586339,1.0
0.502117,1.0
0.620976,1.0
0.596991,1.0
0.621351,1.0
0.574473,0.0
0.506202,1.0
0.593819,1.0
0.508294,1.0
0.621652,0.0
0.585737,0.0
0.528148,1.0
0.5066,1.0
0.610797,0.0
0.590078,1.0
0.621038,0.0
0.501023,1.0
0.573713,1.0
0.620812,1.0
0.592207,1.0
0.517866,1.0
0.582591,1.0
0.575196,0.0
0.587382,1.0
0.509817,1.0
0.611786,1.0
0.614618,1.0
0.614605,1.0
0.613104,1.0
0.66682,0.0
0.675605,1.0
0.615115,1.0
0.687102,1.0
0.615248,1.0
0.614402,1.0
0.68626,1.0
0.631475,1.0
0.649188,0.0
0.666318,1.0
0.689833,1.0
0.682904,1.0
0.679869,1.0
0.595452,1.0
0.622561,1.0
0.66411,1.0
0.619055,1.0
0.594738,1.0
0.666777,1.0
0.664196,1.0
0.686297,1.0
0.664611,0.0
0.630986,1.0
0.681082,1.0
0.615196,1.0
0.638825,1.0
0.592354,1.0
0.543031,1.0
0.683865,1.0
0.682557,1.0
0.54348,0.0
0.686669,1.0
0.665426,1.0
0.614348,1.0
0.544235,1.0
0.681151,0.0
0.59319,1.0
0.618974,1.0
0.592018,1.0
0.687112,0.0
0.615649,1.0
0.60944,0.0
0.60186,1.0
0.685584,1.0
0.66474,1.0
0.638852,1.0
0.664168,1.0
0.612565,0.0
0.610228,1.0
0.617964,1.0
0.61484,1.0
0.665395,0.0
0.615574,1.0
0.636359,1.0
0.684286,1.0
0.639387,1.0
0.611176,1.0
0.615505,1.0
0.61464,1.0
0.688765,1.0
0.636179,1.0
0.620445,1.0
0.61734,0.0
0.612399,1.0
0.678205,1.0
0.639422,1.0
0.666133,1.0
0.664113,1.0
0.681886,1.0
0.688703,0.0
0.664608,1.0
0.613382,1.0
0.678854,0.0
0.665399,0.0
0.617254,0.0
0.666051,1.0
0.614685,1.0
0.680011,1.0
0.595301,1.0
0.680996,1.0
0.666817,1.0
0.619263,1.0
0.688878,1.0
0.680087,1.0
0.646799,1.0
0.61857,1.0
0.665672,1.0
0.67757,1.0
0.612909,1.0
0.665051,1.0
0.595584,1.0
0.685192,1.0
0.6163,1.0
0.614717,1.0
0.614068,1.0
0.676061,0.0
0.731557,1.0
0.733757,1.0
0.732015,0.0
0.735719,0.0
0.577922,1.0
0.326197,1.0
0.737062,1.0
0.333396,0.0
0.735402,0.0
0.735219,1.0
0.334418,0.0
0.578124,0.0
0.578892,1.0
0.579242,0.0
0.339411,0.0
0.331057,0.0
0.334285,0.0
0.579235,0.0
0.737321,0.0
0.579059,0.0
0.73326,0.0
0.578351,1.0
0.57922,1.0
0.579048,0.0
0.334661,0.0
0.577855,0.0
0.578354,1.0
0.329647,0.0
0.733006,1.0
0.579328,1.0
0.578328,0.0
0.579716,0.0
0.330442,0.0
0.329544,0.0
0.57829,1.0
0.33287,0.0
0.579189,0.0
0.735376,1.0
0.576368,1.0
0.346546,1.0
0.579097,0.0
0.737677,1.0
0.579084,0.0
0.35102,0.0
0.734145,1.0
0.739207,1.0
0.578971,0.0
0.333958,0.0
0.579043,1.0
0.579342,0.0
0.579075,0.0
0.740947,1.0
0.732585,1.0
0.736328,1.0
0.73322,0.0
0.577909,1.0
0.735411,0.0
0.579212,0.0
0.332487,0.0
0.579351,1.0
0.733941,1.0
0.7333,1.0
0.736887,0.0
0.337608,0.0
0.579112,0.0
0.735483,0.0
0.743932,1.0
0.733448,1.0
0.328067,1.0
0.579418,0.0
0.579166,0.0
0.579061,0.0
0.330506,0.0
0.350877,0.0
0.579126,1.0
0.733223,0.0
0.346168,0.0
0.577909,0.0
0.743413,0.0
0.579167,1.0
0.733629,1.0
0.329178,1.0
0.579229,0.0
0.329835,0.0
0.579215,1.0
0.736095,0.0
0.338256,0.0
0.329117,0.0
0.579784,0.0
0.737914,1.0
0.579201,0.0
0.327659,0.0
0.7344,1.0
0.579098,0.0
0.579381,0.0
0.333202,0.0
0.736463,1.0
0.734138,1.0
0.735337,1.0
0.345739,0.0
0.533886,0.0
0.533743,0.0
0.536336,1.0
0.536031,1.0
0.531941,0.0
0.533557,0.0
0.52973,1.0
0.533607,1.0
0.534784,0.0
0.529813,0.0
0.533271,0.0
0.534251,1.0
0.532369,0.0
0.531854,0.0
0.530375,0.0
0.535201,0.0
0.534783,1.0
0.537238,1.0
0.527351,0.0
0.531791,0.0
0.53555,0.0
0.534884,1.0
0.530853,0.0
0.532029,0.0
0.53328,0.0
0.533233,0.0
0.533212,0.0
0.536019,0.0
0.532926,0.0
0.531743,0.0
0.536869,1.0
0.543371,0.0
0.535366,0.0
0.535945,0.0
0.540971,0.0
0.533915,1.0
0.53192,1.0
0.531428,1.0
0.539316,0.0
0.529912,0.0
0.535023,0.0
0.527171,1.0
0.537663,1.0
0.530715,0.0
0.530443,0.0
0.532158,1.0
0.536398,1.0
0.533707,0.0
0.530789,1.0
0.533189,1.0
0.532019,1.0
0.530789,1.0
0.534393,0.0
0.528261,1.0
0.535742,0.0
0.532243,0.0
0.534874,0.0
0.533345,0.0
0.534476,0.0
0.532001,1.0
0.532594,1.0
0.533942,0.0
0.532349,1.0
0.531437,0.0
0.533035,0.0
0.535306,0.0
0.52675,1.0
0.534264,0.0
0.532782,0.0
0.532788,1.0
0.5319,1.0
0.53179,1.0
0.535249,0.0
0.530493,1.0
0.530964,1.0
0.535386,0.0
0.535241,0.0
0.533454,0.0
0.528197,0.0
0.530902,0.0
0.533581,0.0
0.531954,0.0
0.537258,1.0
0.536021,0.0
0.53066,0.0
0.534811,1.0
0.531236,0.0
0.536368,0.0
0.532206,1.0
0.525982,0.0
0.531673,0.0
0.537316,1.0
0.533032,1.0
0.531971,1.0
0.535437,1.0
0.534,1.0
0.53002,1.0
0.532972,0.0
0.529729,1.0
0.535541,0.0
0.728872,0.0
0.731034,1.0
0.71871,1.0
0.721813,1.0
0.582112,1.0
0.333407,0.0
0.728505,1.0
0.324375,0.0
0.728725,1.0
0.733012,1.0
0.333366,0.0
0.576202,0.0
0.582425,1.0
0.574495,0.0
0.336984,0.0
0.33135,0.0
0.323937,0.0
0.575059,0.0
0.733711,1.0
0.574518,0.0
0.727094,0.0
0.58664,1.0
0.581114,1.0
0.57444,0.0
0.333562,1.0
0.574507,0.0
0.582722,1.0
0.330647,1.0
0.730693,1.0
0.581695,0.0
0.575301,1.0
0.562903,0.0
0.3313,0.0
0.330855,0.0
0.591743,1.0
0.324011,0.0
0.576796,1.0
0.726424,1.0
0.59031,1.0
0.33712,0.0
0.574524,1.0
0.730205,1.0
0.574671,1.0
0.336765,0.0
0.731927,1.0
0.724929,1.0
0.575616,0.0
0.333099,0.0
0.583556,0.0
0.576815,0.0
0.576764,1.0
0.726801,0.0
0.729523,1.0
0.728839,1.0
0.726427,1.0
0.582337,1.0
0.729185,1.0
0.57447,0.0
0.332202,0.0
0.584391,1.0
0.724634,1.0
0.730693,0.0
0.724899,1.0
0.335592,0.0
0.574571,0.0
0.730073,0.0
0.73055,1.0
0.730357,1.0
0.334246,1.0
0.576963,1.0
0.576787,1.0
0.576835,0.0
0.33127,0.0
0.328672,0.0
0.583685,0.0
0.726312,0.0
0.3316,0.0
0.574435,0.0
0.733348,1.0
0.581142,1.0
0.730916,0.0
0.334885,1.0
0.575042,1.0
0.330805,1.0
0.580986,1.0
0.723826,0.0
0.336111,0.0
0.330444,0.0
0.577093,0.0
0.736372,1.0
0.574554,0.0
0.321095,0.0
0.72488,1.0
0.576769,0.0
0.576587,0.0
0.323944,0.0
0.728017,1.0
0.73147,1.0
0.727102,1.0
0.331242,0.0
0.726718,1.0
0.744652,1.0
0.742916,1.0
0.743924,1.0
0.59606,1.0
0.359566,1.0
0.746955,1.0
0.353135,0.0
0.745044,1.0
0.747056,1.0
0.352907,0.0
0.556517,1.0
0.596149,1.0
0.558101,0.0
0.347254,1.0
0.356393,1.0
0.356495,0.0
0.554748,1.0
0.749046,0.0
0.558161,1.0
0.726051,0.0
0.599009,1.0
0.595259,1.0
0.558014,1.0
0.379098,1.0
0.557696,0.0
0.596853,1.0
0.382032,0.0
0.744824,1.0
0.560205,1.0
0.594809,1.0
0.541408,1.0
0.356748,0.0
0.357783,0.0
0.604897,1.0
0.353601,0.0
0.593156,0.0
0.745676,1.0
0.604522,1.0
0.353516,1.0
0.593413,0.0
0.748257,1.0
0.595058,1.0
0.348042,0.0
0.746278,0.0
0.745107,1.0
0.555496,0.0
0.35367,1.0
0.559769,1.0
0.557335,1.0
0.593191,1.0
0.727368,1.0
0.744045,1.0
0.747367,1.0
0.743944,1.0
0.596275,1.0
0.744898,1.0
0.557792,1.0
0.355139,1.0
0.596684,1.0
0.744755,1.0
0.726436,1.0
0.746087,1.0
0.349275,0.0
0.557977,1.0
0.726061,1.0
0.748672,1.0
0.744309,1.0
0.382336,1.0
0.593409,0.0
0.593151,1.0
0.557668,1.0
0.356726,1.0
0.347212,1.0
0.559723,1.0
0.72676,1.0
0.35653,0.0
0.557562,0.0
0.748811,1.0
0.595291,1.0
0.726833,1.0
0.381553,1.0
0.594945,1.0
0.382104,0.0
0.595106,1.0
0.726129,1.0
0.349119,1.0
0.358675,1.0
0.557845,0.0
0.749481,1.0
0.558217,1.0
0.360097,1.0
0.744636,1.0
0.55754,1.0
0.55673,0.0
0.353786,1.0
0.746587,1.0
0.74518,1.0
0.746478,1.0
0.357106,0.0
0.74521,1.0
0.750494,1.0
0.746991,1.0
0.749784,1.0
0.60295,1.0
0.359976,0.0
0.752705,0.0
0.318143,0.0
0.74977,1.0
0.751557,1.0
0.31879,1.0
0.589241,1.0
0.602882,1.0
0.551985,0.0
0.361792,0.0
0.36004,1.0
0.317184,1.0
0.589175,1.0
0.726421,1.0
0.589063,0.0
0.714109,0.0
0.605896,1.0
0.602379,1.0
0.589082,0.0
0.364971,1.0
0.551546,0.0
0.603726,0.0
0.320707,0.0
0.750034,0.0
0.590268,1.0
0.604845,0.0
0.582206,0.0
0.31679,1.0
0.316348,0.0
0.611209,1.0
0.317828,0.0
0.562809,1.0
0.751441,1.0
0.611909,1.0
0.360825,0.0
0.562995,1.0
0.753282,1.0
0.605537,1.0
0.322044,0.0
0.722453,1.0
0.750371,1.0
0.548548,0.0
0.360536,1.0
0.590219,0.0
0.589253,0.0
0.602294,0.0
0.748093,1.0
0.749569,1.0
0.752412,1.0
0.747913,1.0
0.603129,0.0
0.750026,0.0
0.589208,1.0
0.360285,1.0
0.603795,1.0
0.750431,1.0
0.746614,0.0
0.751053,1.0
0.321006,0.0
0.589187,0.0
0.747346,1.0
0.753288,0.0
0.750091,1.0
0.364068,0.0
0.56289,1.0
0.602241,1.0
0.589135,1.0
0.360035,1.0
0.361683,0.0
0.590254,0.0
0.744073,0.0
0.316895,0.0
0.551407,1.0
0.752069,1.0
0.602406,1.0
0.746785,1.0
0.364248,1.0
0.605178,1.0
0.320814,1.0
0.602236,0.0
0.74743,1.0
0.361563,1.0
0.360042,0.0
0.55125,0.0
0.753404,1.0
0.589056,1.0
0.360131,1.0
0.750694,1.0
0.589145,0.0
0.549963,0.0
0.360176,0.0
0.752313,1.0
0.750749,1.0
0.75148,1.0
0.316566,0.0
0.58792,1.0
0.590295,1.0
0.589788,1.0
0.588388,0.0
0.56311,1.0
0.648639,1.0
0.586845,1.0
0.66035,1.0
0.589772,0.0
0.590774,0.0
0.66346,1.0
0.565429,1.0
0.563574,0.0
0.596963,1.0
0.656061,1.0
0.652988,0.0
0.661165,1.0
0.559538,1.0
0.60119,1.0
0.583689,1.0
0.59333,1.0
0.55501,1.0
0.564258,0.0
0.58325,1.0
0.657268,1.0
0.595473,0.0
0.573315,1.0
0.659846,1.0
0.587699,1.0
0.571561,1.0
0.564425,0.0
0.532034,1.0
0.661251,1.0
0.65812,1.0
0.539694,0.0
0.660079,1.0
0.577599,0.0
0.590457,1.0
0.536557,1.0
0.652751,0.0
0.578322,0.0
0.593241,1.0
0.549793,1.0
0.663101,0.0
0.599652,1.0
0.590231,0.0
0.58715,1.0
0.654798,1.0
0.58108,1.0
0.579468,1.0
0.573244,1.0
0.589269,0.0
0.589439,1.0
0.593042,1.0
0.590744,1.0
0.575048,0.0
0.587103,1.0
0.570508,0.0
0.653854,1.0
0.560478,1.0
0.589625,0.0
0.585145,1.0
0.590336,0.0
0.662607,0.0
0.582825,1.0
0.590889,1.0
0.589571,0.0
0.589737,1.0
0.651602,0.0
0.577299,1.0
0.561199,1.0
0.569236,1.0
0.65279,1.0
0.655636,1.0
0.580738,0.0
0.583228,1.0
0.658872,1.0
0.585096,1.0
0.593426,0.0
0.56419,0.0
0.588671,1.0
0.654914,1.0
0.551242,1.0
0.662318,1.0
0.577003,0.0
0.590014,1.0
0.65759,1.0
0.649054,1.0
0.594732,0.0
0.592883,1.0
0.572062,0.0
0.649963,1.0
0.589755,1.0
0.580505,1.0
0.5908,1.0
0.651794,1.0
0.591632,1.0
0.590237,1.0
0.591065,0.0
0.658536,0.0
0.729245,1.0
0.733284,1.0
0.730136,1.0
0.740839,1.0
0.592935,1.0
0.3218,0.0
0.732023,1.0
0.324398,0.0
0.741126,1.0
0.743305,1.0
0.330169,0.0
0.592361,1.0
0.59227,1.0
0.566993,0.0
0.325973,0.0
0.346486,0.0
0.328428,0.0
0.59354,1.0
0.737508,1.0
0.572317,0.0
0.725771,0.0
0.594518,1.0
0.592238,1.0
0.572289,1.0
0.330177,1.0
0.567719,0.0
0.575217,1.0
0.323866,0.0
0.728559,1.0
0.590968,1.0
0.575688,0.0
0.559337,0.0
0.328181,0.0
0.322876,0.0
0.59531,1.0
0.324148,0.0
0.58608,1.0
0.734732,1.0
0.597706,1.0
0.342983,1.0
0.585975,1.0
0.737708,0.0
0.596446,0.0
0.34475,0.0
0.735351,1.0
0.741803,1.0
0.564496,0.0
0.328223,0.0
0.572477,1.0
0.571989,0.0
0.574718,0.0
0.740699,1.0
0.732354,1.0
0.736647,1.0
0.731149,1.0
0.575769,1.0
0.728546,1.0
0.590837,1.0
0.327566,1.0
0.593595,1.0
0.741735,1.0
0.725413,0.0
0.742694,1.0
0.344156,0.0
0.572296,0.0
0.731271,0.0
0.742073,1.0
0.732798,1.0
0.342688,0.0
0.58617,1.0
0.593757,1.0
0.591628,0.0
0.32689,1.0
0.32573,0.0
0.573291,1.0
0.723179,0.0
0.323328,0.0
0.58426,0.0
0.744508,1.0
0.592248,1.0
0.730598,1.0
0.328253,1.0
0.596061,1.0
0.329026,0.0
0.575625,0.0
0.731363,1.0
0.330614,1.0
0.32199,1.0
0.567479,0.0
0.738253,1.0
0.59057,1.0
0.325774,0.0
0.733594,1.0
0.572037,1.0
0.565567,0.0
0.322998,0.0
0.735929,1.0
0.733723,1.0
0.74323,1.0
0.342117,0.0
0.741137,1.0
0.742542,1.0
0.742026,1.0
0.744476,1.0
0.599147,1.0
0.366084,1.0
0.743044,1.0
0.35986,0.0
0.745224,1.0
0.747032,1.0
0.357021,0.0
0.600039,1.0
0.602241,1.0
0.552447,1.0
0.358568,1.0
0.361351,1.0
0.359784,0.0
0.60089,1.0
0.748699,1.0
0.555191,0.0
0.725,1.0
0.599743,1.0
0.602266,1.0
0.593734,0.0
0.38192,1.0
0.551556,1.0
0.594404,1.0
0.360652,0.0
0.741048,1.0
0.599022,1.0
0.555703,1.0
0.536162,0.0
0.359718,1.0
0.362267,0.0
0.603118,1.0
0.360167,1.0
0.600971,0.0
0.743885,1.0
0.600615,1.0
0.38413,1.0
0.60081,0.0
0.727829,1.0
0.562809,1.0
0.353694,0.0
0.745779,1.0
0.745562,1.0
0.55005,1.0
0.361015,1.0
0.593865,1.0
0.554644,1.0
0.556774,0.0
0.744771,1.0
0.742216,1.0
0.745596,1.0
0.742465,1.0
0.596804,1.0
0.741222,1.0
0.60249,0.0
0.384012,1.0
0.599437,1.0
0.745192,1.0
0.724708,0.0
0.746578,1.0
0.354726,0.0
0.555138,1.0
0.725172,1.0
0.746785,1.0
0.742305,1.0
0.362349,1.0
0.597994,1.0
0.599631,1.0
0.561018,1.0
0.384592,1.0
0.359105,0.0
0.596325,0.0
0.725715,1.0
0.361486,0.0
0.558049,0.0
0.749122,1.0
0.602269,1.0
0.741205,1.0
0.38348,1.0
0.600603,1.0
0.358682,1.0
0.556662,1.0
0.74139,1.0
0.381536,1.0
0.386123,1.0
0.551268,1.0
0.747293,1.0
0.602316,1.0
0.365336,0.0
0.742944,1.0
0.593853,1.0
0.551075,1.0
0.363457,0.0
0.744643,1.0
0.743052,1.0
0.746877,1.0
0.360297,0.0
0.86496,1.0
0.852553,1.0
0.854276,1.0
0.841775,1.0
0.415656,0.0
0.914022,0.0
0.85198,1.0
0.884979,1.0
0.831292,1.0
0.814763,1.0
0.872947,1.0
0.426373,1.0
0.424514,0.0
0.429096,0.0
0.889589,1.0
0.890977,1.0
0.883189,0.0
0.429361,0.0
0.757063,1.0
0.406648,0.0
0.866629,1.0
0.415451,1.0
0.424955,0.0
0.415736,0.0
0.879806,1.0
0.438252,0.0
0.423889,1.0
0.887877,1.0
0.860021,1.0
0.422127,1.0
0.427278,0.0
0.507627,1.0
0.892713,1.0
0.893501,1.0
0.41998,1.0
0.895393,1.0
0.42023,0.0
0.843344,1.0
0.412507,0.0
0.883436,1.0
0.419078,1.0
0.830634,1.0
0.408773,1.0
0.852645,1.0
0.806097,0.0
0.827756,1.0
0.439537,0.0
0.897018,1.0
0.432116,0.0
0.424869,0.0
0.401265,0.0
0.835478,1.0
0.85679,1.0
0.820099,1.0
0.848945,1.0
0.431706,0.0
0.860471,1.0
0.416237,1.0
0.893999,1.0
0.416081,1.0
0.833136,1.0
0.870442,1.0
0.819696,1.0
0.857068,1.0
0.422375,0.0
0.870733,1.0
0.809822,1.0
0.855581,1.0
0.895463,1.0
0.427994,1.0
0.417768,1.0
0.414829,0.0
0.897645,0.0
0.88201,1.0
0.423748,0.0
0.883485,1.0
0.890829,0.0
0.407564,1.0
0.780017,1.0
0.424947,0.0
0.863495,1.0
0.890453,1.0
0.418598,1.0
0.888901,0.0
0.422075,1.0
0.858784,1.0
0.877142,1.0
0.90797,1.0
0.439531,1.0
0.805222,1.0
0.432432,0.0
0.90254,1.0
0.851749,1.0
0.434202,0.0
0.435135,1.0
0.897355,1.0
0.833974,1.0
0.849469,1.0
0.814839,1.0
0.879041,1.0
0.622822,0.0
0.623209,0.0
0.621653,1.0
0.620368,1.0
0.602411,0.0
0.57334,1.0
0.621662,1.0
0.567304,1.0
0.619139,0.0
0.616584,1.0
0.565116,1.0
0.584699,0.0
0.601581,0.0
0.59788,1.0
0.566657,1.0
0.56688,1.0
0.570303,1.0
0.600654,1.0
0.611957,1.0
0.599431,0.0
0.624785,0.0
0.58646,1.0
0.601521,1.0
0.599662,0.0
0.564812,1.0
0.59661,0.0
0.584554,0.0
0.56782,1.0
0.624319,0.0
0.585283,1.0
0.598786,0.0
0.555228,1.0
0.567159,0.0
0.568793,1.0
0.586261,0.0
0.567591,0.0
0.599895,1.0
0.621021,1.0
0.60307,0.0
0.565434,0.0
0.58337,1.0
0.621416,1.0
0.585816,0.0
0.561146,1.0
0.621302,1.0
0.618991,1.0
0.59606,1.0
0.567856,1.0
0.599604,1.0
0.598754,1.0
0.600484,0.0
0.61987,0.0
0.622838,1.0
0.619619,1.0
0.621608,1.0
0.600052,1.0
0.623618,0.0
0.58415,1.0
0.567222,1.0
0.586316,1.0
0.619684,1.0
0.626663,1.0
0.617091,1.0
0.562036,1.0
0.599148,0.0
0.626913,0.0
0.618396,1.0
0.623153,0.0
0.56761,1.0
0.584222,0.0
0.586066,1.0
0.600822,1.0
0.570891,1.0
0.566789,1.0
0.598795,1.0
0.623189,1.0
0.571609,0.0
0.582949,1.0
0.612508,1.0
0.601522,1.0
0.623916,0.0
0.566637,0.0
0.586055,1.0
0.569701,1.0
0.583133,0.0
0.624572,0.0
0.56434,1.0
0.569441,1.0
0.57957,0.0
0.616705,0.0
0.600446,0.0
0.570314,1.0
0.622195,1.0
0.599303,0.0
0.580135,1.0
0.569454,1.0
0.620801,1.0
0.622225,1.0
0.61708,1.0
0.566228,1.0
0.862163,1.0
0.852526,1.0
0.855097,0.0
0.845109,1.0
0.326531,0.0
0.906378,0.0
0.853668,1.0
0.879695,1.0
0.83436,1.0
0.821665,1.0
0.869511,1.0
0.425494,1.0
0.325716,0.0
0.350191,0.0
0.890973,1.0
0.891762,1.0
0.874387,1.0
0.332654,0.0
0.767229,1.0
0.342808,1.0
0.864548,1.0
0.422706,1.0
0.32929,0.0
0.337658,1.0
0.88132,1.0
0.348061,0.0
0.429177,1.0
0.882076,1.0
0.858339,1.0
0.428046,1.0
0.339909,1.0
0.608755,1.0
0.892822,1.0
0.886675,1.0
0.415816,1.0
0.894933,1.0
0.336138,0.0
0.846569,1.0
0.323573,1.0
0.883483,1.0
0.435873,1.0
0.838006,1.0
0.42497,1.0
0.851398,1.0
0.809149,1.0
0.833117,0.0
0.356242,0.0
0.896674,1.0
0.33912,0.0
0.346546,0.0
0.339514,1.0
0.83796,1.0
0.85755,1.0
0.826664,1.0
0.850836,0.0
0.335088,1.0
0.858654,1.0
0.431836,0.0
0.892882,1.0
0.423593,0.0
0.837808,1.0
0.861887,1.0
0.826021,0.0
0.855368,1.0
0.341842,0.0
0.868205,1.0
0.817269,1.0
0.854968,1.0
0.89526,1.0
0.428876,0.0
0.424423,0.0
0.338515,1.0
0.892475,0.0
0.877195,1.0
0.340721,0.0
0.878101,1.0
0.880221,0.0
0.445694,1.0
0.789396,1.0
0.329283,0.0
0.861168,1.0
0.88945,1.0
0.42357,0.0
0.886986,1.0
0.437908,1.0
0.857451,1.0
0.879099,1.0
0.903719,1.0
0.456448,0.0
0.811363,1.0
0.32796,0.0
0.893885,1.0
0.853503,1.0
0.336305,1.0
0.460606,1.0
0.889783,1.0
0.838736,1.0
0.851637,1.0
0.821741,1.0
0.874425,0.0
0.623064,0.0
0.623968,0.0
0.625231,1.0
0.621581,1.0
0.614781,0.0
0.572558,1.0
0.622528,1.0
0.565941,0.0
0.62052,0.0
0.618627,0.0
0.564366,1.0
0.583399,0.0
0.615093,0.0
0.611371,1.0
0.567603,1.0
0.567724,1.0
0.565078,1.0
0.614034,1.0
0.615605,0.0
0.597219,0.0
0.624821,0.0
0.583875,1.0
0.614381,1.0
0.598485,0.0
0.566201,1.0
0.6121,0.0
0.582504,0.0
0.566301,1.0
0.624722,0.0
0.582949,1.0
0.598885,1.0
0.537983,1.0
0.568045,0.0
0.566979,1.0
0.585269,1.0
0.568341,0.0
0.612729,1.0
0.622174,1.0
0.601441,0.0
0.566706,1.0
0.580136,1.0
0.623048,1.0
0.58278,0.0
0.561358,1.0
0.619529,1.0
0.623757,0.0
0.610712,1.0
0.568405,1.0
0.613214,1.0
0.611809,1.0
0.59772,1.0
0.621121,0.0
0.623521,1.0
0.621534,0.0
0.625386,0.0
0.599782,1.0
0.623997,0.0
0.597739,1.0
0.567876,1.0
0.600191,1.0
0.621181,1.0
0.625276,0.0
0.622191,1.0
0.562042,1.0
0.612652,0.0
0.627003,1.0
0.620637,1.0
0.623803,0.0
0.568217,1.0
0.599368,1.0
0.60008,1.0
0.598608,1.0
0.570781,0.0
0.565572,0.0
0.612126,1.0
0.622799,1.0
0.569294,1.0
0.577463,1.0
0.615492,1.0
0.614382,1.0
0.624247,1.0
0.567573,0.0
0.600247,1.0
0.567016,1.0
0.580164,0.0
0.625066,0.0
0.565866,1.0
0.569359,1.0
0.593457,0.0
0.61899,0.0
0.614989,0.0
0.568014,1.0
0.623068,1.0
0.599922,1.0
0.575869,1.0
0.567433,1.0
0.62229,1.0
0.623167,1.0
0.619127,1.0
0.568294,1.0
0.496186,0.0
0.497653,0.0
0.497242,1.0
0.496588,1.0
0.531003,1.0
0.502522,0.0
0.495514,1.0
0.507004,1.0
0.49976,0.0
0.501127,0.0
0.506335,0.0
0.539115,1.0
0.530911,0.0
0.533131,0.0
0.50373,1.0
0.503707,1.0
0.50584,1.0
0.532378,1.0
0.5099,0.0
0.535063,1.0
0.49758,0.0
0.540211,0.0
0.532284,1.0
0.534778,1.0
0.50496,0.0
0.531694,0.0
0.539347,0.0
0.504775,0.0
0.497542,0.0
0.540504,1.0
0.53576,1.0
0.525942,1.0
0.505558,1.0
0.504201,0.0
0.5395,0.0
0.505301,1.0
0.532708,0.0
0.496635,0.0
0.534084,1.0
0.504812,0.0
0.540881,0.0
0.498407,1.0
0.539134,1.0
0.508679,1.0
0.502977,1.0
0.500961,1.0
0.533315,1.0
0.503054,1.0
0.532612,1.0
0.533006,1.0
0.535928,1.0
0.499357,1.0
0.495222,0.0
0.501417,1.0
0.499463,0.0
0.535676,1.0
0.497229,0.0
0.537638,0.0
0.50353,1.0
0.536913,1.0
0.497734,1.0
0.497009,1.0
0.500161,0.0
0.508159,0.0
0.531561,0.0
0.494977,0.0
0.501206,0.0
0.497165,0.0
0.503294,0.0
0.536765,1.0
0.536949,1.0
0.535941,1.0
0.506272,1.0
0.50736,1.0
0.53288,1.0
0.493118,0.0
0.50583,0.0
0.541289,0.0
0.504439,0.0
0.532284,1.0
0.49494,1.0
0.506033,1.0
0.536879,1.0
0.504335,0.0
0.539843,0.0
0.497547,1.0
0.505219,0.0
0.502185,1.0
0.537707,1.0
0.502735,0.0
0.530931,1.0
0.503338,1.0
0.495709,0.0
0.535533,1.0
0.542297,0.0
0.503835,1.0
0.497949,1.0
0.496129,0.0
0.499889,1.0
0.506407,0.0
0.539464,0.0
0.539643,1.0
0.541912,0.0
0.541721,1.0
0.532614,0.0
0.537555,0.0
0.542347,1.0
0.540575,1.0
0.537443,0.0
0.536157,0.0
0.535393,0.0
0.540215,1.0
0.532454,0.0
0.533345,0.0
0.541153,1.0
0.541198,1.0
0.540153,1.0
0.533062,0.0
0.53312,0.0
0.537232,1.0
0.540579,1.0
0.54072,0.0
0.533034,1.0
0.536966,0.0
0.536282,0.0
0.532793,1.0
0.54014,1.0
0.536309,0.0
0.540244,0.0
0.541306,0.0
0.537322,1.0
0.524825,0.0
0.541273,1.0
0.536628,1.0
0.54004,1.0
0.54138,1.0
0.533231,1.0
0.538786,1.0
0.53639,0.0
0.5364,0.0
0.541676,0.0
0.542592,1.0
0.540451,1.0
0.538822,1.0
0.540246,1.0
0.540534,1.0
0.533514,1.0
0.541442,0.0
0.533163,1.0
0.533411,1.0
0.537638,1.0
0.541197,1.0
0.539754,0.0
0.541457,1.0
0.538592,1.0
0.537228,0.0
0.539872,1.0
0.535854,0.0
0.541251,0.0
0.535346,1.0
0.541436,0.0
0.543988,1.0
0.536176,0.0
0.534287,0.0
0.532779,0.0
0.541798,1.0
0.537239,1.0
0.539615,1.0
0.53723,1.0
0.535192,1.0
0.535357,1.0
0.537515,1.0
0.540951,0.0
0.540441,1.0
0.533427,1.0
0.540049,0.0
0.535667,0.0
0.542311,0.0
0.533904,0.0
0.533034,1.0
0.543382,1.0
0.541101,1.0
0.535312,1.0
0.536606,0.0
0.540735,0.0
0.54373,1.0
0.536124,0.0
0.541784,0.0
0.536022,1.0
0.535986,0.0
0.532523,1.0
0.541282,1.0
0.53941,0.0
0.53709,1.0
0.543,1.0
0.541071,1.0
0.542123,1.0
0.539426,0.0
0.540089,0.0
0.535351,0.0
0.881721,1.0
0.87365,1.0
0.874231,1.0
0.869653,1.0
0.368192,0.0
0.914026,1.0
0.873876,1.0
0.898525,1.0
0.868315,1.0
0.86116,1.0
0.899348,1.0
0.435483,1.0
0.363549,0.0
0.368384,0.0
0.9049,1.0
0.905241,1.0
0.89597,0.0
0.371442,0.0
0.823751,1.0
0.411027,1.0
0.877496,1.0
0.432317,1.0
0.377187,1.0
0.402871,1.0
0.905464,1.0
0.369802,1.0
0.431564,0.0
0.905738,1.0
0.880238,1.0
0.442559,1.0
0.411041,1.0
0.763718,1.0
0.904762,1.0
0.90455,1.0
0.429571,1.0
0.905733,1.0
0.374506,0.0
0.871417,1.0
0.397992,1.0
0.906243,1.0
0.454648,1.0
0.866174,1.0
0.441638,1.0
0.883333,1.0
0.847568,0.0
0.857815,1.0
0.378448,1.0
0.910832,1.0
0.377311,0.0
0.378544,1.0
0.415134,0.0
0.864572,1.0
0.88128,1.0
0.858567,0.0
0.867829,1.0
0.404516,1.0
0.875821,1.0
0.377674,0.0
0.909119,1.0
0.384095,1.0
0.870476,1.0
0.876345,1.0
0.860455,1.0
0.891366,1.0
0.364573,1.0
0.88161,1.0
0.855377,1.0
0.874756,1.0
0.908573,1.0
0.382858,1.0
0.384053,0.0
0.412913,1.0
0.905113,0.0
0.897217,1.0
0.379253,1.0
0.888059,1.0
0.901125,0.0
0.479241,1.0
0.841296,1.0
0.377187,0.0
0.877301,0.0
0.903145,1.0
0.383847,1.0
0.907724,1.0
0.437755,0.0
0.874663,1.0
0.90438,1.0
0.91385,1.0
0.384697,1.0
0.855615,1.0
0.373095,1.0
0.906128,1.0
0.879472,1.0
0.408867,0.0
0.480865,1.0
0.904226,1.0
0.866498,1.0
0.878549,1.0
0.861309,1.0
0.898851,1.0
0.512932,0.0
0.512932,0.0
0.512932,1.0
0.512932,1.0
0.512932,0.0
0.512932,0.0
0.512932,0.0
0.512932,1.0
0.512932,0.0
0.512932,1.0
0.512932,1.0
0.512932,0.0
0.512932,1.0
0.512932,1.0
0.512932,0.0
0.512932,0.0
0.512932,0.0
0.512932,0.0
0.512932,0.0
0.512932,0.0
0.512932,1.0
0.512932,0.0
0.512932,0.0
0.512932,0.0
0.512932,0.0
0.512932,0.0
0.512932,0.0
0.512932,1.0
0.512932,1.0
0.512932,0.0
0.512932,1.0
0.512932,0.0
0.512932,0.0
0.512932,0.0
0.512932,1.0
0.512932,0.0
0.512932,1.0
0.512932,0.0
0.512932,0.0
0.512932,0.0
0.512932,1.0
0.512932,0.0
0.512932,1.0
0.512932,1.0
0.512932,0.0
0.512932,1.0
0.512932,0.0
0.512932,0.0
0.512932,1.0
0.512932,0.0
0.512932,0.0
0.512932,0.0
0.512932,0.0
0.512932,1.0
0.512932,0.0
0.512932,1.0
0.512932,0.0
0.512932,1.0
0.512932,0.0
0.512932,0.0
0.512932,1.0
0.512932,1.0
0.512932,1.0
0.512932,1.0
0.512932,0.0
0.512932,0.0
0.512932,0.0
0.512932,1.0
0.512932,0.0
0.512932,1.0
0.512932,1.0
0.512932,0.0
0.512932,0.0
0.512932,1.0
0.512932,1.0
0.512932,0.0
0.512932,1.0
0.512932,0.0
0.512932,1.0
0.512932,0.0
0.512932,0.0
0.512932,1.0
0.512932,0.0
0.512932,0.0
0.512932,0.0
0.512932,0.0
0.512932,0.0
0.512932,1.0
0.512932,0.0
0.512932,1.0
0.512932,0.0
0.512932,0.0
0.512932,1.0
0.512932,1.0
0.512932,0.0
0.512932,0.0
0.512932,0.0
0.512932,0.0
0.512932,0.0
0.512932,1.0
0.493895,0.0
0.493895,0.0
0.518569,1.0
0.518569,1.0
0.493895,1.0
0.493895,0.0
0.493895,0.0
0.518569,1.0
0.493895,0.0
0.518569,1.0
0.518569,0.0
0.493895,0.0
0.518569,1.0
0.518569,1.0
0.493895,0.0
0.493895,0.0
0.493895,0.0
0.493895,1.0
0.493895,0.0
0.493895,0.0
0.518569,1.0
0.493895,0.0
0.493895,0.0
0.493895,0.0
0.493895,0.0
0.493895,0.0
0.493895,1.0
0.518569,0.0
0.518569,0.0
0.493895,0.0
0.518569,1.0
0.493895,0.0
0.493895,1.0
0.493895,0.0
0.518569,0.0
0.493895,0.0
0.518569,1.0
0.493895,1.0
0.493895,0.0
0.493895,1.0
0.518569,0.0
0.493895,0.0
0.518569,1.0
0.518569,1.0
0.493895,1.0
0.518569,1.0
0.493895,1.0
0.493895,1.0
0.518569,0.0
0.493895,0.0
0.493895,0.0
0.493895,0.0
0.493895,1.0
0.518569,1.0
0.493895,0.0
0.518569,1.0
0.493895,1.0
0.518569,1.0
0.493895,0.0
0.493895,0.0
0.518569,0.0
0.518569,1.0
0.518569,1.0
0.518569,1.0
0.493895,0.0
0.493895,0.0
0.493895,0.0
0.518569,1.0
0.493895,1.0
0.518569,1.0
0.518569,1.0
0.493895,1.0
0.493895,1.0
0.518569,0.0
0.518569,1.0
0.493895,0.0
0.518569,1.0
0.493895,0.0
0.518569,0.0
0.493895,1.0
0.493895,0.0
0.518569,0.0
0.493895,0.0
0.493895,0.0
0.493895,1.0
0.493895,0.0
0.493895,1.0
0.518569,0.0
0.493895,0.0
0.518569,1.0
0.493895,0.0
0.493895,0.0
0.518569,0.0
0.518569,0.0
0.493895,1.0
0.493895,0.0
0.493895,0.0
0.493895,1.0
0.493895,0.0
0.518569,1.0
0.532489,1.0
0.532489,0.0
0.499922,1.0
0.499922,1.0
0.511904,0.0
0.532489,1.0
0.532489,0.0
0.499922,0.0
0.532489,1.0
0.499922,0.0
0.521149,0.0
0.532489,0.0
0.499922,1.0
0.499922,0.0
0.532489,1.0
0.532489,1.0
0.532489,0.0
0.511904,1.0
0.532489,1.0
0.532489,1.0
0.499922,1.0
0.532489,1.0
0.532489,1.0
0.532489,1.0
0.532489,1.0
0.532489,1.0
0.511904,1.0
0.521149,1.0
0.521149,1.0
0.532489,1.0
0.499922,1.0
0.532489,1.0
0.511904,1.0
0.532489,1.0
0.521149,1.0
0.532489,0.0
0.499922,1.0
0.511904,1.0
0.532489,0.0
0.511904,1.0
0.521149,0.0
0.532489,1.0
0.499922,1.0
0.499922,1.0
0.511904,0.0
0.499922,1.0
0.511904,0.0
0.511904,0.0
0.521149,1.0
0.532489,0.0
0.532489,0.0
0.532489,1.0
0.511904,0.0
0.499922,0.0
0.532489,1.0
0.499922,1.0
0.511904,1.0
0.499922,0.0
0.532489,0.0
0.532489,0.0
0.521149,1.0
0.499922,1.0
0.499922,0.0
0.499922,1.0
0.532489,1.0
0.532489,1.0
0.532489,0.0
0.499922,1.0
0.511904,1.0
0.499922,1.0
0.499922,1.0
0.511904,1.0
0.511904,0.0
0.521149,1.0
0.499922,0.0
0.532489,1.0
0.499922,1.0
0.532489,0.0
0.521149,1.0
0.511904,1.0
0.532489,0.0
0.521149,1.0
0.532489,1.0
0.532489,0.0
0.511904,0.0
0.532489,1.0
0.511904,1.0
0.521149,0.0
0.532489,0.0
0.499922,0.0
0.532489,1.0
0.532489,0.0
0.521149,0.0
0.521149,0.0
0.511904,1.0
0.532489,1.0
0.532489,1.0
0.511904,1.0
0.532489,1.0
0.499922,0.0
0.558531,1.0
0.576364,1.0
0.564084,1.0
0.564084,0.0
0.580036,1.0
0.558531,1.0
0.576364,0.0
0.581833,1.0
0.558531,0.0
0.581833,1.0
0.578189,0.0
0.576364,0.0
0.564084,1.0
0.581833,0.0
0.558531,1.0
0.558531,0.0
0.576364,0.0
0.562203,0.0
0.558531,1.0
0.558531,1.0
0.564084,0.0
0.558531,1.0
0.558531,1.0
0.558531,1.0
0.558531,0.0
0.558531,1.0
0.562203,1.0
0.560397,1.0
0.560397,1.0
0.558531,0.0
0.564084,1.0
0.558531,0.0
0.562203,0.0
0.558531,1.0
0.560397,1.0
0.576364,1.0
0.564084,0.0
0.562203,1.0
0.576364,1.0
0.562203,1.0
0.578189,1.0
0.558531,0.0
0.564084,1.0
0.564084,1.0
0.580036,1.0
0.564084,1.0
0.580036,1.0
0.580036,0.0
0.560397,1.0
0.576364,1.0
0.576364,1.0
0.558531,0.0
0.580036,1.0
0.581833,1.0
0.558531,0.0
0.564084,1.0
0.562203,1.0
0.581833,1.0
0.576364,0.0
0.576364,1.0
0.560397,0.0
0.564084,0.0
0.581833,1.0
0.564084,0.0
0.558531,1.0
0.558531,1.0
0.576364,0.0
0.564084,1.0
0.562203,0.0
0.564084,1.0
0.564084,1.0
0.562203,0.0
0.580036,1.0
0.560397,1.0
0.581833,0.0
0.558531,1.0
0.564084,1.0
0.576364,0.0
0.560397,1.0
0.562203,0.0
0.576364,0.0
0.560397,1.0
0.558531,0.0
0.576364,1.0
0.580036,0.0
0.558531,1.0
0.562203,0.0
0.578189,1.0
0.576364,0.0
0.581833,1.0
0.558531,1.0
0.576364,0.0
0.578189,0.0
0.578189,1.0
0.562203,1.0
0.558531,0.0
0.558531,1.0
0.562203,0.0
0.558531,1.0
0.581833,1.0
0.54565,0.0
0.544227,0.0
0.543453,1.0
0.54289,1.0
0.543012,0.0
0.54565,1.0
0.543231,0.0
0.542573,1.0
0.545091,1.0
0.542573,1.0
0.542794,1.0
0.543231,1.0
0.543453,1.0
0.541606,0.0
0.54565,0.0
0.545091,0.0
0.543231,1.0
0.543864,0.0
0.54565,1.0
0.54565,0.0
0.54289,1.0
0.54565,0.0
0.54565,1.0
0.54565,1.0
0.545091,1.0
0.54565,1.0
0.544438,1.0
0.544676,0.0
0.544676,1.0
0.545091,0.0
0.543453,0.0
0.545091,1.0
0.543864,1.0
0.54565,0.0
0.544676,1.0
0.544227,1.0
0.54289,1.0
0.544438,0.0
0.544227,1.0
0.544438,1.0
0.543769,1.0
0.545091,1.0
0.543453,1.0
0.543453,0.0
0.543012,1.0
0.543453,1.0
0.543012,1.0
0.542024,1.0
0.544676,1.0
0.544227,0.0
0.544227,1.0
0.545091,1.0
0.543012,0.0
0.542573,1.0
0.545091,1.0
0.543453,1.0
0.544438,1.0
0.542573,0.0
0.543231,1.0
0.544227,1.0
0.544127,1.0
0.54289,1.0
0.542573,0.0
0.54289,0.0
0.54565,1.0
0.54565,0.0
0.543231,1.0
0.543453,0.0
0.543864,1.0
0.543453,1.0
0.543453,1.0
0.543864,0.0
0.543012,1.0
0.544676,0.0
0.541606,1.0
0.54565,1.0
0.543453,0.0
0.543231,0.0
0.544676,0.0
0.543864,1.0
0.543231,0.0
0.544676,0.0
0.545091,1.0
0.544227,1.0
0.542024,1.0
0.54565,1.0
0.543864,1.0
0.543769,1.0
0.543231,1.0
0.542573,1.0
0.54565,1.0
0.543231,1.0
0.542794,0.0
0.543769,1.0
0.544438,1.0
0.545091,1.0
0.54565,1.0
0.543864,1.0
0.54565,1.0
0.542573,1.0
0.557866,1.0
0.591923,1.0
0.561355,1.0
0.559573,0.0
0.591082,1.0
0.560573,1.0
0.592976,0.0
0.589872,0.0
0.559029,0.0
0.589872,1.0
0.591543,1.0
0.593204,0.0
0.561355,1.0
0.590347,1.0
0.557866,1.0
0.556417,0.0
0.593204,1.0
0.557709,1.0
0.560573,1.0
0.557866,1.0
0.559573,0.0
0.557866,1.0
0.560573,1.0
0.560573,1.0
0.559029,0.0
0.560573,1.0
0.561874,1.0
0.557136,1.0
0.560037,1.0
0.556417,1.0
0.558431,1.0
0.559029,0.0
0.560345,0.0
0.557866,1.0
0.560037,1.0
0.592213,1.0
0.559573,1.0
0.559142,0.0
0.592213,1.0
0.561874,1.0
0.590604,1.0
0.559029,0.0
0.561355,0.0
0.558431,0.0
0.591435,0.0
0.561355,1.0
0.591435,1.0
0.592366,1.0
0.560037,1.0
0.591923,1.0
0.592213,0.0
0.559029,1.0
0.591082,1.0
0.589872,1.0
0.559029,0.0
0.561355,1.0
0.561874,1.0
0.589411,1.0
0.593204,0.0
0.592213,0.0
0.558238,0.0
0.559573,0.0
0.589411,1.0
0.556741,1.0
0.560573,1.0
0.557866,1.0
0.593204,0.0
0.558431,1.0
0.560345,0.0
0.561355,1.0
0.561355,1.0
0.557709,0.0
0.591435,1.0
0.557136,1.0
0.59074,1.0
0.560573,0.0
0.558431,1.0
0.592976,0.0
0.557136,1.0
0.560345,0.0
0.592976,1.0
0.557136,0.0
0.559029,1.0
0.592213,1.0
0.592366,0.0
0.560573,1.0
0.560345,0.0
0.590604,1.0
0.593204,0.0
0.589872,1.0
0.560573,1.0
0.593204,0.0
0.591215,0.0
0.590604,1.0
0.561874,1.0
0.559029,0.0
0.560573,1.0
0.560345,1.0
0.560573,1.0
0.589872,1.0
0.576448,0.0
0.579737,0.0
0.576764,1.0
0.562798,1.0
0.579481,0.0
0.579548,1.0
0.578026,1.0
0.577546,0.0
0.56695,0.0
0.579748,1.0
0.579714,1.0
0.578072,0.0
0.576764,0.0
0.579208,1.0
0.576448,1.0
0.564858,1.0
0.57982,1.0
0.570479,1.0
0.579548,0.0
0.576448,0.0
0.562798,1.0
0.576448,1.0
0.579548,1.0
0.579548,0.0
0.56695,1.0
0.579548,0.0
0.578497,1.0
0.574498,0.0
0.577822,0.0
0.571381,1.0
0.573481,1.0
0.56695,0.0
0.565871,1.0
0.576448,0.0
0.577822,1.0
0.579975,1.0
0.570444,1.0
0.568486,1.0
0.579975,0.0
0.578497,1.0
0.579918,1.0
0.56695,0.0
0.568886,1.0
0.565903,1.0
0.577761,1.0
0.576764,1.0
0.579776,1.0
0.579585,1.0
0.577822,0.0
0.579737,1.0
0.578103,0.0
0.573831,1.0
0.579481,0.0
0.579748,0.0
0.56695,0.0
0.576764,0.0
0.578497,1.0
0.579382,0.0
0.578072,0.0
0.578103,1.0
0.563895,1.0
0.562798,0.0
0.579382,1.0
0.567784,1.0
0.579548,1.0
0.576448,1.0
0.578072,1.0
0.573481,1.0
0.565871,1.0
0.576764,1.0
0.576764,1.0
0.563825,1.0
0.579776,1.0
0.574498,1.0
0.579497,0.0
0.572403,1.0
0.573481,1.0
0.578026,1.0
0.574498,1.0
0.565871,1.0
0.579634,1.0
0.567043,1.0
0.573831,0.0
0.579975,0.0
0.5777,1.0
0.579548,1.0
0.565871,1.0
0.579918,1.0
0.578072,0.0
0.579748,1.0
0.579548,1.0
0.578072,1.0
0.577724,0.0
0.579918,0.0
0.578497,1.0
0.56695,1.0
0.579548,1.0
0.572886,0.0
0.579548,0.0
0.579748,1.0
0.539783,1.0
0.561659,0.0
0.605081,1.0
0.589325,1.0
0.560889,0.0
0.606585,0.0
0.593601,1.0
0.559695,1.0
0.529633,1.0
0.596012,1.0
0.595167,1.0
0.561849,0.0
0.535311,0.0
0.595,0.0
0.602951,0.0
0.591959,1.0
0.5947,1.0
0.597311,1.0
0.541974,0.0
0.539783,0.0
0.589325,1.0
0.602951,1.0
0.606585,1.0
0.541974,0.0
0.593674,1.0
0.541974,0.0
0.605897,1.0
0.53478,1.0
0.53747,0.0
0.598002,1.0
0.601051,0.0
0.529633,0.0
0.592642,0.0
0.539783,0.0
0.605941,1.0
0.595118,1.0
0.597795,1.0
0.595114,0.0
0.561044,0.0
0.605897,1.0
0.595615,1.0
0.529633,1.0
0.596118,1.0
0.592671,0.0
0.594636,1.0
0.605081,1.0
0.595483,1.0
0.595046,1.0
0.53747,1.0
0.594632,1.0
0.561411,1.0
0.600596,1.0
0.560889,0.0
0.559451,1.0
0.529633,0.0
0.535311,0.0
0.605897,1.0
0.560131,0.0
0.561849,0.0
0.594353,1.0
0.590527,1.0
0.519723,1.0
0.59543,1.0
0.594747,1.0
0.606585,1.0
0.602951,1.0
0.593989,1.0
0.601051,1.0
0.592642,1.0
0.605081,1.0
0.605081,1.0
0.590942,1.0
0.595483,1.0
0.601888,1.0
0.559901,0.0
0.598951,1.0
0.601051,1.0
0.593601,1.0
0.601888,1.0
0.592642,1.0
0.594244,1.0
0.593784,1.0
0.536423,1.0
0.561044,1.0
0.594262,1.0
0.606585,1.0
0.592642,1.0
0.595615,1.0
0.561849,0.0
0.596012,1.0
0.606585,1.0
0.593989,1.0
0.561765,0.0
0.560279,0.0
0.605897,1.0
0.593674,1.0
0.606585,1.0
0.534381,0.0
0.541974,0.0
0.596012,1.0
0.490502,0.0
0.608769,0.0
0.518202,1.0
0.509242,1.0
0.60592,1.0
0.493164,0.0
0.588343,0.0
0.592198,1.0
0.493064,0.0
0.57293,0.0
0.578856,0.0
0.611292,0.0
0.52723,1.0
0.591312,1.0
0.486426,1.0
0.483437,0.0
0.582122,0.0
0.488666,0.0
0.499229,0.0
0.493135,0.0
0.509242,1.0
0.484064,0.0
0.491219,0.0
0.499229,0.0
0.48614,0.0
0.499229,0.0
0.499268,0.0
0.50458,0.0
0.517907,1.0
0.483918,0.0
0.509401,1.0
0.495734,0.0
0.495009,0.0
0.493135,0.0
0.509584,1.0
0.579926,0.0
0.512742,1.0
0.490625,0.0
0.605951,1.0
0.499268,0.0
0.576442,0.0
0.493064,0.0
0.514818,1.0
0.506085,1.0
0.580432,0.0
0.518202,1.0
0.576683,1.0
0.579023,1.0
0.5156,0.0
0.582929,0.0
0.598355,0.0
0.488334,0.0
0.60592,1.0
0.588545,1.0
0.495734,0.0
0.52723,1.0
0.499268,0.0
0.602711,1.0
0.611292,1.0
0.583554,0.0
0.500698,1.0
0.515886,1.0
0.576532,1.0
0.502291,0.0
0.491219,1.0
0.484064,0.0
0.585634,0.0
0.507342,1.0
0.492351,0.0
0.518202,1.0
0.518202,1.0
0.48713,0.0
0.576683,0.0
0.498813,1.0
0.601719,1.0
0.488106,0.0
0.507342,1.0
0.588343,1.0
0.498813,1.0
0.492351,1.0
0.584929,0.0
0.495242,0.0
0.494717,0.0
0.595016,1.0
0.582654,0.0
0.491219,0.0
0.492351,1.0
0.576442,1.0
0.611292,0.0
0.57293,1.0
0.491219,0.0
0.585634,0.0
0.611201,0.0
0.60265,0.0
0.499268,0.0
0.48614,0.0
0.491219,0.0
0.503894,1.0
0.499229,0.0
0.57293,1.0
0.662711,0.0
0.402104,0.0
0.686909,1.0
0.685637,1.0
0.379557,1.0
0.667357,1.0
0.409224,0.0
0.390647,0.0
0.670078,1.0
0.422098,0.0
0.417252,0.0
0.399384,0.0
0.750893,1.0
0.381052,0.0
0.635936,1.0
0.604101,1.0
0.414774,0.0
0.631984,1.0
0.708569,0.0
0.683363,0.0
0.685637,1.0
0.628024,0.0
0.650181,0.0
0.708569,1.0
0.634112,1.0
0.708569,0.0
0.662811,0.0
0.701729,1.0
0.744323,1.0
0.612393,1.0
0.703427,1.0
0.68997,1.0
0.671489,1.0
0.683363,1.0
0.67959,1.0
0.416251,1.0
0.684337,1.0
0.658635,1.0
0.379427,0.0
0.662811,1.0
0.418927,0.0
0.670078,1.0
0.688685,1.0
0.705275,0.0
0.415343,1.0
0.686909,1.0
0.391901,0.0
0.390311,1.0
0.709428,1.0
0.41383,0.0
0.411141,1.0
0.639069,0.0
0.379557,0.0
0.394917,0.0
0.68997,1.0
0.750893,1.0
0.662811,1.0
0.382456,0.0
0.374152,0.0
0.412684,1.0
0.675387,1.0
0.721977,1.0
0.391787,0.0
0.673166,1.0
0.645874,1.0
0.628024,0.0
0.411332,0.0
0.677226,1.0
0.651429,1.0
0.686909,0.0
0.686909,1.0
0.625789,1.0
0.419081,0.0
0.666893,1.0
0.383815,0.0
0.647072,1.0
0.677226,0.0
0.38238,0.0
0.666893,1.0
0.647098,1.0
0.412546,0.0
0.668259,1.0
0.674156,0.0
0.388474,1.0
0.413833,0.0
0.650181,1.0
0.647098,1.0
0.391743,0.0
0.399384,0.0
0.394841,0.0
0.650181,1.0
0.411332,1.0
0.399261,0.0
0.407945,0.0
0.662811,1.0
0.634112,1.0
0.650181,0.0
0.71514,0.0
0.708569,1.0
0.394841,1.0
0.650781,0.0
0.341742,1.0
0.681621,1.0
0.688604,1.0
0.409092,0.0
0.696743,1.0
0.33643,0.0
0.331395,0.0
0.712127,0.0
0.342383,0.0
0.340151,1.0
0.340037,0.0
0.723948,1.0
0.32815,0.0
0.679834,1.0
0.625309,1.0
0.339076,0.0
0.656241,1.0
0.70585,1.0
0.691562,1.0
0.688604,1.0
0.585715,0.0
0.616158,0.0
0.739064,0.0
0.658892,1.0
0.70585,1.0
0.632193,0.0
0.719218,1.0
0.726409,1.0
0.63335,1.0
0.705452,1.0
0.740904,1.0
0.709187,1.0
0.73445,1.0
0.679816,1.0
0.422774,1.0
0.684411,1.0
0.699607,1.0
0.331078,0.0
0.678276,1.0
0.340825,0.0
0.712127,1.0
0.685426,1.0
0.679744,1.0
0.422076,0.0
0.681621,0.0
0.327213,0.0
0.405121,0.0
0.718516,1.0
0.338561,0.0
0.423866,0.0
0.603118,0.0
0.331182,0.0
0.334031,0.0
0.740904,1.0
0.723948,1.0
0.678276,1.0
0.333019,0.0
0.327721,0.0
0.42042,0.0
0.685448,1.0
0.721353,1.0
0.327092,0.0
0.687942,1.0
0.664345,1.0
0.585715,0.0
0.337349,0.0
0.681149,1.0
0.67512,1.0
0.65031,1.0
0.681621,1.0
0.652223,1.0
0.341007,1.0
0.677195,1.0
0.333982,1.0
0.668219,1.0
0.644482,1.0
0.322938,0.0
0.677195,1.0
0.671618,1.0
0.338084,0.0
0.684885,1.0
0.664487,0.0
0.408845,1.0
0.338506,0.0
0.668629,1.0
0.671618,1.0
0.327034,1.0
0.340037,0.0
0.328494,0.0
0.668629,1.0
0.419704,0.0
0.339924,0.0
0.345377,1.0
0.678276,0.0
0.658892,1.0
0.616158,0.0
0.709284,1.0
0.739064,0.0
0.407718,0.0
0.666494,0.0
0.356747,0.0
0.707941,0.0
0.712451,1.0
0.363872,0.0
0.716266,1.0
0.280115,0.0
0.282884,0.0
0.703156,1.0
0.280655,0.0
0.347906,0.0
0.287362,0.0
0.775365,1.0
0.283807,0.0
0.715276,1.0
0.651993,1.0
0.28045,0.0
0.679879,1.0
0.752901,1.0
0.751584,0.0
0.712451,1.0
0.548178,0.0
0.607616,0.0
0.732332,0.0
0.682674,1.0
0.752901,1.0
0.634489,0.0
0.732641,1.0
0.769625,1.0
0.658136,1.0
0.736271,1.0
0.750612,1.0
0.730103,1.0
0.748209,1.0
0.703274,0.0
0.44704,0.0
0.708791,1.0
0.725529,1.0
0.287002,0.0
0.692257,1.0
0.280471,0.0
0.732053,0.0
0.711105,1.0
0.738508,0.0
0.361683,1.0
0.68347,1.0
0.278538,0.0
0.353417,0.0
0.73399,1.0
0.280342,0.0
0.365933,1.0
0.583713,0.0
0.287058,0.0
0.283802,0.0
0.750612,0.0
0.775365,1.0
0.692257,1.0
0.287845,0.0
0.285557,0.0
0.360909,0.0
0.707104,1.0
0.755727,0.0
0.278475,0.0
0.700481,1.0
0.687101,1.0
0.548178,0.0
0.280177,0.0
0.703816,1.0
0.694053,1.0
0.704214,0.0
0.707941,1.0
0.679114,0.0
0.348084,1.0
0.698489,1.0
0.356242,0.0
0.687036,0.0
0.697909,0.0
0.277986,0.0
0.698489,0.0
0.696043,1.0
0.280381,0.0
0.698318,0.0
0.683308,0.0
0.441556,0.0
0.280298,0.0
0.685612,1.0
0.696043,0.0
0.344147,0.0
0.287362,0.0
0.278646,1.0
0.685612,1.0
0.360658,0.0
0.287301,0.0
0.358766,0.0
0.657635,0.0
0.682674,1.0
0.607616,0.0
0.759508,0.0
0.732332,0.0
0.354468,0.0
0.568979,1.0
0.607954,0.0
0.59428,1.0
0.578655,0.0
0.610807,1.0
0.558161,1.0
0.622361,1.0
0.621603,0.0
0.546095,0.0
0.622557,1.0
0.609672,1.0
0.62118,0.0
0.538874,1.0
0.621248,0.0
0.551502,1.0
0.558809,0.0
0.622432,0.0
0.570356,1.0
0.536492,1.0
0.541846,1.0
0.578655,0.0
0.582832,1.0
0.58165,0.0
0.538292,1.0
0.569259,0.0
0.536492,1.0
0.585569,1.0
0.547767,1.0
0.537515,1.0
0.563651,0.0
0.550062,1.0
0.531703,0.0
0.54461,0.0
0.532714,1.0
0.59306,1.0
0.593488,1.0
0.583821,0.0
0.546699,0.0
0.620802,1.0
0.582008,0.0
0.622513,1.0
0.552143,0.0
0.583763,0.0
0.559209,0.0
0.597545,0.0
0.587879,1.0
0.622187,1.0
0.612766,0.0
0.550179,0.0
0.622426,1.0
0.596608,0.0
0.579809,0.0
0.620797,0.0
0.621569,1.0
0.53668,0.0
0.538874,1.0
0.582008,0.0
0.620743,1.0
0.620899,0.0
0.612188,0.0
0.578185,1.0
0.54565,0.0
0.622192,1.0
0.579789,0.0
0.57999,1.0
0.582832,1.0
0.622395,0.0
0.584248,1.0
0.573991,0.0
0.59624,1.0
0.587793,1.0
0.574105,0.0
0.595087,1.0
0.582634,1.0
0.607667,0.0
0.582118,1.0
0.592719,0.0
0.62208,1.0
0.589314,0.0
0.574586,1.0
0.622396,1.0
0.585227,0.0
0.568531,1.0
0.593984,0.0
0.62243,0.0
0.57853,1.0
0.582337,0.0
0.609729,1.0
0.62118,1.0
0.609952,0.0
0.57853,0.0
0.612196,0.0
0.621185,1.0
0.607738,0.0
0.586608,1.0
0.569259,0.0
0.58165,1.0
0.540973,0.0
0.538292,1.0
0.612705,1.0
0.53012,0.0
0.532996,0.0
0.522883,1.0
0.520846,0.0
0.533164,0.0
0.51894,1.0
0.529997,0.0
0.529123,0.0
0.518116,1.0
0.529946,1.0
0.533595,1.0
0.529218,1.0
0.515371,0.0
0.529206,0.0
0.518634,0.0
0.53345,0.0
0.528924,1.0
0.527664,0.0
0.516397,1.0
0.517042,0.0
0.520846,1.0
0.557588,0.0
0.555295,1.0
0.517695,1.0
0.527483,0.0
0.516397,0.0
0.540737,0.0
0.515233,0.0
0.515835,1.0
0.532917,0.0
0.514531,0.0
0.518653,1.0
0.516237,1.0
0.517068,0.0
0.523782,1.0
0.538893,1.0
0.521996,1.0
0.516932,0.0
0.53037,1.0
0.525219,1.0
0.529958,1.0
0.516949,1.0
0.521546,1.0
0.516352,0.0
0.535277,1.0
0.52364,0.0
0.530034,1.0
0.531526,0.0
0.515672,1.0
0.52998,0.0
0.535531,1.0
0.564828,0.0
0.529315,0.0
0.530188,1.0
0.518837,0.0
0.515371,1.0
0.525219,0.0
0.530386,0.0
0.529287,1.0
0.531662,1.0
0.521643,0.0
0.515801,1.0
0.530033,0.0
0.52329,0.0
0.525884,1.0
0.557588,1.0
0.528934,0.0
0.522336,0.0
0.524902,1.0
0.52494,1.0
0.52175,1.0
0.532507,0.0
0.536685,0.0
0.523375,0.0
0.533087,1.0
0.529163,1.0
0.527234,1.0
0.53006,0.0
0.525511,0.0
0.523845,0.0
0.529988,0.0
0.525593,0.0
0.525931,0.0
0.537699,1.0
0.528925,1.0
0.526442,0.0
0.526393,1.0
0.533577,0.0
0.530276,1.0
0.531772,1.0
0.527,1.0
0.531662,1.0
0.530274,0.0
0.533058,0.0
0.530643,0.0
0.527483,1.0
0.555023,0.0
0.51804,1.0
0.517695,0.0
0.532625,1.0
0.686691,0.0
0.348741,0.0
0.669478,0.0
0.690496,1.0
0.342206,1.0
0.712461,1.0
0.332152,1.0
0.330228,0.0
0.735849,0.0
0.336714,0.0
0.355913,0.0
0.335443,0.0
0.728684,1.0
0.330971,0.0
0.724017,1.0
0.682653,1.0
0.333815,0.0
0.680705,1.0
0.735219,1.0
0.736908,1.0
0.685958,0.0
0.325776,1.0
0.609955,0.0
0.745062,0.0
0.686032,1.0
0.738161,1.0
0.65219,0.0
0.735868,1.0
0.729986,1.0
0.679646,1.0
0.729609,1.0
0.743252,1.0
0.733682,1.0
0.744089,1.0
0.669087,1.0
0.381017,0.0
0.679308,1.0
0.734341,1.0
0.340178,0.0
0.678156,1.0
0.336903,0.0
0.731208,1.0
0.679187,1.0
0.725622,1.0
0.391019,1.0
0.676626,1.0
0.338441,1.0
0.335195,0.0
0.732787,1.0
0.331893,0.0
0.39338,0.0
0.478819,0.0
0.331358,0.0
0.33879,0.0
0.747767,1.0
0.725828,1.0
0.681501,1.0
0.334744,0.0
0.336785,1.0
0.339551,1.0
0.685206,1.0
0.735626,1.0
0.333107,0.0
0.686379,1.0
0.67455,1.0
0.331104,1.0
0.328741,0.0
0.679036,1.0
0.683928,1.0
0.663531,0.0
0.672495,1.0
0.675246,0.0
0.4071,0.0
0.678969,1.0
0.355624,1.0
0.667975,1.0
0.666319,0.0
0.333581,0.0
0.674914,1.0
0.684558,1.0
0.331972,0.0
0.677712,0.0
0.6976,1.0
0.37733,0.0
0.333864,1.0
0.677957,1.0
0.675219,1.0
0.351461,0.0
0.338898,0.0
0.371887,0.0
0.677765,1.0
0.339635,0.0
0.333552,0.0
0.348768,0.0
0.667402,1.0
0.683081,0.0
0.610284,1.0
0.737127,1.0
0.748103,0.0
0.344404,1.0
0.714082,1.0
0.310887,1.0
0.718843,1.0
0.74538,1.0
0.3793,1.0
0.768426,1.0
0.374798,0.0
0.303963,0.0
0.76782,1.0
0.308448,0.0
0.316673,0.0
0.307271,0.0
0.811902,1.0
0.304299,0.0
0.776093,1.0
0.706351,1.0
0.306591,0.0
0.715982,1.0
0.795699,0.0
0.79558,1.0
0.730466,0.0
0.338105,1.0
0.580964,0.0
0.77855,1.0
0.717072,1.0
0.798046,1.0
0.656883,1.0
0.788788,1.0
0.804888,1.0
0.70434,1.0
0.792457,0.0
0.789646,1.0
0.784117,1.0
0.79319,1.0
0.727146,0.0
0.327234,0.0
0.735865,0.0
0.783126,1.0
0.310101,0.0
0.719812,1.0
0.308547,0.0
0.783108,1.0
0.738095,1.0
0.789276,1.0
0.414836,1.0
0.727916,1.0
0.379838,0.0
0.304611,0.0
0.787055,1.0
0.305226,0.0
0.336883,0.0
0.335308,0.0
0.304417,0.0
0.309446,0.0
0.789335,1.0
0.809538,1.0
0.721718,1.0
0.306458,0.0
0.37811,0.0
0.378018,0.0
0.738108,1.0
0.79344,0.0
0.305849,0.0
0.72991,1.0
0.717764,1.0
0.342763,0.0
0.303316,0.0
0.733282,1.0
0.722469,0.0
0.712373,0.0
0.735066,1.0
0.684839,0.0
0.344533,1.0
0.728483,1.0
0.389067,0.0
0.711793,1.0
0.703163,1.0
0.306088,0.0
0.723617,1.0
0.728921,1.0
0.305263,0.0
0.708717,0.0
0.748111,0.0
0.324788,1.0
0.376249,0.0
0.717743,1.0
0.720874,1.0
0.31314,1.0
0.309435,0.0
0.326382,0.0
0.714047,1.0
0.307588,1.0
0.305891,0.0
0.310842,0.0
0.708524,1.0
0.697763,1.0
0.636754,0.0
0.794169,0.0
0.780825,1.0
0.382073,0.0
0.637941,0.0
0.577315,0.0
0.718996,0.0
0.655469,1.0
0.573245,1.0
0.468422,0.0
0.57831,1.0
0.577653,1.0
0.401426,1.0
0.577694,1.0
0.578105,1.0
0.577693,0.0
0.362826,0.0
0.577662,0.0
0.429084,1.0
0.680431,1.0
0.577663,1.0
0.705526,1.0
0.366726,0.0
0.368033,0.0
0.684347,1.0
0.576075,1.0
0.641904,0.0
0.365514,0.0
0.696756,1.0
0.365966,0.0
0.700456,0.0
0.390603,1.0
0.362148,0.0
0.695352,0.0
0.398904,0.0
0.36023,1.0
0.389292,1.0
0.363266,0.0
0.720389,1.0
0.578713,1.0
0.701727,0.0
0.399477,0.0
0.577742,0.0
0.71594,1.0
0.577696,0.0
0.392558,1.0
0.693138,1.0
0.403866,0.0
0.572754,0.0
0.71789,0.0
0.578503,1.0
0.57789,1.0
0.389754,0.0
0.577667,1.0
0.578663,0.0
0.580648,1.0
0.577673,0.0
0.577722,0.0
0.360999,0.0
0.362348,0.0
0.715306,1.0
0.577713,0.0
0.57845,1.0
0.578645,1.0
0.686008,1.0
0.371919,0.0
0.577676,1.0
0.699597,1.0
0.715986,1.0
0.578869,1.0
0.57763,1.0
0.709536,0.0
0.701381,1.0
0.721144,1.0
0.713211,0.0
0.696636,1.0
0.577056,1.0
0.712436,1.0
0.578933,0.0
0.713938,1.0
0.717029,1.0
0.57768,1.0
0.71392,1.0
0.69315,1.0
0.577668,1.0
0.713284,1.0
0.575605,0.0
0.577556,0.0
0.578393,1.0
0.717141,1.0
0.700215,1.0
0.57722,1.0
0.57773,0.0
0.578168,1.0
0.715795,0.0
0.577207,1.0
0.577698,0.0
0.578098,0.0
0.717689,1.0
0.702061,1.0
0.664342,0.0
0.363134,0.0
0.366035,0.0
0.578753,1.0
0.723481,0.0
0.367706,1.0
0.717118,0.0
0.746434,1.0
0.449648,1.0
0.772315,1.0
0.360975,0.0
0.318593,0.0
0.787293,1.0
0.319387,0.0
0.319092,1.0
0.304813,0.0
0.803227,1.0
0.304343,1.0
0.786891,1.0
0.708145,1.0
0.319124,0.0
0.718297,1.0
0.783407,1.0
0.788413,0.0
0.738196,1.0
0.416345,1.0
0.564139,1.0
0.782202,1.0
0.718676,1.0
0.79032,1.0
0.663904,0.0
0.7948,1.0
0.796205,1.0
0.690655,1.0
0.783125,1.0
0.792614,1.0
0.790004,1.0
0.785278,1.0
0.726191,1.0
0.318193,1.0
0.715838,1.0
0.779206,1.0
0.305127,0.0
0.723295,1.0
0.305088,1.0
0.789662,1.0
0.739768,1.0
0.785933,1.0
0.45867,1.0
0.713449,1.0
0.36276,1.0
0.317784,0.0
0.781561,1.0
0.318831,0.0
0.305624,0.0
0.273087,1.0
0.304317,0.0
0.305113,0.0
0.781399,1.0
0.800707,1.0
0.725082,1.0
0.30454,1.0
0.362022,0.0
0.361149,0.0
0.73941,1.0
0.781402,1.0
0.318874,0.0
0.731787,1.0
0.721514,1.0
0.342114,1.0
0.318598,0.0
0.718791,1.0
0.71911,1.0
0.724945,1.0
0.720314,1.0
0.699204,1.0
0.392652,1.0
0.731682,1.0
0.348875,1.0
0.7155,1.0
0.720809,0.0
0.318888,0.0
0.727255,1.0
0.730498,1.0
0.318832,0.0
0.72002,0.0
0.746321,0.0
0.370245,1.0
0.361496,1.0
0.721165,1.0
0.72341,0.0
0.384891,1.0
0.305083,0.0
0.320251,0.0
0.699057,1.0
0.383893,1.0
0.304525,0.0
0.303562,0.0
0.713638,1.0
0.712972,1.0
0.622449,1.0
0.781753,0.0
0.784719,1.0
0.362653,1.0
0.5218,0.0
0.533433,0.0
0.524821,1.0
0.526602,0.0
0.538234,1.0
0.520119,1.0
0.539876,0.0
0.537364,0.0
0.52316,1.0
0.537422,1.0
0.531267,1.0
0.536096,1.0
0.527461,1.0
0.529657,0.0
0.522181,0.0
0.524896,1.0
0.537401,1.0
0.52539,0.0
0.524675,1.0
0.524169,0.0
0.527185,1.0
0.536646,1.0
0.567785,1.0
0.524669,1.0
0.525141,1.0
0.525655,0.0
0.529441,1.0
0.524647,0.0
0.526638,1.0
0.523059,0.0
0.523252,0.0
0.525828,1.0
0.523938,0.0
0.525147,1.0
0.526531,1.0
0.531242,1.0
0.523911,1.0
0.522697,0.0
0.53612,1.0
0.525583,1.0
0.529711,1.0
0.523782,1.0
0.527256,1.0
0.523486,1.0
0.538789,1.0
0.524632,0.0
0.534073,1.0
0.537326,0.0
0.52362,1.0
0.537381,1.0
0.536215,1.0
0.528473,1.0
0.536062,0.0
0.536118,1.0
0.524782,1.0
0.527179,1.0
0.525724,1.0
0.529674,0.0
0.539949,1.0
0.539907,1.0
0.527043,1.0
0.524144,1.0
0.537385,1.0
0.52623,0.0
0.525714,1.0
0.532735,0.0
0.537362,1.0
0.524509,0.0
0.5253,1.0
0.527488,1.0
0.524957,1.0
0.526816,0.0
0.535548,1.0
0.526504,0.0
0.532522,1.0
0.52576,1.0
0.526376,0.0
0.537386,0.0
0.526368,1.0
0.526279,0.0
0.537381,0.0
0.526,1.0
0.517237,1.0
0.533636,0.0
0.533983,0.0
0.525559,0.0
0.525473,1.0
0.534996,0.0
0.536116,1.0
0.537526,1.0
0.523115,1.0
0.534919,1.0
0.536077,0.0
0.536043,1.0
0.526087,0.0
0.525329,1.0
0.547152,1.0
0.523521,1.0
0.524955,0.0
0.53408,0.0
0.613832,0.0
0.570957,1.0
0.602361,1.0
0.601188,1.0
0.534098,1.0
0.660563,0.0
0.623801,1.0
0.633185,1.0
0.664857,0.0
0.630876,1.0
0.591056,0.0
0.63431,1.0
0.668894,1.0
0.596596,1.0
0.652379,0.0
0.600184,1.0
0.630887,1.0
0.592887,1.0
0.668834,0.0
0.657671,0.0
0.606203,1.0
0.550657,1.0
0.470117,1.0
0.668889,1.0
0.601398,0.0
0.659668,1.0
0.598524,0.0
0.656374,1.0
0.669122,1.0
0.594444,0.0
0.657633,1.0
0.669019,0.0
0.656769,1.0
0.66913,1.0
0.601939,1.0
0.591749,0.0
0.606878,1.0
0.657308,0.0
0.634313,0.0
0.600789,1.0
0.595597,0.0
0.665815,0.0
0.604573,1.0
0.665893,1.0
0.531132,1.0
0.596049,1.0
0.57635,1.0
0.633433,1.0
0.667139,0.0
0.63092,0.0
0.635013,0.0
0.608478,0.0
0.636602,1.0
0.634298,1.0
0.669359,1.0
0.669034,1.0
0.600658,1.0
0.596587,0.0
0.621565,0.0
0.621843,0.0
0.605093,1.0
0.668724,1.0
0.630928,1.0
0.59482,0.0
0.600709,0.0
0.58375,1.0
0.630922,0.0
0.597131,1.0
0.602572,0.0
0.602701,1.0
0.604576,1.0
0.593031,0.0
0.561895,1.0
0.593573,1.0
0.581825,1.0
0.599844,0.0
0.593521,1.0
0.633174,1.0
0.601462,1.0
0.595699,0.0
0.633163,0.0
0.600467,0.0
0.642402,0.0
0.57019,0.0
0.576776,1.0
0.592005,0.0
0.60141,1.0
0.563766,1.0
0.634305,0.0
0.631232,1.0
0.601231,0.0
0.564785,0.0
0.636592,0.0
0.634733,1.0
0.592621,0.0
0.601147,0.0
0.565709,0.0
0.667273,1.0
0.659895,0.0
0.576521,1.0
0.56772,0.0
0.5884,1.0
0.602056,0.0
0.60263,0.0
0.57893,1.0
0.533618,1.0
0.605272,0.0
0.60573,0.0
0.539746,0.0
0.605104,1.0
0.587669,0.0
0.60487,0.0
0.546807,1.0
0.595001,0.0
0.539539,1.0
0.59864,1.0
0.605095,0.0
0.602137,0.0
0.535998,0.0
0.535776,0.0
0.606577,1.0
0.584479,0.0
0.573433,0.0
0.540414,0.0
0.597861,0.0
0.542383,1.0
0.592739,1.0
0.545883,1.0
0.544756,1.0
0.588524,0.0
0.539724,1.0
0.541524,0.0
0.544356,0.0
0.541367,1.0
0.605731,0.0
0.587887,1.0
0.59927,1.0
0.534479,1.0
0.598977,0.0
0.604148,0.0
0.587574,1.0
0.540329,0.0
0.607244,0.0
0.541319,1.0
0.566786,0.0
0.601242,0.0
0.591584,1.0
0.605759,0.0
0.535883,0.0
0.599194,0.0
0.599209,0.0
0.591274,1.0
0.605496,1.0
0.604878,1.0
0.540227,0.0
0.546099,1.0
0.604352,1.0
0.588404,0.0
0.598634,0.0
0.598671,1.0
0.606428,0.0
0.539732,0.0
0.605095,0.0
0.600969,1.0
0.599736,1.0
0.593666,1.0
0.599183,0.0
0.600731,1.0
0.59871,0.0
0.606406,1.0
0.602219,1.0
0.595685,0.0
0.587784,1.0
0.605832,0.0
0.59123,0.0
0.598456,0.0
0.604246,0.0
0.60574,1.0
0.605281,1.0
0.60052,1.0
0.599913,0.0
0.599375,1.0
0.532687,0.0
0.581461,0.0
0.592379,0.0
0.598961,0.0
0.603485,0.0
0.588873,1.0
0.598972,0.0
0.605238,0.0
0.593014,0.0
0.581344,0.0
0.599668,1.0
0.604941,0.0
0.598491,1.0
0.597643,0.0
0.586103,1.0
0.538147,0.0
0.536501,1.0
0.592379,1.0
0.704802,0.0
0.391123,0.0
0.670693,0.0
0.710073,1.0
0.438351,1.0
0.763902,1.0
0.332647,1.0
0.333057,0.0
0.784058,1.0
0.339065,0.0
0.385018,0.0
0.336768,0.0
0.770332,1.0
0.364738,1.0
0.784303,1.0
0.677439,1.0
0.335511,0.0
0.684216,1.0
0.766784,1.0
0.765047,0.0
0.705789,1.0
0.405694,0.0
0.528659,0.0
0.748003,0.0
0.705683,1.0
0.754484,1.0
0.665675,0.0
0.769565,1.0
0.762912,1.0
0.670974,1.0
0.747122,1.0
0.786411,1.0
0.763535,1.0
0.751702,1.0
0.693982,1.0
0.388224,0.0
0.6724,0.0
0.764288,1.0
0.351515,0.0
0.691202,1.0
0.390271,0.0
0.785422,1.0
0.70677,1.0
0.754564,0.0
0.533107,1.0
0.670985,1.0
0.381303,0.0
0.333007,0.0
0.767449,1.0
0.350353,0.0
0.350896,0.0
0.378208,1.0
0.337891,0.0
0.340335,0.0
0.746681,1.0
0.767664,0.0
0.695003,1.0
0.380524,1.0
0.350284,0.0
0.353992,0.0
0.705872,1.0
0.745436,1.0
0.335519,0.0
0.719406,0.0
0.712153,0.0
0.370962,1.0
0.350389,0.0
0.676456,0.0
0.705311,1.0
0.696573,1.0
0.680063,1.0
0.68938,1.0
0.395576,1.0
0.698206,1.0
0.380716,0.0
0.704638,0.0
0.683103,0.0
0.336575,0.0
0.697844,1.0
0.717855,1.0
0.347772,0.0
0.704504,0.0
0.742327,0.0
0.404096,0.0
0.370451,0.0
0.707878,1.0
0.684564,1.0
0.386116,1.0
0.351527,0.0
0.335083,0.0
0.679105,1.0
0.407312,0.0
0.352756,0.0
0.336602,0.0
0.704067,1.0
0.701672,0.0
0.663633,0.0
0.739295,0.0
0.768654,1.0
0.37426,0.0
0.629688,0.0
0.605337,0.0
0.609625,1.0
0.597861,1.0
0.559769,0.0
0.657477,0.0
0.624452,0.0
0.635305,1.0
0.658805,1.0
0.631717,1.0
0.610104,0.0
0.633605,1.0
0.661056,1.0
0.607628,1.0
0.657279,1.0
0.592071,0.0
0.634181,0.0
0.591922,0.0
0.660746,0.0
0.673058,0.0
0.594634,1.0
0.598197,0.0
0.447811,0.0
0.674333,1.0
0.591525,0.0
0.660902,0.0
0.608298,0.0
0.659944,0.0
0.661124,1.0
0.59214,0.0
0.66014,1.0
0.660137,0.0
0.660466,1.0
0.660973,1.0
0.592759,1.0
0.60716,0.0
0.610267,1.0
0.659492,1.0
0.626762,0.0
0.591948,1.0
0.606043,0.0
0.65908,1.0
0.594017,1.0
0.672888,1.0
0.507332,0.0
0.593519,0.0
0.610636,1.0
0.635327,1.0
0.660178,0.0
0.627313,0.0
0.62705,1.0
0.598883,1.0
0.632275,1.0
0.631127,1.0
0.661352,0.0
0.673409,1.0
0.591615,0.0
0.599068,1.0
0.627395,0.0
0.624662,0.0
0.594305,1.0
0.661178,1.0
0.634178,1.0
0.605054,0.0
0.604515,0.0
0.602889,0.0
0.627296,0.0
0.608927,1.0
0.592137,0.0
0.593061,1.0
0.593793,1.0
0.591811,0.0
0.588214,1.0
0.59236,0.0
0.612029,1.0
0.604812,0.0
0.60819,1.0
0.632882,0.0
0.592103,0.0
0.592172,0.0
0.628528,0.0
0.605875,1.0
0.662167,0.0
0.599704,0.0
0.617477,1.0
0.590502,0.0
0.593478,1.0
0.594092,0.0
0.626756,0.0
0.634376,1.0
0.591815,0.0
0.597783,0.0
0.625234,0.0
0.63368,1.0
0.59068,1.0
0.605583,0.0
0.595431,0.0
0.674646,1.0
0.660337,0.0
0.614435,1.0
0.513561,0.0
0.536196,0.0
0.518037,1.0
0.512107,0.0
0.542573,0.0
0.514071,0.0
0.537294,0.0
0.532799,0.0
0.51159,0.0
0.533173,1.0
0.535373,1.0
0.532926,1.0
0.514756,1.0
0.536542,0.0
0.511201,0.0
0.516286,0.0
0.533811,1.0
0.514964,0.0
0.514816,0.0
0.515619,0.0
0.512259,1.0
0.536377,0.0
0.552635,1.0
0.518538,0.0
0.511706,0.0
0.516907,0.0
0.520507,1.0
0.514255,0.0
0.515883,1.0
0.517093,0.0
0.517711,0.0
0.51196,1.0
0.515115,0.0
0.517487,0.0
0.513281,0.0
0.535851,0.0
0.518288,1.0
0.514811,0.0
0.534305,1.0
0.513314,0.0
0.535971,0.0
0.511528,1.0
0.511739,1.0
0.517087,1.0
0.542123,1.0
0.517634,0.0
0.534615,1.0
0.532798,0.0
0.514426,0.0
0.53425,1.0
0.533315,0.0
0.537265,0.0
0.533143,0.0
0.533226,0.0
0.517986,0.0
0.515791,0.0
0.513532,0.0
0.537088,0.0
0.534207,1.0
0.534601,1.0
0.511912,0.0
0.518214,0.0
0.532877,0.0
0.510769,1.0
0.511828,1.0
0.539128,1.0
0.534251,1.0
0.517213,0.0
0.511948,0.0
0.513278,1.0
0.516056,0.0
0.514653,0.0
0.538081,0.0
0.513073,1.0
0.534368,1.0
0.512926,1.0
0.515915,0.0
0.53407,0.0
0.513324,0.0
0.510291,0.0
0.534165,0.0
0.512756,0.0
0.514389,0.0
0.536065,0.0
0.533923,1.0
0.511167,1.0
0.514763,0.0
0.539797,0.0
0.534305,1.0
0.532863,1.0
0.515786,1.0
0.536156,0.0
0.534613,0.0
0.532921,0.0
0.511414,0.0
0.513361,1.0
0.527162,0.0
0.519846,1.0
0.514568,0.0
0.534313,0.0
0.581741,0.0
0.580227,1.0
0.728944,0.0
0.721998,1.0
0.579197,1.0
0.359018,1.0
0.57887,1.0
0.578873,0.0
0.361757,1.0
0.581283,1.0
0.582695,1.0
0.581265,0.0
0.350127,0.0
0.57772,0.0
0.363252,0.0
0.734068,1.0
0.581941,1.0
0.735468,1.0
0.355367,0.0
0.354144,0.0
0.726625,1.0
0.580472,1.0
0.586398,1.0
0.352446,0.0
0.734794,1.0
0.352793,0.0
0.727094,1.0
0.356857,0.0
0.348721,0.0
0.733085,1.0
0.354444,0.0
0.351737,0.0
0.357514,1.0
0.354008,0.0
0.734434,1.0
0.580349,1.0
0.726512,0.0
0.357876,1.0
0.582196,1.0
0.734746,1.0
0.580336,1.0
0.354842,1.0
0.727432,1.0
0.347717,0.0
0.555782,1.0
0.73472,1.0
0.581845,1.0
0.578872,1.0
0.356441,0.0
0.582203,0.0
0.57915,1.0
0.577951,1.0
0.578871,0.0
0.578904,0.0
0.351413,0.0
0.35574,1.0
0.735966,1.0
0.57796,1.0
0.582233,0.0
0.582271,1.0
0.730968,1.0
0.353326,1.0
0.578907,1.0
0.730328,1.0
0.73141,1.0
0.581611,1.0
0.582203,1.0
0.732759,1.0
0.734731,1.0
0.730158,1.0
0.73287,1.0
0.734427,1.0
0.577915,1.0
0.731036,1.0
0.581813,0.0
0.731324,1.0
0.733869,1.0
0.579554,1.0
0.735571,1.0
0.733809,1.0
0.579778,1.0
0.733746,0.0
0.372861,1.0
0.580528,0.0
0.581762,1.0
0.731867,1.0
0.733529,1.0
0.57931,1.0
0.582196,0.0
0.58127,1.0
0.730828,1.0
0.580625,1.0
0.579809,0.0
0.578895,1.0
0.734663,1.0
0.730706,1.0
0.71781,1.0
0.343196,0.0
0.355657,0.0
0.579405,1.0
0.625425,1.0
0.605656,1.0
0.596994,1.0
0.597671,1.0
0.55206,0.0
0.663719,0.0
0.579257,1.0
0.627455,1.0
0.658922,1.0
0.611605,1.0
0.604967,0.0
0.624406,0.0
0.659315,1.0
0.594343,0.0
0.655234,0.0
0.597988,1.0
0.60455,1.0
0.597438,1.0
0.661316,0.0
0.66206,0.0
0.596856,1.0
0.606849,1.0
0.63825,1.0
0.662625,1.0
0.595882,1.0
0.662715,1.0
0.601085,0.0
0.661087,1.0
0.660417,1.0
0.598283,1.0
0.662164,1.0
0.659,0.0
0.662999,1.0
0.661738,1.0
0.596989,1.0
0.607116,0.0
0.597251,1.0
0.662633,0.0
0.60469,0.0
0.596412,0.0
0.606844,1.0
0.659288,0.0
0.596007,1.0
0.661866,1.0
0.528777,0.0
0.599157,1.0
0.610974,1.0
0.615431,1.0
0.661183,0.0
0.617015,0.0
0.615576,1.0
0.580213,1.0
0.626528,1.0
0.626489,1.0
0.663335,1.0
0.66357,1.0
0.596853,1.0
0.582052,1.0
0.617255,0.0
0.604127,0.0
0.596148,1.0
0.665537,1.0
0.615404,1.0
0.595976,0.0
0.596372,0.0
0.567621,0.0
0.604822,1.0
0.599536,1.0
0.596376,0.0
0.597615,1.0
0.598611,1.0
0.597702,1.0
0.575244,1.0
0.596855,1.0
0.62373,1.0
0.596858,0.0
0.599671,1.0
0.606957,0.0
0.597096,1.0
0.595511,1.0
0.60801,0.0
0.593758,1.0
0.661631,1.0
0.620253,0.0
0.612371,0.0
0.595252,1.0
0.598103,0.0
0.568524,1.0
0.616882,0.0
0.612454,1.0
0.597731,0.0
0.608365,0.0
0.61913,1.0
0.615271,1.0
0.595221,1.0
0.597296,1.0
0.598528,0.0
0.663454,1.0
0.661158,1.0
0.614369,1.0
0.656393,0.0
0.602391,0.0
0.621888,1.0
0.611896,1.0
0.540408,1.0
0.659825,1.0
0.584132,0.0
0.61985,1.0
0.676193,1.0
0.604344,1.0
0.578724,0.0
0.59707,1.0
0.687619,1.0
0.576937,1.0
0.664331,0.0
0.612802,0.0
0.60013,0.0
0.612201,1.0
0.666963,0.0
0.667045,0.0
0.611138,1.0
0.603334,0.0
0.628313,0.0
0.689451,0.0
0.610415,0.0
0.689752,1.0
0.593371,1.0
0.688804,1.0
0.688325,1.0
0.613147,0.0
0.689066,1.0
0.66653,0.0
0.679628,1.0
0.688882,1.0
0.610668,1.0
0.581194,0.0
0.622039,1.0
0.658939,1.0
0.57793,0.0
0.590218,0.0
0.603124,0.0
0.657129,1.0
0.610577,1.0
0.689168,1.0
0.555875,0.0
0.614365,1.0
0.604451,1.0
0.607148,0.0
0.666831,0.0
0.592787,1.0
0.607451,1.0
0.583617,1.0
0.619383,1.0
0.619386,1.0
0.690013,0.0
0.680225,1.0
0.611611,1.0
0.585036,1.0
0.592948,0.0
0.577604,0.0
0.610453,1.0
0.682083,1.0
0.607159,1.0
0.590555,0.0
0.590423,0.0
0.549608,0.0
0.60052,1.0
0.613802,1.0
0.590414,0.0
0.610918,1.0
0.612962,1.0
0.611658,1.0
0.580033,1.0
0.611868,1.0
0.617802,1.0
0.590503,0.0
0.612617,1.0
0.580129,0.0
0.611684,0.0
0.610177,0.0
0.581028,0.0
0.618284,1.0
0.680355,0.0
0.596559,0.0
0.583261,0.0
0.609957,0.0
0.591302,0.0
0.577242,1.0
0.592712,1.0
0.604852,1.0
0.591003,0.0
0.582376,0.0
0.615878,1.0
0.607082,1.0
0.608425,0.0
0.611804,0.0
0.592433,0.0
0.690116,0.0
0.688929,1.0
0.606992,1.0
0.481191,1.0
0.580026,0.0
0.735375,1.0
0.732649,1.0
0.583733,1.0
0.339077,1.0
0.580967,1.0
0.577384,0.0
0.332992,0.0
0.580208,1.0
0.581799,1.0
0.578419,0.0
0.338073,0.0
0.578177,0.0
0.350701,1.0
0.743557,1.0
0.580061,1.0
0.737851,1.0
0.354414,0.0
0.355455,0.0
0.735113,1.0
0.579989,1.0
0.579114,1.0
0.356274,0.0
0.744173,1.0
0.344723,0.0
0.735565,0.0
0.342155,1.0
0.339479,0.0
0.743163,1.0
0.342667,0.0
0.352201,0.0
0.336523,1.0
0.341282,0.0
0.736436,1.0
0.581659,1.0
0.73441,0.0
0.334746,0.0
0.581799,0.0
0.744658,1.0
0.579985,1.0
0.331958,0.0
0.735589,1.0
0.342701,0.0
0.601907,0.0
0.737168,1.0
0.580273,0.0
0.579553,1.0
0.354745,0.0
0.57855,1.0
0.580078,0.0
0.581245,1.0
0.577396,0.0
0.577402,0.0
0.35871,0.0
0.336165,0.0
0.737881,1.0
0.581179,0.0
0.578324,0.0
0.581829,1.0
0.735361,0.0
0.339646,1.0
0.580066,1.0
0.74461,1.0
0.744762,0.0
0.583448,1.0
0.580504,1.0
0.736493,1.0
0.744733,1.0
0.735855,1.0
0.736479,1.0
0.736859,1.0
0.58141,1.0
0.737586,1.0
0.577457,1.0
0.744607,1.0
0.73605,1.0
0.581639,1.0
0.74414,1.0
0.743791,1.0
0.581601,1.0
0.735196,0.0
0.363697,0.0
0.578408,0.0
0.581425,1.0
0.744534,1.0
0.74397,1.0
0.581647,1.0
0.578551,0.0
0.580174,1.0
0.744973,1.0
0.58161,1.0
0.577555,0.0
0.58007,0.0
0.743271,1.0
0.743765,1.0
0.734733,0.0
0.357981,1.0
0.341586,1.0
0.580144,1.0
0.6396,0.0
0.607446,0.0
0.598285,1.0
0.593772,1.0
0.591277,0.0
0.658854,1.0
0.589141,0.0
0.622993,1.0
0.654115,0.0
0.609654,1.0
0.585078,1.0
0.614554,1.0
0.659133,1.0
0.607226,0.0
0.660495,0.0
0.596207,0.0
0.593417,0.0
0.594368,1.0
0.661376,0.0
0.661663,0.0
0.593459,1.0
0.595581,0.0
0.60612,1.0
0.662345,0.0
0.595161,1.0
0.660737,0.0
0.590677,0.0
0.66292,1.0
0.659721,0.0
0.596341,0.0
0.660513,1.0
0.660338,0.0
0.659611,1.0
0.66028,0.0
0.593317,1.0
0.586294,0.0
0.594563,1.0
0.654079,1.0
0.596749,0.0
0.593745,1.0
0.595372,1.0
0.651262,0.0
0.593007,1.0
0.660481,1.0
0.60259,1.0
0.595976,1.0
0.622139,0.0
0.595542,1.0
0.661342,1.0
0.601518,1.0
0.622944,1.0
0.603811,1.0
0.622859,1.0
0.622878,1.0
0.661738,0.0
0.657573,1.0
0.593962,0.0
0.61648,1.0
0.597648,0.0
0.584425,0.0
0.589119,1.0
0.661846,1.0
0.610643,1.0
0.593988,0.0
0.590175,0.0
0.574934,0.0
0.608998,0.0
0.595677,1.0
0.594076,0.0
0.593526,1.0
0.595033,1.0
0.594123,1.0
0.602664,1.0
0.594092,1.0
0.610483,1.0
0.594264,0.0
0.594987,1.0
0.585406,1.0
0.596031,0.0
0.595164,1.0
0.58576,0.0
0.591594,1.0
0.660764,0.0
0.599906,1.0
0.585916,0.0
0.594819,1.0
0.594791,1.0
0.603544,1.0
0.613476,0.0
0.609772,1.0
0.595335,0.0
0.586806,0.0
0.622101,1.0
0.622726,1.0
0.59416,1.0
0.596061,1.0
0.591631,0.0
0.664986,1.0
0.662975,0.0
0.610915,1.0
0.44962,0.0
0.574899,0.0
0.7371,1.0
0.733963,1.0
0.584989,0.0
0.333381,1.0
0.585475,1.0
0.574313,0.0
0.343645,1.0
0.583965,1.0
0.586233,0.0
0.574398,0.0
0.329118,1.0
0.574068,0.0
0.35026,1.0
0.745742,1.0
0.585137,1.0
0.738615,1.0
0.348427,0.0
0.349362,0.0
0.734962,1.0
0.584955,1.0
0.58446,1.0
0.351808,0.0
0.738778,1.0
0.350267,0.0
0.739035,0.0
0.338906,0.0
0.346709,1.0
0.745484,1.0
0.333191,0.0
0.346566,0.0
0.332951,1.0
0.34786,0.0
0.73595,1.0
0.585775,1.0
0.733664,1.0
0.325023,0.0
0.575145,0.0
0.73751,1.0
0.585368,1.0
0.343107,1.0
0.735265,1.0
0.333191,0.0
0.535202,0.0
0.738384,1.0
0.574607,1.0
0.585328,1.0
0.332792,0.0
0.584465,1.0
0.57501,0.0
0.584468,1.0
0.574314,0.0
0.574317,0.0
0.354289,1.0
0.327156,0.0
0.745438,1.0
0.575172,0.0
0.574313,0.0
0.585923,1.0
0.730633,1.0
0.336005,0.0
0.583874,1.0
0.745078,1.0
0.741707,1.0
0.586559,1.0
0.583568,1.0
0.737398,0.0
0.745317,1.0
0.735238,1.0
0.737039,1.0
0.737334,1.0
0.584557,1.0
0.737911,1.0
0.58366,0.0
0.745262,0.0
0.736129,1.0
0.586198,1.0
0.745818,1.0
0.738074,1.0
0.585811,0.0
0.731832,0.0
0.354461,0.0
0.574421,0.0
0.585799,1.0
0.738925,1.0
0.737242,1.0
0.584498,1.0
0.574168,0.0
0.583953,1.0
0.745994,0.0
0.585735,1.0
0.574358,0.0
0.575001,0.0
0.737167,1.0
0.738727,1.0
0.735087,1.0
0.346356,0.0
0.353661,0.0
0.58386,1.0
0.761919,0.0
0.384299,0.0
0.660069,0.0
0.589861,1.0
0.38146,0.0
0.674025,0.0
0.402294,0.0
0.368261,0.0
0.661743,1.0
0.383057,0.0
0.369404,1.0
0.369573,0.0
0.676651,1.0
0.387094,0.0
0.690051,1.0
0.681763,1.0
0.402763,0.0
0.631203,1.0
0.702585,1.0
0.710117,1.0
0.59139,0.0
0.402123,0.0
0.38378,1.0
0.729371,1.0
0.626806,1.0
0.718564,1.0
0.605058,0.0
0.699567,1.0
0.700634,1.0
0.68707,0.0
0.687682,0.0
0.686994,1.0
0.674587,1.0
0.700396,1.0
0.597789,1.0
0.402463,0.0
0.638653,1.0
0.642577,1.0
0.385391,1.0
0.60306,1.0
0.385575,0.0
0.650896,1.0
0.590259,1.0
0.688076,0.0
0.68195,0.0
0.64825,1.0
0.396966,0.0
0.386174,0.0
0.684641,1.0
0.386512,0.0
0.365476,0.0
0.383179,1.0
0.368294,0.0
0.368279,0.0
0.757594,1.0
0.658014,0.0
0.63877,0.0
0.366015,1.0
0.3889,1.0
0.402778,0.0
0.573006,1.0
0.684687,1.0
0.3829,0.0
0.621554,1.0
0.606221,1.0
0.402133,0.0
0.399184,0.0
0.610648,1.0
0.6264,1.0
0.595643,1.0
0.615604,0.0
0.619804,0.0
0.383238,1.0
0.617613,0.0
0.369357,1.0
0.616736,0.0
0.611869,1.0
0.385946,0.0
0.656154,1.0
0.615676,1.0
0.386126,0.0
0.582582,0.0
0.726835,0.0
0.372543,0.0
0.40304,0.0
0.625233,1.0
0.608554,0.0
0.38223,0.0
0.384948,0.0
0.383067,0.0
0.638313,1.0
0.402406,0.0
0.368342,1.0
0.365566,0.0
0.605688,0.0
0.637933,1.0
0.634658,0.0
0.742339,0.0
0.717185,0.0
0.382697,1.0
0.762924,1.0
0.334702,1.0
0.73814,1.0
0.829001,1.0
0.329219,1.0
0.861794,1.0
0.340181,0.0
0.329171,0.0
0.878519,1.0
0.333739,0.0
0.401325,0.0
0.329523,0.0
0.865016,1.0
0.336583,1.0
0.850559,1.0
0.726394,1.0
0.340857,0.0
0.781571,1.0
0.840197,1.0
0.832631,1.0
0.817569,0.0
0.340686,1.0
0.411716,1.0
0.813134,1.0
0.787257,1.0
0.824099,1.0
0.79367,1.0
0.843949,1.0
0.839981,1.0
0.712113,1.0
0.850042,1.0
0.855617,1.0
0.86688,1.0
0.842242,1.0
0.81715,1.0
0.339969,0.0
0.772409,0.0
0.898409,1.0
0.414256,0.0
0.812986,1.0
0.33397,0.0
0.888797,1.0
0.827732,1.0
0.849679,0.0
0.814199,1.0
0.763099,1.0
0.342336,0.0
0.334341,0.0
0.858892,1.0
0.335157,1.0
0.327384,1.0
0.411175,0.0
0.329184,0.0
0.329175,0.0
0.781371,0.0
0.878933,1.0
0.764318,1.0
0.403673,0.0
0.417209,0.0
0.339969,0.0
0.845688,1.0
0.858622,1.0
0.333724,1.0
0.792571,1.0
0.807223,1.0
0.338666,1.0
0.340283,1.0
0.805975,0.0
0.786904,1.0
0.81787,1.0
0.790919,0.0
0.782302,1.0
0.411128,1.0
0.788597,1.0
0.403572,1.0
0.788584,1.0
0.798655,0.0
0.3333,0.0
0.753921,1.0
0.800065,1.0
0.331201,0.0
0.822933,0.0
0.809736,0.0
0.330474,1.0
0.340267,1.0
0.788443,1.0
0.797442,1.0
0.33277,1.0
0.335635,1.0
0.333754,1.0
0.775253,1.0
0.339985,1.0
0.405893,1.0
0.327429,0.0
0.799148,1.0
0.773453,1.0
0.752135,0.0
0.795321,0.0
0.819569,1.0
0.411379,1.0
0.756775,0.0
0.357615,0.0
0.656795,0.0
0.593034,1.0
0.352328,0.0
0.674047,0.0
0.284913,0.0
0.288986,0.0
0.667405,0.0
0.285524,0.0
0.359249,0.0
0.288941,0.0
0.679267,1.0
0.358845,0.0
0.692999,1.0
0.684843,1.0
0.285348,0.0
0.632162,1.0
0.700073,1.0
0.707054,0.0
0.586221,0.0
0.353517,1.0
0.443964,1.0
0.725357,1.0
0.627781,1.0
0.714973,0.0
0.601132,0.0
0.696173,1.0
0.702792,1.0
0.685459,1.0
0.682044,1.0
0.685987,1.0
0.677566,1.0
0.698032,1.0
0.60058,0.0
0.284669,0.0
0.633229,1.0
0.647963,1.0
0.368878,0.0
0.605248,1.0
0.284941,1.0
0.658271,1.0
0.593488,1.0
0.678815,1.0
0.689934,1.0
0.649087,1.0
0.288696,0.0
0.285077,0.0
0.682624,1.0
0.353237,0.0
0.355312,0.0
0.360579,1.0
0.288989,0.0
0.288985,0.0
0.754725,1.0
0.657425,0.0
0.636593,1.0
0.363098,1.0
0.371195,1.0
0.284564,0.0
0.578351,1.0
0.682835,0.0
0.352931,0.0
0.62397,1.0
0.609525,1.0
0.351287,0.0
0.354191,1.0
0.602604,1.0
0.62872,1.0
0.598809,0.0
0.607552,1.0
0.617409,0.0
0.443422,0.0
0.6149,1.0
0.443795,0.0
0.610966,0.0
0.608473,1.0
0.284245,0.0
0.65846,1.0
0.616972,0.0
0.28565,0.0
0.575409,0.0
0.714723,0.0
0.356648,0.0
0.352703,0.0
0.62632,1.0
0.606568,1.0
0.35212,0.0
0.358458,0.0
0.352906,0.0
0.63532,1.0
0.352633,0.0
0.447159,0.0
0.288164,1.0
0.604102,0.0
0.638926,0.0
0.629588,0.0
0.728115,1.0
0.710203,0.0
0.44393,0.0
0.541056,1.0
0.60738,0.0
0.598383,0.0
0.572917,0.0
0.608161,1.0
0.511233,1.0
0.621779,0.0
0.620315,0.0
0.508863,0.0
0.621341,1.0
0.611291,0.0
0.62034,0.0
0.508273,1.0
0.607225,0.0
0.514069,1.0
0.597393,0.0
0.621737,0.0
0.584142,0.0
0.516847,1.0
0.524907,1.0
0.578633,0.0
0.593997,1.0
0.576842,1.0
0.526279,0.0
0.582708,0.0
0.527796,1.0
0.581427,0.0
0.515331,1.0
0.517962,1.0
0.59728,0.0
0.508945,1.0
0.511135,1.0
0.50759,0.0
0.516048,1.0
0.580693,1.0
0.621812,1.0
0.589829,1.0
0.493734,0.0
0.610028,0.0
0.575617,1.0
0.609001,1.0
0.498803,0.0
0.572705,0.0
0.51012,0.0
0.514153,0.0
0.590346,1.0
0.621198,0.0
0.621452,1.0
0.509718,1.0
0.608532,1.0
0.607482,1.0
0.597184,0.0
0.620315,1.0
0.620315,1.0
0.538054,0.0
0.503711,1.0
0.585284,1.0
0.595809,1.0
0.594681,0.0
0.62183,1.0
0.56687,1.0
0.51548,0.0
0.608519,1.0
0.582063,1.0
0.577282,1.0
0.609081,0.0
0.593824,0.0
0.579323,1.0
0.583236,0.0
0.580482,1.0
0.580359,1.0
0.584848,1.0
0.593921,1.0
0.578962,1.0
0.592959,0.0
0.582883,0.0
0.580764,0.0
0.621548,0.0
0.591766,0.0
0.585549,1.0
0.621027,1.0
0.575507,0.0
0.529468,0.0
0.607368,0.0
0.608898,0.0
0.581944,1.0
0.576338,0.0
0.608625,1.0
0.607258,0.0
0.608525,0.0
0.58539,0.0
0.608898,0.0
0.592201,0.0
0.607731,1.0
0.580382,1.0
0.591564,0.0
0.591779,1.0
0.529129,0.0
0.52565,0.0
0.593813,1.0
0.684611,0.0
0.636083,0.0
0.620587,1.0
0.614828,1.0
0.638074,1.0
0.676583,0.0
0.667071,1.0
0.664109,1.0
0.676793,1.0
0.666037,1.0
0.647547,1.0
0.664164,1.0
0.681035,1.0
0.635768,1.0
0.683493,1.0
0.621765,1.0
0.66701,1.0
0.61779,1.0
0.684733,1.0
0.683057,1.0
0.612764,1.0
0.59578,1.0
0.546374,1.0
0.68966,1.0
0.617168,1.0
0.684298,1.0
0.611878,1.0
0.684098,1.0
0.685243,1.0
0.621938,0.0
0.681205,1.0
0.682241,0.0
0.681907,1.0
0.684436,1.0
0.611223,1.0
0.667079,1.0
0.621214,1.0
0.675275,1.0
0.645199,1.0
0.613448,1.0
0.633766,0.0
0.677723,1.0
0.614325,1.0
0.683794,1.0
0.675007,1.0
0.619618,1.0
0.666055,1.0
0.666259,1.0
0.681613,1.0
0.638902,1.0
0.636537,1.0
0.605287,1.0
0.664107,1.0
0.664107,1.0
0.693275,1.0
0.672987,1.0
0.617234,1.0
0.602664,1.0
0.598897,1.0
0.667113,1.0
0.611004,1.0
0.680034,1.0
0.638833,1.0
0.615987,0.0
0.613977,0.0
0.639974,0.0
0.594302,1.0
0.616579,1.0
0.617361,0.0
0.61112,1.0
0.617028,1.0
0.612464,1.0
0.600786,1.0
0.615172,1.0
0.596887,1.0
0.612534,0.0
0.61758,1.0
0.666449,1.0
0.620508,1.0
0.613125,1.0
0.665446,1.0
0.610727,1.0
0.686803,0.0
0.63597,1.0
0.639594,0.0
0.61558,0.0
0.615096,1.0
0.639051,1.0
0.635822,0.0
0.638543,1.0
0.61828,1.0
0.639583,1.0
0.594431,0.0
0.63098,1.0
0.610471,1.0
0.616348,1.0
0.616132,0.0
0.691244,1.0
0.684538,0.0
0.600415,1.0
0.366425,0.0
0.578283,0.0
0.73508,0.0
0.732847,1.0
0.579212,1.0
0.346131,1.0
0.579219,1.0
0.579059,0.0
0.327042,1.0
0.579168,1.0
0.579686,1.0
0.579063,0.0
0.329625,0.0
0.579208,0.0
0.332012,1.0
0.738495,0.0
0.579224,1.0
0.736772,1.0
0.332813,0.0
0.33292,1.0
0.731175,1.0
0.579285,0.0
0.579836,1.0
0.336493,1.0
0.736647,1.0
0.3342,0.0
0.730291,1.0
0.332331,1.0
0.33327,1.0
0.744453,1.0
0.329799,0.0
0.347823,0.0
0.329197,1.0
0.332448,0.0
0.732949,1.0
0.579223,0.0
0.735632,0.0
0.325581,0.0
0.579783,0.0
0.73522,1.0
0.577804,1.0
0.326798,1.0
0.733189,1.0
0.330037,0.0
0.357829,0.0
0.737162,0.0
0.579225,0.0
0.579175,1.0
0.33027,0.0
0.579357,0.0
0.579145,0.0
0.57874,1.0
0.57906,0.0
0.57906,0.0
0.344012,0.0
0.325738,0.0
0.736962,1.0
0.578962,0.0
0.578471,0.0
0.579223,1.0
0.731525,1.0
0.328896,0.0
0.579341,1.0
0.744199,0.0
0.74304,1.0
0.578432,1.0
0.57841,1.0
0.734382,1.0
0.744211,1.0
0.732361,1.0
0.734708,1.0
0.734091,1.0
0.579849,1.0
0.735241,1.0
0.579193,1.0
0.741106,0.0
0.734477,1.0
0.579163,1.0
0.737842,1.0
0.73515,1.0
0.5791,1.0
0.727992,0.0
0.350865,0.0
0.579144,0.0
0.578448,1.0
0.744314,1.0
0.734086,1.0
0.579335,1.0
0.578289,0.0
0.579316,0.0
0.73673,0.0
0.579401,1.0
0.578682,1.0
0.578355,0.0
0.733117,1.0
0.736171,0.0
0.740157,0.0
0.338458,1.0
0.348781,0.0
0.579841,1.0
0.525809,0.0
0.534634,0.0
0.532928,0.0
0.534891,0.0
0.532089,0.0
0.530565,1.0
0.530649,0.0
0.531791,0.0
0.533111,1.0
0.530902,0.0
0.53121,0.0
0.531787,1.0
0.536041,1.0
0.533015,0.0
0.530025,0.0
0.527754,0.0
0.53065,1.0
0.529121,0.0
0.534248,0.0
0.529106,0.0
0.534767,1.0
0.537159,0.0
0.5401,1.0
0.526328,1.0
0.529699,0.0
0.533352,0.0
0.532693,0.0
0.529691,0.0
0.528947,1.0
0.519532,0.0
0.535924,0.0
0.533662,1.0
0.531656,0.0
0.534421,0.0
0.533524,0.0
0.53183,0.0
0.533811,1.0
0.538397,0.0
0.532266,1.0
0.532282,0.0
0.534517,0.0
0.533478,1.0
0.534478,1.0
0.535471,0.0
0.531313,0.0
0.532725,0.0
0.531646,1.0
0.530891,0.0
0.535766,0.0
0.533179,0.0
0.533364,1.0
0.533927,0.0
0.532028,1.0
0.532028,1.0
0.527408,1.0
0.538192,0.0
0.528756,0.0
0.536345,0.0
0.535987,1.0
0.530838,1.0
0.535857,0.0
0.536201,0.0
0.532027,1.0
0.533079,0.0
0.529504,1.0
0.533064,0.0
0.534881,1.0
0.532154,1.0
0.527382,1.0
0.533637,1.0
0.531698,1.0
0.531004,1.0
0.533477,1.0
0.531541,0.0
0.533391,1.0
0.534329,1.0
0.530766,0.0
0.530693,0.0
0.526014,0.0
0.531871,0.0
0.530942,0.0
0.538775,0.0
0.530439,0.0
0.533032,1.0
0.533075,1.0
0.527202,1.0
0.532458,0.0
0.532021,1.0
0.534645,1.0
0.53287,1.0
0.533753,1.0
0.531691,0.0
0.5351,1.0
0.534665,0.0
0.532449,0.0
0.533702,1.0
0.529899,1.0
0.524852,1.0
0.532031,0.0
0.533498,1.0
0.346319,0.0
0.574593,1.0
0.730099,0.0
0.73017,1.0
0.581925,0.0
0.327548,0.0
0.580979,0.0
0.574518,0.0
0.325098,1.0
0.581142,1.0
0.581369,1.0
0.576836,0.0
0.32189,0.0
0.5746,0.0
0.336721,1.0
0.734936,1.0
0.58348,1.0
0.734871,1.0
0.332353,0.0
0.337302,0.0
0.721816,1.0
0.572909,0.0
0.595235,0.0
0.332072,0.0
0.734603,1.0
0.333156,0.0
0.727781,0.0
0.336941,1.0
0.329009,1.0
0.738106,0.0
0.330742,0.0
0.32462,0.0
0.335169,0.0
0.332131,0.0
0.730026,1.0
0.574487,1.0
0.724093,0.0
0.329382,0.0
0.577099,1.0
0.732364,1.0
0.584013,1.0
0.325016,1.0
0.723572,1.0
0.331048,1.0
0.342867,1.0
0.732029,1.0
0.576877,0.0
0.581135,1.0
0.331006,0.0
0.574515,0.0
0.576751,0.0
0.583255,1.0
0.576759,0.0
0.576759,0.0
0.333107,0.0
0.329057,0.0
0.734991,1.0
0.573383,0.0
0.575904,1.0
0.58361,1.0
0.728321,0.0
0.3305,1.0
0.584408,0.0
0.732584,1.0
0.728819,1.0
0.582878,1.0
0.586632,0.0
0.725551,0.0
0.730628,1.0
0.722928,1.0
0.726031,1.0
0.725483,1.0
0.585385,1.0
0.732738,1.0
0.585291,0.0
0.722909,0.0
0.732294,1.0
0.581002,1.0
0.736619,1.0
0.732561,1.0
0.581162,1.0
0.720416,0.0
0.337026,0.0
0.576887,0.0
0.585414,1.0
0.73063,1.0
0.731555,1.0
0.584403,1.0
0.576885,0.0
0.576933,0.0
0.724609,0.0
0.581665,1.0
0.586728,0.0
0.573731,0.0
0.730251,1.0
0.724021,0.0
0.724917,1.0
0.333867,0.0
0.334882,0.0
0.585398,0.0
0.342645,1.0
0.593448,1.0
0.726422,0.0
0.74378,1.0
0.560088,0.0
0.354294,1.0
0.56015,1.0
0.558161,0.0
0.382238,1.0
0.595291,1.0
0.595322,1.0
0.557669,0.0
0.35763,1.0
0.55801,1.0
0.379724,1.0
0.749571,1.0
0.59587,1.0
0.747724,1.0
0.354585,0.0
0.352084,1.0
0.743005,1.0
0.55547,1.0
0.559662,1.0
0.347018,0.0
0.747418,1.0
0.352903,1.0
0.727181,1.0
0.379361,1.0
0.378046,1.0
0.728626,1.0
0.357842,0.0
0.353218,1.0
0.35641,0.0
0.354927,1.0
0.744591,1.0
0.59247,1.0
0.72568,1.0
0.36243,1.0
0.593216,1.0
0.745749,1.0
0.59768,1.0
0.382615,1.0
0.743588,1.0
0.381443,0.0
0.386552,1.0
0.746579,1.0
0.557738,0.0
0.595284,1.0
0.357516,1.0
0.557864,1.0
0.557241,0.0
0.597165,1.0
0.557519,0.0
0.557519,0.0
0.341249,0.0
0.362004,0.0
0.747873,1.0
0.556125,1.0
0.59451,0.0
0.596034,1.0
0.726046,0.0
0.382266,0.0
0.559773,1.0
0.746813,1.0
0.747226,0.0
0.596568,1.0
0.559273,1.0
0.726284,1.0
0.748526,1.0
0.74392,1.0
0.745225,0.0
0.745614,1.0
0.597439,1.0
0.746053,1.0
0.5599,0.0
0.726894,1.0
0.746361,1.0
0.595129,1.0
0.749488,1.0
0.745826,1.0
0.595317,1.0
0.725529,0.0
0.347811,0.0
0.557469,0.0
0.597425,1.0
0.748614,1.0
0.745428,1.0
0.596697,1.0
0.557029,0.0
0.557544,1.0
0.72683,0.0
0.595624,1.0
0.560045,0.0
0.556783,0.0
0.745269,1.0
0.726797,1.0
0.746821,0.0
0.344559,1.0
0.350514,0.0
0.559896,1.0
0.36608,0.0
0.602206,0.0
0.717654,1.0
0.749944,1.0
0.552903,0.0
0.360352,1.0
0.59008,0.0
0.55205,0.0
0.363844,1.0
0.602406,1.0
0.602309,0.0
0.551096,0.0
0.359928,0.0
0.589188,0.0
0.364969,0.0
0.753418,1.0
0.603179,1.0
0.752814,1.0
0.317808,0.0
0.360693,0.0
0.748738,1.0
0.589266,1.0
0.591431,0.0
0.322316,0.0
0.752704,1.0
0.36036,0.0
0.744088,1.0
0.365019,0.0
0.365102,1.0
0.751633,1.0
0.31626,0.0
0.360398,1.0
0.317274,1.0
0.360184,1.0
0.749783,1.0
0.601282,1.0
0.747313,1.0
0.360353,0.0
0.602146,0.0
0.751379,1.0
0.604177,1.0
0.363936,0.0
0.749993,1.0
0.321222,0.0
0.369889,1.0
0.751846,0.0
0.55117,1.0
0.602401,1.0
0.360118,0.0
0.589198,0.0
0.550578,0.0
0.603849,1.0
0.550927,0.0
0.550927,0.0
0.326477,0.0
0.314587,0.0
0.752819,1.0
0.589301,0.0
0.56291,0.0
0.603337,1.0
0.713164,1.0
0.320513,1.0
0.590435,1.0
0.752408,1.0
0.724731,0.0
0.603204,1.0
0.590913,1.0
0.747353,1.0
0.753658,1.0
0.749207,1.0
0.722269,0.0
0.750565,1.0
0.604271,1.0
0.751516,1.0
0.551966,0.0
0.746319,1.0
0.75093,1.0
0.602257,1.0
0.753536,1.0
0.751445,0.0
0.602431,1.0
0.707778,0.0
0.322291,0.0
0.550836,0.0
0.604263,1.0
0.753652,1.0
0.750769,1.0
0.603807,1.0
0.550288,0.0
0.589239,1.0
0.717587,0.0
0.602556,1.0
0.551854,0.0
0.550641,0.0
0.749949,1.0
0.747262,0.0
0.723116,0.0
0.36253,1.0
0.320171,1.0
0.590673,1.0
0.658466,0.0
0.574094,0.0
0.600006,1.0
0.590624,1.0
0.596449,1.0
0.654128,0.0
0.584015,0.0
0.597143,1.0
0.653276,1.0
0.564191,0.0
0.57707,0.0
0.594497,0.0
0.649241,1.0
0.582902,1.0
0.654562,1.0
0.593463,0.0
0.5618,0.0
0.591735,0.0
0.659974,0.0
0.653579,1.0
0.590209,1.0
0.563731,0.0
0.544322,1.0
0.663303,0.0
0.591379,0.0
0.652848,1.0
0.587982,0.0
0.654918,1.0
0.657832,1.0
0.593879,0.0
0.658099,1.0
0.654561,0.0
0.661658,1.0
0.653964,1.0
0.589939,1.0
0.564193,0.0
0.592185,1.0
0.646418,1.0
0.573952,0.0
0.590044,0.0
0.560356,0.0
0.650478,0.0
0.590188,1.0
0.660425,1.0
0.654582,1.0
0.589004,1.0
0.584766,1.0
0.564202,1.0
0.649853,1.0
0.582475,0.0
0.592825,1.0
0.560951,1.0
0.594023,1.0
0.594023,0.0
0.664803,0.0
0.65543,1.0
0.592166,1.0
0.577184,1.0
0.582224,0.0
0.561389,1.0
0.595374,1.0
0.662128,1.0
0.568211,1.0
0.591527,0.0
0.594465,0.0
0.562853,0.0
0.563117,0.0
0.590375,1.0
0.592513,0.0
0.589871,1.0
0.595436,1.0
0.590234,1.0
0.559619,1.0
0.59106,1.0
0.593154,1.0
0.588114,0.0
0.591817,1.0
0.564565,0.0
0.593384,1.0
0.586947,1.0
0.564128,0.0
0.589382,1.0
0.663245,1.0
0.593535,0.0
0.559654,0.0
0.592082,1.0
0.590392,1.0
0.560451,1.0
0.591698,0.0
0.568482,1.0
0.592713,1.0
0.564108,1.0
0.592074,1.0
0.593085,1.0
0.589182,1.0
0.584821,1.0
0.594288,0.0
0.65962,1.0
0.664652,1.0
0.567391,1.0
0.347465,0.0
0.575482,0.0
0.732856,0.0
0.73251,1.0
0.567522,0.0
0.346925,0.0
0.57342,0.0
0.567032,0.0
0.327214,1.0
0.592248,1.0
0.57565,0.0
0.567399,0.0
0.322013,0.0
0.572303,0.0
0.324812,1.0
0.745816,1.0
0.592809,1.0
0.744526,1.0
0.342627,0.0
0.323938,0.0
0.731529,1.0
0.592061,0.0
0.569116,0.0
0.344907,0.0
0.744299,1.0
0.323443,0.0
0.736896,1.0
0.325022,1.0
0.330673,1.0
0.746031,1.0
0.322805,1.0
0.347056,1.0
0.328611,1.0
0.327534,1.0
0.732779,1.0
0.592432,1.0
0.731645,1.0
0.321446,1.0
0.575425,0.0
0.742614,1.0
0.592691,1.0
0.342631,0.0
0.732603,1.0
0.324291,0.0
0.332126,1.0
0.731233,1.0
0.584269,1.0
0.592798,1.0
0.322274,1.0
0.573076,1.0
0.565994,0.0
0.593235,1.0
0.56623,1.0
0.567313,0.0
0.34736,0.0
0.321417,0.0
0.736837,1.0
0.571877,0.0
0.569137,0.0
0.59347,1.0
0.730545,1.0
0.328757,1.0
0.591647,0.0
0.743814,1.0
0.741376,0.0
0.592356,1.0
0.591987,1.0
0.731434,0.0
0.745589,1.0
0.732217,1.0
0.731417,1.0
0.734168,1.0
0.593673,1.0
0.734827,1.0
0.566868,0.0
0.738862,1.0
0.734622,1.0
0.592188,1.0
0.738331,1.0
0.730195,1.0
0.592257,1.0
0.721235,0.0
0.327764,0.0
0.567273,0.0
0.593068,1.0
0.738016,1.0
0.733922,1.0
0.593599,1.0
0.566998,0.0
0.591761,1.0
0.728926,0.0
0.592774,1.0
0.566854,1.0
0.566176,0.0
0.733242,1.0
0.726544,1.0
0.739341,1.0
0.332907,1.0
0.331539,1.0
0.591733,1.0
0.35132,1.0
0.556282,0.0
0.726009,1.0
0.741759,1.0
0.552926,1.0
0.36017,1.0
0.554947,1.0
0.552484,1.0
0.384407,1.0
0.602269,1.0
0.556703,1.0
0.551181,1.0
0.365609,0.0
0.555148,0.0
0.383196,1.0
0.749567,1.0
0.602554,1.0
0.747386,1.0
0.358634,0.0
0.361671,0.0
0.741723,1.0
0.561064,1.0
0.550366,1.0
0.353276,1.0
0.747051,1.0
0.362446,1.0
0.743826,1.0
0.382955,0.0
0.381438,1.0
0.750882,1.0
0.384036,0.0
0.38345,0.0
0.38238,0.0
0.383933,1.0
0.742716,1.0
0.602476,1.0
0.741726,1.0
0.387233,0.0
0.55613,0.0
0.74554,1.0
0.602377,1.0
0.363392,0.0
0.741974,1.0
0.360008,0.0
0.384393,1.0
0.742406,1.0
0.5977,1.0
0.599115,1.0
0.385755,0.0
0.596218,0.0
0.551484,0.0
0.599237,1.0
0.591941,0.0
0.551076,0.0
0.348726,0.0
0.364627,0.0
0.745508,1.0
0.554485,1.0
0.552213,0.0
0.599406,0.0
0.741515,1.0
0.382176,1.0
0.561225,1.0
0.74645,1.0
0.728118,1.0
0.602264,1.0
0.603136,1.0
0.72578,1.0
0.74851,1.0
0.74256,1.0
0.743092,1.0
0.744141,1.0
0.599443,1.0
0.743812,1.0
0.552302,0.0
0.743921,1.0
0.744319,1.0
0.602245,1.0
0.747187,1.0
0.741762,1.0
0.602273,1.0
0.725,1.0
0.35543,0.0
0.551017,1.0
0.602614,1.0
0.746602,1.0
0.743346,1.0
0.599439,1.0
0.550673,0.0
0.599628,1.0
0.72582,0.0
0.599091,1.0
0.592126,1.0
0.551675,0.0
0.743479,1.0
0.74047,1.0
0.747259,1.0
0.379629,0.0
0.380008,0.0
0.599491,1.0
0.851285,0.0
0.408388,1.0
0.837471,1.0
0.85618,1.0
0.427372,1.0
0.886598,1.0
0.428493,0.0
0.428933,0.0
0.89639,1.0
0.424947,0.0
0.421887,0.0
0.439899,0.0
0.904252,1.0
0.406922,1.0
0.89042,1.0
0.778329,1.0
0.425366,0.0
0.80924,1.0
0.872732,1.0
0.891333,1.0
0.856795,1.0
0.426007,1.0
0.445633,1.0
0.861354,1.0
0.81363,1.0
0.90293,1.0
0.841891,0.0
0.879324,1.0
0.876551,1.0
0.75501,1.0
0.887138,1.0
0.866741,1.0
0.873853,1.0
0.893613,1.0
0.851996,0.0
0.426311,0.0
0.849376,1.0
0.905274,1.0
0.409189,1.0
0.829903,1.0
0.423969,0.0
0.889777,1.0
0.856159,1.0
0.885538,1.0
0.885703,1.0
0.848717,1.0
0.433683,0.0
0.41596,1.0
0.897092,1.0
0.423971,0.0
0.418251,1.0
0.415264,0.0
0.425638,0.0
0.425353,1.0
0.830867,1.0
0.901361,0.0
0.825201,1.0
0.425718,0.0
0.42195,1.0
0.399489,0.0
0.854938,1.0
0.882464,1.0
0.413482,1.0
0.817668,1.0
0.824141,1.0
0.424346,1.0
0.433695,1.0
0.868613,1.0
0.795463,1.0
0.852631,1.0
0.835974,1.0
0.841491,0.0
0.415737,1.0
0.84191,1.0
0.414986,0.0
0.843606,1.0
0.834302,1.0
0.424976,1.0
0.803993,1.0
0.859376,1.0
0.42494,0.0
0.879787,1.0
0.867857,0.0
0.440664,1.0
0.424765,1.0
0.816253,1.0
0.846927,1.0
0.416077,1.0
0.427262,0.0
0.42499,0.0
0.848603,1.0
0.415767,1.0
0.439864,0.0
0.417415,1.0
0.849502,1.0
0.869474,1.0
0.789022,0.0
0.852967,0.0
0.856592,1.0
0.423397,1.0
0.563273,1.0
0.582939,1.0
0.623209,1.0
0.624729,0.0
0.581635,1.0
0.566151,1.0
0.598455,1.0
0.597908,0.0
0.56761,0.0
0.601522,1.0
0.59959,0.0
0.596317,0.0
0.570595,1.0
0.582741,1.0
0.566629,1.0
0.613853,1.0
0.601498,1.0
0.617573,0.0
0.565064,1.0
0.568425,1.0
0.623788,1.0
0.582976,1.0
0.578289,1.0
0.561687,1.0
0.618103,0.0
0.568779,1.0
0.622091,0.0
0.566088,1.0
0.564234,1.0
0.610228,0.0
0.567502,1.0
0.563666,0.0
0.565049,1.0
0.567159,1.0
0.625233,1.0
0.601352,1.0
0.624817,1.0
0.570637,1.0
0.582776,1.0
0.619795,1.0
0.60168,1.0
0.568149,0.0
0.624079,0.0
0.567404,1.0
0.565291,0.0
0.623547,1.0
0.599706,1.0
0.586295,0.0
0.56926,1.0
0.598739,1.0
0.58007,1.0
0.602477,0.0
0.597718,1.0
0.578893,1.0
0.556506,0.0
0.573276,1.0
0.619657,0.0
0.59862,1.0
0.579785,0.0
0.602942,0.0
0.6238,0.0
0.565264,0.0
0.584816,1.0
0.619332,1.0
0.620001,1.0
0.585377,1.0
0.583932,1.0
0.625351,1.0
0.61633,0.0
0.62203,1.0
0.622705,1.0
0.622801,1.0
0.586373,1.0
0.62158,1.0
0.597691,0.0
0.620172,0.0
0.620234,0.0
0.585269,0.0
0.617658,1.0
0.623392,1.0
0.601524,0.0
0.623761,1.0
0.567668,0.0
0.579345,1.0
0.585354,1.0
0.618134,1.0
0.621641,1.0
0.586317,1.0
0.595669,0.0
0.601149,0.0
0.62391,0.0
0.586324,0.0
0.598319,0.0
0.580259,1.0
0.620093,1.0
0.623437,0.0
0.616569,1.0
0.564601,0.0
0.561642,1.0
0.585128,1.0
0.854622,0.0
0.444654,1.0
0.843403,1.0
0.85553,1.0
0.452725,1.0
0.888306,1.0
0.345338,0.0
0.346453,0.0
0.894199,0.0
0.329283,0.0
0.338337,1.0
0.348977,0.0
0.89526,1.0
0.447735,1.0
0.890037,1.0
0.787645,1.0
0.32909,1.0
0.814832,1.0
0.869056,1.0
0.884902,1.0
0.857493,0.0
0.439727,0.0
0.467823,1.0
0.867441,1.0
0.81883,1.0
0.901178,1.0
0.838473,0.0
0.873143,1.0
0.878569,1.0
0.76253,1.0
0.879859,1.0
0.861031,1.0
0.868356,1.0
0.892569,1.0
0.849277,1.0
0.329453,0.0
0.851409,1.0
0.894826,1.0
0.445372,1.0
0.835084,1.0
0.328816,0.0
0.882751,1.0
0.855464,1.0
0.880154,0.0
0.885739,1.0
0.850978,1.0
0.337103,0.0
0.41983,0.0
0.888151,1.0
0.34092,0.0
0.461483,1.0
0.3263,1.0
0.347243,0.0
0.464963,0.0
0.830603,1.0
0.889543,0.0
0.829355,1.0
0.346881,0.0
0.456011,1.0
0.327543,0.0
0.85451,1.0
0.882946,1.0
0.434459,0.0
0.824342,1.0
0.832293,1.0
0.424657,1.0
0.42936,0.0
0.867954,1.0
0.801998,1.0
0.854038,1.0
0.840491,1.0
0.840323,0.0
0.423353,0.0
0.845427,1.0
0.348556,1.0
0.844754,1.0
0.837118,1.0
0.420993,0.0
0.812166,1.0
0.8596,1.0
0.325814,0.0
0.875434,1.0
0.860458,0.0
0.461714,1.0
0.424405,0.0
0.823274,1.0
0.84952,1.0
0.423589,1.0
0.352593,0.0
0.328976,0.0
0.842685,1.0
0.419736,1.0
0.339936,0.0
0.460511,0.0
0.851512,0.0
0.865622,0.0
0.792978,1.0
0.844592,0.0
0.852906,1.0
0.428303,1.0
0.565192,1.0
0.577696,1.0
0.624356,1.0
0.625371,1.0
0.577458,1.0
0.567226,1.0
0.612052,0.0
0.612129,1.0
0.571203,0.0
0.614382,1.0
0.599033,0.0
0.612005,0.0
0.568206,1.0
0.576973,0.0
0.567472,1.0
0.617102,0.0
0.600611,0.0
0.619767,0.0
0.5643,1.0
0.566723,1.0
0.627331,0.0
0.597103,1.0
0.57442,1.0
0.564048,1.0
0.620172,0.0
0.569018,1.0
0.62251,1.0
0.564946,1.0
0.565787,1.0
0.613912,0.0
0.565966,1.0
0.56318,1.0
0.564184,0.0
0.567833,1.0
0.622585,1.0
0.61439,1.0
0.625644,1.0
0.568142,1.0
0.57754,1.0
0.621431,1.0
0.61442,1.0
0.566593,0.0
0.624711,0.0
0.569106,1.0
0.566686,0.0
0.624463,1.0
0.613541,1.0
0.600767,0.0
0.567197,1.0
0.612101,0.0
0.573842,1.0
0.601075,0.0
0.61121,1.0
0.590325,1.0
0.557714,1.0
0.570391,1.0
0.62134,0.0
0.611778,1.0
0.574407,1.0
0.613806,0.0
0.624459,0.0
0.566614,0.0
0.597883,1.0
0.621374,0.0
0.62179,1.0
0.583693,1.0
0.599571,0.0
0.625531,1.0
0.618965,0.0
0.6228,1.0
0.624064,0.0
0.623453,1.0
0.600226,1.0
0.622792,1.0
0.596311,0.0
0.621117,0.0
0.621498,0.0
0.60079,1.0
0.62015,0.0
0.623974,1.0
0.61509,1.0
0.62344,0.0
0.566329,0.0
0.575697,0.0
0.600246,0.0
0.620242,0.0
0.622658,0.0
0.583713,1.0
0.610421,0.0
0.614671,0.0
0.623245,0.0
0.584341,0.0
0.613549,0.0
0.591272,0.0
0.624035,1.0
0.626394,1.0
0.614831,1.0
0.563723,0.0
0.561612,1.0
0.582926,1.0
0.509027,0.0
0.541243,0.0
0.499248,1.0
0.496044,0.0
0.541869,0.0
0.50413,0.0
0.531845,0.0
0.532784,0.0
0.506058,0.0
0.532284,1.0
0.534704,1.0
0.531718,1.0
0.503158,1.0
0.540602,0.0
0.503895,0.0
0.506237,1.0
0.534424,1.0
0.502321,0.0
0.506449,1.0
0.504447,1.0
0.498316,1.0
0.537998,0.0
0.542689,1.0
0.506666,1.0
0.501764,1.0
0.50248,0.0
0.499364,1.0
0.50594,0.0
0.505332,1.0
0.509424,0.0
0.505046,1.0
0.507587,1.0
0.508423,0.0
0.503582,0.0
0.496748,0.0
0.53228,0.0
0.497763,1.0
0.503221,0.0
0.541277,1.0
0.498136,0.0
0.532273,0.0
0.50681,1.0
0.49745,1.0
0.505622,1.0
0.506092,1.0
0.497023,0.0
0.532517,1.0
0.535226,0.0
0.504056,1.0
0.531806,0.0
0.541892,1.0
0.534189,0.0
0.53315,0.0
0.540405,0.0
0.511343,0.0
0.50454,1.0
0.500524,1.0
0.533014,0.0
0.541348,1.0
0.53123,1.0
0.497656,0.0
0.506754,0.0
0.537751,1.0
0.501514,0.0
0.499169,1.0
0.540294,0.0
0.535974,1.0
0.494832,0.0
0.504211,0.0
0.495955,1.0
0.50025,1.0
0.498629,0.0
0.536901,1.0
0.497013,0.0
0.535307,1.0
0.498393,1.0
0.499812,0.0
0.536285,0.0
0.503135,0.0
0.495097,0.0
0.53199,0.0
0.495479,0.0
0.510135,1.0
0.541595,1.0
0.535757,1.0
0.501168,0.0
0.497912,1.0
0.540261,1.0
0.532134,1.0
0.531025,1.0
0.499542,1.0
0.538826,1.0
0.531313,1.0
0.539057,0.0
0.496566,1.0
0.495345,1.0
0.504614,1.0
0.512152,1.0
0.508477,0.0
0.540514,0.0
0.533665,1.0
0.542253,0.0
0.543471,1.0
0.540606,1.0
0.542556,1.0
0.536766,1.0
0.532929,0.0
0.53314,0.0
0.536798,1.0
0.533034,1.0
0.536819,1.0
0.532892,1.0
0.541351,1.0
0.541792,0.0
0.53688,0.0
0.538492,0.0
0.536604,1.0
0.536452,0.0
0.539922,1.0
0.540812,1.0
0.54307,1.0
0.535856,1.0
0.54389,1.0
0.539851,1.0
0.540494,1.0
0.537605,0.0
0.539936,1.0
0.535665,1.0
0.540492,1.0
0.531836,0.0
0.540533,0.0
0.539417,1.0
0.535334,0.0
0.537049,1.0
0.539042,1.0
0.532921,1.0
0.544287,1.0
0.537173,0.0
0.542811,1.0
0.538081,0.0
0.532926,1.0
0.540725,1.0
0.543494,1.0
0.540245,0.0
0.540759,1.0
0.540125,1.0
0.533109,1.0
0.534483,1.0
0.540984,1.0
0.532989,0.0
0.543584,0.0
0.536225,0.0
0.533444,0.0
0.538026,0.0
0.532112,1.0
0.540718,1.0
0.541275,1.0
0.533299,0.0
0.543014,1.0
0.532834,0.0
0.539996,1.0
0.536392,0.0
0.535919,1.0
0.537606,0.0
0.541802,1.0
0.540728,0.0
0.534888,1.0
0.541104,0.0
0.535649,1.0
0.542531,1.0
0.543119,1.0
0.537263,0.0
0.535342,1.0
0.539075,0.0
0.537403,1.0
0.541239,1.0
0.538049,1.0
0.53481,0.0
0.536634,0.0
0.54004,0.0
0.532749,0.0
0.540221,0.0
0.538977,0.0
0.542845,1.0
0.534832,0.0
0.536976,1.0
0.542265,1.0
0.541107,1.0
0.53325,1.0
0.532592,1.0
0.542569,1.0
0.540027,1.0
0.532667,0.0
0.537254,1.0
0.541078,1.0
0.542663,1.0
0.537334,1.0
0.537893,0.0
0.534081,0.0
0.540959,0.0
0.883111,1.0
0.476817,1.0
0.867749,1.0
0.876341,1.0
0.470609,0.0
0.905407,1.0
0.365116,0.0
0.367478,0.0
0.904533,1.0
0.377187,0.0
0.406479,0.0
0.374089,1.0
0.906759,1.0
0.475701,1.0
0.909565,1.0
0.838673,1.0
0.40477,1.0
0.858,1.0
0.89366,1.0
0.90188,1.0
0.871116,1.0
0.381551,1.0
0.498507,1.0
0.892933,1.0
0.85446,1.0
0.91446,1.0
0.859946,0.0
0.897751,1.0
0.898809,1.0
0.820882,1.0
0.902805,1.0
0.888847,1.0
0.897917,1.0
0.907365,1.0
0.871902,1.0
0.372719,0.0
0.872462,1.0
0.911614,1.0
0.491105,0.0
0.870403,1.0
0.372806,1.0
0.899769,1.0
0.874048,1.0
0.900044,1.0
0.901473,1.0
0.873574,1.0
0.377092,0.0
0.37411,1.0
0.90343,1.0
0.366013,0.0
0.524769,0.0
0.392397,1.0
0.369444,1.0
0.390836,0.0
0.871493,1.0
0.900932,1.0
0.860414,1.0
0.368338,1.0
0.509183,0.0
0.369829,0.0
0.874406,1.0
0.90528,1.0
0.387035,1.0
0.863503,1.0
0.862711,1.0
0.43137,1.0
0.379178,0.0
0.885377,1.0
0.845119,1.0
0.873628,1.0
0.866109,1.0
0.867548,1.0
0.384093,1.0
0.875594,1.0
0.412312,1.0
0.867834,1.0
0.865095,1.0
0.371396,1.0
0.85623,1.0
0.882207,1.0
0.366331,0.0
0.885824,1.0
0.887081,0.0
0.480313,1.0
0.373794,1.0
0.857977,1.0
0.870712,1.0
0.445682,0.0
0.376559,0.0
0.373506,0.0
0.866826,1.0
0.434223,1.0
0.367505,0.0
0.390356,1.0
0.868754,1.0
0.875466,1.0
0.835784,0.0
0.876666,0.0
0.889865,1.0
0.434519,1.0
0.512932,1.0
0.512932,1.0
0.512932,0.0
0.512932,1.0
0.512932,0.0
0.512932,1.0
0.512932,0.0
0.512932,0.0
0.512932,1.0
0.512932,0.0
0.512932,1.0
0.512932,0.0
0.512932,1.0
0.512932,1.0
0.512932,1.0
0.512932,1.0
0.512932,0.0
0.512932,0.0
0.512932,1.0
0.512932,1.0
0.512932,0.0
0.512932,0.0
0.512932,0.0
0.512932,0.0
0.512932,1.0
0.512932,0.0
0.512932,1.0
0.512932,1.0
0.512932,0.0
0.512932,1.0
0.512932,0.0
0.512932,0.0
0.512932,1.0
0.512932,1.0
0.512932,0.0
0.512932,1.0
0.512932,1.0
0.512932,1.0
0.512932,0.0
0.512932,1.0
0.512932,0.0
0.512932,1.0
0.512932,1.0
0.512932,1.0
0.512932,0.0
0.512932,0.0
0.512932,1.0
0.512932,1.0
0.512932,1.0
0.512932,0.0
0.512932,1.0
0.512932,0.0
0.512932,0.0
0.512932,0.0
0.512932,1.0
0.512932,1.0
0.512932,0.0
0.512932,0.0
0.512932,1.0
0.512932,0.0
0.512932,0.0
0.512932,1.0
0.512932,1.0
0.512932,1.0
0.512932,0.0
0.512932,0.0
0.512932,1.0
0.512932,0.0
0.512932,0.0
0.512932,1.0
0.512932,0.0
0.512932,1.0
0.512932,1.0
0.512932,0.0
0.512932,0.0
0.512932,1.0
0.512932,0.0
0.512932,0.0
0.512932,1.0
0.512932,1.0
0.512932,1.0
0.512932,0.0
0.512932,1.0
0.512932,0.0
0.512932,0.0
0.512932,0.0
0.512932,1.0
0.512932,0.0
0.512932,1.0
0.512932,1.0
0.512932,0.0
0.512932,0.0
0.512932,0.0
0.512932,0.0
0.512932,1.0
0.512932,0.0
0.512932,1.0
0.512932,1.0
0.512932,0.0
0.512932,1.0
0.518569,1.0
0.518569,1.0
0.493895,0.0
0.518569,1.0
0.493895,0.0
0.518569,1.0
0.493895,1.0
0.493895,0.0
0.518569,0.0
0.493895,1.0
0.518569,1.0
0.493895,1.0
0.518569,1.0
0.518569,1.0
0.518569,0.0
0.518569,0.0
0.493895,0.0
0.493895,0.0
0.518569,1.0
0.518569,1.0
0.493895,0.0
0.493895,1.0
0.493895,1.0
0.493895,0.0
0.518569,0.0
0.493895,0.0
0.518569,1.0
0.518569,1.0
0.493895,0.0
0.518569,1.0
0.493895,0.0
0.493895,0.0
0.518569,0.0
0.518569,0.0
0.493895,0.0
0.518569,1.0
0.518569,1.0
0.518569,1.0
0.493895,1.0
0.518569,1.0
0.493895,0.0
0.518569,1.0
0.518569,1.0
0.518569,1.0
0.493895,0.0
0.493895,0.0
0.518569,1.0
0.518569,1.0
0.518569,1.0
0.493895,0.0
0.518569,0.0
0.493895,1.0
0.493895,0.0
0.493895,1.0
0.518569,1.0
0.518569,1.0
0.493895,1.0
0.493895,0.0
0.518569,0.0
0.493895,0.0
0.493895,0.0
0.518569,1.0
0.518569,1.0
0.518569,0.0
0.493895,1.0
0.493895,1.0
0.518569,0.0
0.493895,0.0
0.493895,0.0
0.518569,1.0
0.493895,0.0
0.518569,0.0
0.518569,0.0
0.493895,0.0
0.493895,0.0
0.518569,1.0
0.493895,0.0
0.493895,1.0
0.518569,1.0
0.518569,1.0
0.518569,0.0
0.493895,0.0
0.518569,1.0
0.493895,1.0
0.493895,0.0
0.493895,0.0
0.518569,1.0
0.493895,0.0
0.518569,0.0
0.518569,0.0
0.493895,0.0
0.493895,1.0
0.493895,0.0
0.493895,1.0
0.518569,1.0
0.493895,1.0
0.518569,1.0
0.518569,1.0
0.493895,0.0
0.518569,0.0
0.499922,1.0
0.499922,1.0
0.532489,1.0
0.499922,0.0
0.532489,0.0
0.499922,1.0
0.511904,1.0
0.532489,1.0
0.521149,1.0
0.511904,1.0
0.499922,1.0
0.511904,1.0
0.499922,1.0
0.499922,0.0
0.521149,1.0
0.521149,1.0
0.532489,0.0
0.532489,1.0
0.499922,1.0
0.499922,1.0
0.532489,1.0
0.511904,0.0
0.511904,0.0
0.532489,1.0
0.521149,0.0
0.532489,0.0
0.499922,1.0
0.499922,0.0
0.532489,1.0
0.499922,1.0
0.532489,1.0
0.532489,1.0
0.521149,1.0
0.521149,1.0
0.532489,1.0
0.499922,1.0
0.499922,1.0
0.499922,1.0
0.511904,1.0
0.499922,1.0
0.532489,1.0
0.499922,0.0
0.499922,0.0
0.499922,1.0
0.532489,1.0
0.532489,0.0
0.499922,0.0
0.499922,1.0
0.499922,1.0
0.532489,1.0
0.521149,1.0
0.511904,0.0
0.532489,1.0
0.511904,1.0
0.499922,1.0
0.499922,0.0
0.511904,0.0
0.532489,1.0
0.521149,1.0
0.532489,1.0
0.532489,0.0
0.499922,0.0
0.499922,0.0
0.521149,0.0
0.511904,0.0
0.511904,1.0
0.521149,1.0
0.532489,1.0
0.532489,0.0
0.499922,0.0
0.532489,1.0
0.521149,0.0
0.521149,0.0
0.532489,1.0
0.532489,0.0
0.499922,1.0
0.532489,1.0
0.511904,0.0
0.499922,1.0
0.499922,1.0
0.521149,1.0
0.532489,1.0
0.499922,1.0
0.511904,1.0
0.532489,0.0
0.532489,1.0
0.499922,1.0
0.532489,0.0
0.521149,0.0
0.521149,0.0
0.532489,1.0
0.511904,0.0
0.532489,1.0
0.511904,0.0
0.499922,0.0
0.511904,0.0
0.499922,1.0
0.499922,1.0
0.532489,1.0
0.521149,0.0
0.564084,1.0
0.564084,1.0
0.558531,1.0
0.581833,1.0
0.576364,1.0
0.564084,1.0
0.562203,1.0
0.558531,0.0
0.560397,0.0
0.562203,0.0
0.564084,1.0
0.562203,0.0
0.564084,0.0
0.581833,1.0
0.560397,0.0
0.560397,1.0
0.576364,0.0
0.558531,1.0
0.564084,0.0
0.564084,0.0
0.558531,0.0
0.580036,1.0
0.580036,1.0
0.558531,0.0
0.578189,1.0
0.576364,0.0
0.564084,1.0
0.581833,0.0
0.558531,0.0
0.564084,1.0
0.558531,1.0
0.558531,1.0
0.560397,0.0
0.560397,0.0
0.558531,1.0
0.564084,0.0
0.564084,0.0
0.564084,1.0
0.562203,1.0
0.564084,1.0
0.558531,0.0
0.581833,1.0
0.581833,0.0
0.564084,1.0
0.558531,0.0
0.576364,1.0
0.581833,1.0
0.564084,1.0
0.564084,1.0
0.558531,0.0
0.560397,1.0
0.580036,1.0
0.558531,1.0
0.562203,0.0
0.564084,0.0
0.581833,1.0
0.580036,1.0
0.558531,1.0
0.560397,0.0
0.558531,0.0
0.576364,1.0
0.581833,1.0
0.581833,0.0
0.578189,1.0
0.580036,1.0
0.562203,0.0
0.560397,0.0
0.558531,1.0
0.576364,1.0
0.581833,0.0
0.558531,1.0
0.578189,1.0
0.578189,0.0
0.558531,1.0
0.576364,0.0
0.564084,0.0
0.558531,0.0
0.580036,0.0
0.564084,1.0
0.564084,0.0
0.560397,1.0
0.558531,1.0
0.564084,0.0
0.562203,0.0
0.576364,1.0
0.558531,1.0
0.564084,1.0
0.576364,1.0
0.578189,0.0
0.578189,0.0
0.558531,0.0
0.580036,1.0
0.558531,1.0
0.580036,0.0
0.581833,0.0
0.580036,1.0
0.564084,0.0
0.564084,1.0
0.558531,1.0
0.578189,1.0
0.543453,0.0
0.543453,1.0
0.54565,1.0
0.542573,1.0
0.544227,1.0
0.543453,1.0
0.544438,1.0
0.545091,1.0
0.544127,0.0
0.543864,1.0
0.543453,1.0
0.543864,1.0
0.54289,1.0
0.542573,0.0
0.544127,0.0
0.544676,1.0
0.543231,1.0
0.54565,1.0
0.54289,0.0
0.54289,0.0
0.545091,0.0
0.543012,0.0
0.543012,1.0
0.545091,1.0
0.543769,1.0
0.543231,1.0
0.543453,1.0
0.541606,1.0
0.545091,0.0
0.543453,1.0
0.54565,0.0
0.54565,1.0
0.544127,1.0
0.544127,0.0
0.54565,1.0
0.54289,0.0
0.54289,0.0
0.543453,0.0
0.544438,1.0
0.543453,1.0
0.545091,1.0
0.542573,1.0
0.541606,0.0
0.543453,1.0
0.545091,1.0
0.544227,0.0
0.542573,1.0
0.543453,1.0
0.543453,0.0
0.545091,0.0
0.544676,1.0
0.543012,0.0
0.54565,1.0
0.543864,0.0
0.54289,1.0
0.542573,1.0
0.543012,1.0
0.54565,1.0
0.544127,1.0
0.545091,1.0
0.544227,1.0
0.542573,1.0
0.541606,0.0
0.543769,1.0
0.543012,0.0
0.543864,1.0
0.544127,1.0
0.54565,0.0
0.544227,0.0
0.541606,1.0
0.54565,1.0
0.543769,1.0
0.542794,1.0
0.54565,1.0
0.543231,1.0
0.54289,1.0
0.545091,1.0
0.542024,1.0
0.543453,0.0
0.54289,1.0
0.544676,1.0
0.54565,1.0
0.54289,1.0
0.543864,1.0
0.544227,1.0
0.54565,0.0
0.543453,1.0
0.544227,1.0
0.542794,0.0
0.542794,1.0
0.545091,1.0
0.543012,1.0
0.54565,1.0
0.542024,1.0
0.541606,1.0
0.543012,1.0
0.54289,1.0
0.543453,0.0
0.54565,0.0
0.543769,1.0
0.558431,0.0
0.561355,1.0
0.560573,1.0
0.589872,0.0
0.592213,1.0
0.561355,1.0
0.561874,1.0
0.559029,0.0
0.555428,0.0
0.560345,0.0
0.561355,1.0
0.560345,0.0
0.559573,0.0
0.589411,1.0
0.555428,1.0
0.560037,1.0
0.593204,0.0
0.560573,1.0
0.556741,0.0
0.556741,0.0
0.556417,1.0
0.591082,1.0
0.591435,1.0
0.559029,0.0
0.590604,1.0
0.593204,1.0
0.561355,0.0
0.59074,0.0
0.556417,0.0
0.561355,1.0
0.557866,1.0
0.560573,1.0
0.558238,0.0
0.555428,0.0
0.560573,1.0
0.556741,0.0
0.556741,1.0
0.558431,1.0
0.561874,0.0
0.561355,1.0
0.559029,0.0
0.589872,1.0
0.590347,0.0
0.561355,1.0
0.559029,1.0
0.591923,1.0
0.589872,1.0
0.561355,1.0
0.558431,1.0
0.556417,0.0
0.560037,1.0
0.591082,1.0
0.560573,1.0
0.557709,0.0
0.559573,0.0
0.589872,0.0
0.591435,1.0
0.560573,1.0
0.558238,1.0
0.559029,0.0
0.592213,1.0
0.589872,1.0
0.590347,1.0
0.590604,1.0
0.591082,1.0
0.560345,0.0
0.558238,1.0
0.557866,1.0
0.591923,1.0
0.59074,0.0
0.560573,1.0
0.590604,1.0
0.591543,1.0
0.560573,1.0
0.593204,0.0
0.559573,0.0
0.559029,0.0
0.592366,0.0
0.558431,1.0
0.559573,1.0
0.560037,1.0
0.560573,1.0
0.559573,0.0
0.560345,0.0
0.592213,1.0
0.557866,1.0
0.561355,0.0
0.592213,1.0
0.591215,0.0
0.591543,1.0
0.559029,0.0
0.591435,1.0
0.560573,1.0
0.592366,0.0
0.59074,1.0
0.591435,1.0
0.559573,0.0
0.558431,1.0
0.557866,1.0
0.590604,1.0
0.565903,1.0
0.576764,0.0
0.579548,0.0
0.577546,0.0
0.579975,1.0
0.576764,0.0
0.578497,0.0
0.56695,1.0
0.561555,0.0
0.565871,1.0
0.576764,0.0
0.565871,0.0
0.562798,1.0
0.579382,0.0
0.568724,0.0
0.577822,1.0
0.578072,1.0
0.579548,1.0
0.560491,0.0
0.560491,0.0
0.571381,1.0
0.579481,0.0
0.579776,0.0
0.56695,1.0
0.579918,1.0
0.57982,1.0
0.568886,0.0
0.577438,0.0
0.564858,0.0
0.576764,0.0
0.576448,0.0
0.579548,0.0
0.563895,0.0
0.561555,0.0
0.579548,0.0
0.560491,0.0
0.567784,1.0
0.573481,1.0
0.571217,1.0
0.576764,1.0
0.56695,1.0
0.579748,1.0
0.577314,0.0
0.576764,0.0
0.573831,0.0
0.579737,0.0
0.579748,1.0
0.576764,0.0
0.573481,1.0
0.564858,1.0
0.577822,0.0
0.579481,0.0
0.579548,1.0
0.563825,1.0
0.562798,0.0
0.577546,1.0
0.579776,0.0
0.579548,1.0
0.571417,1.0
0.56695,1.0
0.579975,1.0
0.579748,1.0
0.579208,1.0
0.579918,0.0
0.579481,1.0
0.565871,1.0
0.571417,1.0
0.576448,0.0
0.579737,0.0
0.577438,0.0
0.579548,0.0
0.579918,1.0
0.579714,0.0
0.579548,0.0
0.578072,1.0
0.562798,1.0
0.56695,1.0
0.5777,1.0
0.573481,0.0
0.570444,1.0
0.577822,1.0
0.579548,1.0
0.562798,0.0
0.565871,1.0
0.579975,1.0
0.576448,1.0
0.568886,0.0
0.579975,1.0
0.577724,0.0
0.579714,0.0
0.56695,0.0
0.579776,1.0
0.579548,1.0
0.5777,1.0
0.579497,1.0
0.579776,1.0
0.562798,0.0
0.573481,0.0
0.576448,0.0
0.579918,1.0
0.592671,1.0
0.535311,1.0
0.541974,0.0
0.559695,1.0
0.595118,1.0
0.535311,1.0
0.539936,0.0
0.593674,1.0
0.52208,1.0
0.592642,1.0
0.535311,0.0
0.527268,1.0
0.589325,1.0
0.560131,1.0
0.529161,1.0
0.605941,1.0
0.593989,1.0
0.606585,1.0
0.519562,1.0
0.519562,1.0
0.598002,1.0
0.560889,1.0
0.56025,1.0
0.593674,1.0
0.595615,1.0
0.5947,1.0
0.525726,1.0
0.560198,0.0
0.530032,1.0
0.535311,1.0
0.539783,1.0
0.541974,1.0
0.522195,1.0
0.52208,0.0
0.541974,0.0
0.519562,0.0
0.594747,1.0
0.601051,1.0
0.597994,1.0
0.605081,1.0
0.593674,1.0
0.596012,1.0
0.560933,0.0
0.535311,1.0
0.536423,1.0
0.561659,0.0
0.596012,1.0
0.535311,1.0
0.601051,1.0
0.591959,1.0
0.53747,1.0
0.560889,0.0
0.606585,1.0
0.590942,1.0
0.519723,0.0
0.595062,1.0
0.56025,1.0
0.606585,1.0
0.598706,1.0
0.593674,1.0
0.595118,1.0
0.596012,1.0
0.595,1.0
0.560279,1.0
0.594957,1.0
0.592642,1.0
0.598706,1.0
0.539783,0.0
0.561659,0.0
0.560198,1.0
0.541974,0.0
0.595615,1.0
0.560716,0.0
0.541974,1.0
0.593989,1.0
0.589325,1.0
0.593674,1.0
0.594262,0.0
0.532637,0.0
0.597795,1.0
0.605941,1.0
0.606585,1.0
0.519723,1.0
0.592642,1.0
0.595118,1.0
0.602951,1.0
0.525726,0.0
0.595118,1.0
0.561765,1.0
0.560716,1.0
0.529633,0.0
0.595483,1.0
0.606585,1.0
0.594262,1.0
0.595539,1.0
0.595483,1.0
0.519723,0.0
0.532637,1.0
0.539783,0.0
0.595615,1.0
0.503757,0.0
0.524859,1.0
0.499229,0.0
0.592198,0.0
0.579926,0.0
0.524859,1.0
0.50739,0.0
0.48614,0.0
0.497743,0.0
0.492351,0.0
0.52723,1.0
0.498888,1.0
0.509242,1.0
0.591886,1.0
0.500558,0.0
0.509584,0.0
0.585634,1.0
0.491219,1.0
0.505298,1.0
0.505298,1.0
0.483918,0.0
0.595001,1.0
0.592022,0.0
0.48614,0.0
0.576442,0.0
0.582122,0.0
0.521599,1.0
0.605334,1.0
0.491854,0.0
0.524859,1.0
0.490502,0.0
0.496817,0.0
0.506964,0.0
0.500117,0.0
0.499229,0.0
0.507603,1.0
0.502291,1.0
0.507342,1.0
0.49585,1.0
0.518202,0.0
0.48614,0.0
0.57293,1.0
0.608396,1.0
0.524859,1.0
0.494717,0.0
0.608769,0.0
0.57293,1.0
0.524859,1.0
0.507342,1.0
0.483437,0.0
0.5156,0.0
0.60592,0.0
0.491219,0.0
0.48713,1.0
0.518144,0.0
0.576852,1.0
0.592022,1.0
0.491219,0.0
0.504268,0.0
0.48614,0.0
0.579926,0.0
0.57293,1.0
0.578874,1.0
0.591811,0.0
0.57992,0.0
0.492351,0.0
0.504268,1.0
0.493135,0.0
0.608769,0.0
0.594451,0.0
0.499229,0.0
0.576442,1.0
0.604921,0.0
0.496817,0.0
0.585634,0.0
0.509242,1.0
0.48614,0.0
0.595156,1.0
0.515851,1.0
0.512742,1.0
0.509584,0.0
0.491219,1.0
0.515886,1.0
0.492351,1.0
0.579926,1.0
0.484064,0.0
0.523889,1.0
0.579926,0.0
0.600154,1.0
0.594027,0.0
0.495734,0.0
0.576683,0.0
0.491219,0.0
0.582654,1.0
0.575514,1.0
0.576683,0.0
0.518144,1.0
0.513517,1.0
0.493135,0.0
0.576442,0.0
0.67868,1.0
0.71799,0.0
0.708569,0.0
0.417214,0.0
0.416251,1.0
0.71799,1.0
0.722552,1.0
0.634112,0.0
0.695879,1.0
0.651429,0.0
0.750893,1.0
0.686974,1.0
0.685637,1.0
0.391459,1.0
0.696983,1.0
0.680171,1.0
0.384402,0.0
0.645874,1.0
0.709788,1.0
0.709788,1.0
0.612393,1.0
0.388601,0.0
0.418141,0.0
0.634112,1.0
0.418927,0.0
0.414774,1.0
0.722414,1.0
0.379673,1.0
0.638092,0.0
0.71799,0.0
0.662711,1.0
0.683274,0.0
0.711188,1.0
0.719081,1.0
0.708569,1.0
0.735888,0.0
0.671552,1.0
0.677226,1.0
0.658423,1.0
0.68662,0.0
0.634112,1.0
0.394841,0.0
0.376714,0.0
0.71799,1.0
0.674156,1.0
0.402104,1.0
0.394841,0.0
0.71799,1.0
0.677226,0.0
0.604101,1.0
0.709428,1.0
0.404982,1.0
0.650181,0.0
0.618243,1.0
0.746763,0.0
0.390973,1.0
0.391559,1.0
0.650181,0.0
0.67648,1.0
0.634112,1.0
0.416251,0.0
0.394841,1.0
0.390224,0.0
0.418011,0.0
0.416375,0.0
0.651429,1.0
0.675319,0.0
0.683363,1.0
0.402104,0.0
0.415236,1.0
0.708569,0.0
0.391743,0.0
0.405979,0.0
0.683274,0.0
0.411332,0.0
0.685637,0.0
0.634112,0.0
0.377587,0.0
0.742874,1.0
0.684337,0.0
0.680171,0.0
0.645874,1.0
0.721977,1.0
0.647098,1.0
0.38915,0.0
0.628024,1.0
0.753644,1.0
0.416251,0.0
0.383142,0.0
0.416086,0.0
0.68997,1.0
0.419081,0.0
0.650181,1.0
0.386816,0.0
0.39301,0.0
0.419081,1.0
0.750831,1.0
0.712181,1.0
0.683363,1.0
0.418927,0.0
0.690843,1.0
0.687542,0.0
0.70585,1.0
0.344823,0.0
0.422774,0.0
0.711286,1.0
0.739688,1.0
0.59753,0.0
0.72622,1.0
0.621677,0.0
0.723948,1.0
0.717418,0.0
0.688604,1.0
0.41106,0.0
0.72233,1.0
0.68715,1.0
0.323794,0.0
0.664345,1.0
0.723465,0.0
0.723465,1.0
0.63335,1.0
0.330358,0.0
0.345524,0.0
0.658892,1.0
0.340825,0.0
0.421973,0.0
0.716766,0.0
0.409116,0.0
0.62711,1.0
0.687542,0.0
0.701959,1.0
0.668932,1.0
0.728149,0.0
0.747809,1.0
0.739064,0.0
0.717022,0.0
0.682519,1.0
0.681149,1.0
0.675231,1.0
0.656362,0.0
0.658892,1.0
0.328494,0.0
0.329297,0.0
0.711286,1.0
0.710575,0.0
0.423366,0.0
0.328494,0.0
0.711286,1.0
0.644482,0.0
0.625309,1.0
0.718516,1.0
0.425688,0.0
0.616158,0.0
0.648959,1.0
0.723255,0.0
0.405186,0.0
0.411186,1.0
0.616158,0.0
0.687933,1.0
0.658892,1.0
0.339652,0.0
0.407718,0.0
0.326497,0.0
0.345368,0.0
0.339749,0.0
0.67512,1.0
0.643684,0.0
0.73445,1.0
0.341742,1.0
0.426931,0.0
0.70585,1.0
0.327034,0.0
0.344184,0.0
0.668932,0.0
0.337349,0.0
0.653955,1.0
0.59753,0.0
0.326204,0.0
0.729429,1.0
0.650671,0.0
0.64978,1.0
0.664345,1.0
0.721353,1.0
0.671618,1.0
0.325946,0.0
0.648694,0.0
0.726848,0.0
0.339652,0.0
0.327183,0.0
0.344307,1.0
0.740904,1.0
0.341007,0.0
0.668629,1.0
0.324876,0.0
0.32776,0.0
0.424563,0.0
0.731277,0.0
0.713887,0.0
0.73445,1.0
0.340825,0.0
0.702468,1.0
0.725621,0.0
0.752901,0.0
0.284841,0.0
0.362082,0.0
0.749934,1.0
0.752041,1.0
0.572635,1.0
0.738817,0.0
0.617048,1.0
0.775365,1.0
0.717722,1.0
0.712451,0.0
0.360138,0.0
0.735316,1.0
0.698406,1.0
0.278072,0.0
0.687101,1.0
0.732085,1.0
0.749385,1.0
0.658136,1.0
0.282628,0.0
0.285125,1.0
0.682674,0.0
0.280471,0.0
0.361794,1.0
0.739345,0.0
0.363865,0.0
0.69644,0.0
0.725621,0.0
0.723566,1.0
0.719883,1.0
0.723752,1.0
0.752821,1.0
0.732332,1.0
0.752824,0.0
0.704252,1.0
0.703816,1.0
0.697111,0.0
0.668568,0.0
0.682674,0.0
0.278646,1.0
0.286213,0.0
0.749934,0.0
0.69961,0.0
0.370386,0.0
0.278646,0.0
0.749934,1.0
0.663065,0.0
0.651993,1.0
0.73399,1.0
0.372092,0.0
0.607616,0.0
0.680516,0.0
0.752601,0.0
0.353241,0.0
0.44339,1.0
0.607616,0.0
0.69964,1.0
0.682674,0.0
0.280421,0.0
0.354468,0.0
0.278485,0.0
0.285034,0.0
0.280462,0.0
0.694053,0.0
0.660979,1.0
0.748209,1.0
0.356747,0.0
0.367857,0.0
0.752901,1.0
0.278438,0.0
0.288972,0.0
0.68563,1.0
0.280177,0.0
0.707446,1.0
0.572635,0.0
0.283128,0.0
0.768187,1.0
0.672682,0.0
0.694348,1.0
0.687101,1.0
0.755727,1.0
0.696043,1.0
0.278365,1.0
0.617726,1.0
0.765434,1.0
0.280421,0.0
0.28159,0.0
0.353284,1.0
0.750612,0.0
0.28057,0.0
0.685612,1.0
0.278219,0.0
0.278637,0.0
0.362922,0.0
0.76197,1.0
0.728211,0.0
0.748209,1.0
0.280471,1.0
0.579905,0.0
0.568011,1.0
0.542137,1.0
0.621922,0.0
0.612095,1.0
0.547246,1.0
0.53357,1.0
0.566813,0.0
0.546563,1.0
0.570299,0.0
0.538874,1.0
0.542751,0.0
0.586591,0.0
0.611743,1.0
0.543329,1.0
0.585727,0.0
0.622106,0.0
0.57999,1.0
0.539406,1.0
0.538337,0.0
0.563651,0.0
0.621599,1.0
0.60951,1.0
0.577156,1.0
0.622513,0.0
0.597514,1.0
0.55163,1.0
0.610808,0.0
0.556765,0.0
0.568011,0.0
0.551073,0.0
0.562322,1.0
0.541994,0.0
0.531544,0.0
0.532629,1.0
0.539648,1.0
0.579987,1.0
0.584248,1.0
0.586656,1.0
0.593382,1.0
0.577156,0.0
0.609952,0.0
0.620857,0.0
0.55476,1.0
0.56115,0.0
0.610317,1.0
0.622229,0.0
0.547246,1.0
0.591412,0.0
0.558809,0.0
0.550179,1.0
0.610099,1.0
0.58165,1.0
0.575449,0.0
0.539765,0.0
0.612802,0.0
0.576659,1.0
0.58165,1.0
0.582308,0.0
0.577156,0.0
0.622465,1.0
0.612705,0.0
0.622162,0.0
0.621916,0.0
0.622462,1.0
0.581437,1.0
0.58334,1.0
0.532714,1.0
0.607954,0.0
0.61114,0.0
0.536492,1.0
0.622196,1.0
0.621094,0.0
0.565087,1.0
0.622395,0.0
0.583388,0.0
0.578715,0.0
0.621276,1.0
0.536716,1.0
0.59285,0.0
0.586804,1.0
0.57999,1.0
0.539701,1.0
0.574586,0.0
0.609873,1.0
0.567718,1.0
0.537832,1.0
0.622465,1.0
0.621629,0.0
0.594069,0.0
0.53668,0.0
0.622505,1.0
0.57853,1.0
0.622131,0.0
0.622196,0.0
0.612033,1.0
0.536517,0.0
0.556277,1.0
0.532714,1.0
0.610257,1.0
0.522769,0.0
0.517148,0.0
0.516715,0.0
0.529045,1.0
0.532775,1.0
0.51369,1.0
0.51726,1.0
0.55599,1.0
0.515607,0.0
0.539234,1.0
0.515371,1.0
0.5166,0.0
0.522407,0.0
0.532899,0.0
0.515173,0.0
0.523733,1.0
0.529001,0.0
0.525884,0.0
0.515081,0.0
0.515908,0.0
0.532917,0.0
0.53018,0.0
0.532941,1.0
0.531099,1.0
0.528903,0.0
0.536307,0.0
0.514467,1.0
0.532073,0.0
0.525671,0.0
0.517305,0.0
0.517319,0.0
0.519629,0.0
0.516237,1.0
0.519168,1.0
0.517449,1.0
0.517221,0.0
0.522196,0.0
0.522336,0.0
0.525447,1.0
0.52891,1.0
0.531519,1.0
0.531772,1.0
0.529298,0.0
0.514335,0.0
0.520448,1.0
0.533273,0.0
0.52897,1.0
0.51369,0.0
0.531228,0.0
0.53345,0.0
0.515139,1.0
0.533332,0.0
0.555023,1.0
0.530933,1.0
0.518356,0.0
0.531514,0.0
0.540891,0.0
0.555023,1.0
0.523577,1.0
0.531519,1.0
0.52997,1.0
0.531537,0.0
0.528987,1.0
0.529046,1.0
0.529971,0.0
0.526866,0.0
0.528398,1.0
0.517068,0.0
0.532996,1.0
0.531943,0.0
0.516397,0.0
0.530032,1.0
0.52924,0.0
0.523556,0.0
0.528934,1.0
0.523271,1.0
0.564318,0.0
0.530253,1.0
0.516211,0.0
0.529052,0.0
0.525339,0.0
0.525884,0.0
0.514479,0.0
0.524129,1.0
0.532825,1.0
0.538778,0.0
0.515424,1.0
0.52997,0.0
0.529116,0.0
0.535947,1.0
0.518837,0.0
0.52996,1.0
0.526442,1.0
0.528995,1.0
0.528979,1.0
0.532787,0.0
0.517371,0.0
0.515514,0.0
0.517068,0.0
0.532752,0.0
0.687026,1.0
0.715211,1.0
0.739098,0.0
0.33403,1.0
0.343419,1.0
0.726497,0.0
0.74243,1.0
0.577517,1.0
0.740784,1.0
0.662313,0.0
0.725828,1.0
0.741149,1.0
0.684003,1.0
0.340196,1.0
0.738968,1.0
0.677814,1.0
0.330131,1.0
0.67754,1.0
0.73865,1.0
0.739637,1.0
0.679646,1.0
0.333692,1.0
0.376291,0.0
0.668988,0.0
0.32832,0.0
0.391123,1.0
0.728692,1.0
0.338043,0.0
0.714215,0.0
0.719046,0.0
0.731821,1.0
0.711871,1.0
0.738635,1.0
0.745454,1.0
0.743882,1.0
0.739221,0.0
0.682957,1.0
0.679036,1.0
0.670094,0.0
0.66403,0.0
0.672218,1.0
0.371887,0.0
0.331417,0.0
0.731182,1.0
0.721053,1.0
0.341085,1.0
0.334894,0.0
0.729766,1.0
0.665789,0.0
0.682653,1.0
0.730649,1.0
0.341155,1.0
0.613034,0.0
0.674403,0.0
0.741499,1.0
0.335128,0.0
0.490472,1.0
0.613034,0.0
0.680383,1.0
0.672218,1.0
0.337066,1.0
0.334974,1.0
0.335135,0.0
0.333993,0.0
0.331748,1.0
0.674075,1.0
0.670945,1.0
0.744089,1.0
0.354315,0.0
0.33497,1.0
0.738161,1.0
0.338443,0.0
0.329949,0.0
0.704534,0.0
0.334,0.0
0.676608,0.0
0.410063,0.0
0.339857,0.0
0.734846,1.0
0.66862,1.0
0.673652,0.0
0.67754,1.0
0.735065,1.0
0.684698,1.0
0.376991,0.0
0.660996,1.0
0.724831,1.0
0.331752,0.0
0.330511,1.0
0.409638,0.0
0.747767,1.0
0.3369,0.0
0.675104,1.0
0.335299,1.0
0.334994,0.0
0.337827,0.0
0.73218,1.0
0.730666,1.0
0.744089,1.0
0.36933,0.0
0.731907,1.0
0.787398,1.0
0.788954,0.0
0.376263,0.0
0.381172,1.0
0.79254,1.0
0.791059,1.0
0.587155,0.0
0.78779,0.0
0.659622,0.0
0.809538,1.0
0.786237,1.0
0.737616,1.0
0.378052,0.0
0.789767,1.0
0.725378,1.0
0.373065,0.0
0.7197,1.0
0.79408,1.0
0.795588,1.0
0.70434,1.0
0.375751,0.0
0.329296,0.0
0.687659,1.0
0.303113,0.0
0.413398,1.0
0.794676,1.0
0.305719,1.0
0.747457,0.0
0.779051,1.0
0.781762,1.0
0.771887,1.0
0.786097,1.0
0.788668,1.0
0.787441,1.0
0.792464,1.0
0.734786,1.0
0.733282,1.0
0.707828,1.0
0.695943,1.0
0.70642,1.0
0.326382,0.0
0.304463,0.0
0.796352,1.0
0.768191,1.0
0.378349,0.0
0.307169,0.0
0.801398,1.0
0.689398,0.0
0.706351,1.0
0.787666,1.0
0.378343,0.0
0.586768,1.0
0.688957,0.0
0.796528,0.0
0.304584,0.0
0.511047,1.0
0.586768,1.0
0.726504,1.0
0.70642,0.0
0.37886,0.0
0.374218,0.0
0.307293,1.0
0.306587,0.0
0.374528,0.0
0.721144,1.0
0.711293,0.0
0.79319,0.0
0.315078,1.0
0.373812,0.0
0.798046,1.0
0.309374,0.0
0.303708,0.0
0.735924,0.0
0.306689,0.0
0.719626,1.0
0.290741,0.0
0.310011,1.0
0.805381,1.0
0.714437,1.0
0.708704,0.0
0.7197,1.0
0.801114,1.0
0.726256,1.0
0.329867,0.0
0.689553,1.0
0.810403,0.0
0.305157,0.0
0.373233,0.0
0.348088,0.0
0.789335,1.0
0.308544,0.0
0.715808,1.0
0.37726,0.0
0.307219,0.0
0.306116,0.0
0.808046,1.0
0.790425,1.0
0.79319,1.0
0.323782,0.0
0.696873,1.0
0.427655,0.0
0.369812,0.0
0.578403,1.0
0.573267,0.0
0.382933,0.0
0.36142,0.0
0.632421,0.0
0.381868,0.0
0.693227,1.0
0.362348,0.0
0.380397,0.0
0.68488,1.0
0.5786,0.0
0.382022,0.0
0.716887,0.0
0.578241,0.0
0.715386,1.0
0.373489,1.0
0.369739,0.0
0.695352,1.0
0.578339,0.0
0.578234,1.0
0.706277,1.0
0.577626,1.0
0.572756,1.0
0.381178,0.0
0.577307,0.0
0.484879,0.0
0.428038,0.0
0.407278,0.0
0.472393,0.0
0.377895,0.0
0.358587,0.0
0.363394,0.0
0.361967,0.0
0.696779,1.0
0.709536,1.0
0.714023,1.0
0.719936,1.0
0.703611,0.0
0.578168,1.0
0.577672,0.0
0.38534,1.0
0.436595,0.0
0.578631,0.0
0.57767,1.0
0.380765,1.0
0.713522,1.0
0.680431,1.0
0.3924,0.0
0.578635,0.0
0.650893,0.0
0.697492,1.0
0.362263,0.0
0.577888,1.0
0.569288,0.0
0.650893,1.0
0.70893,1.0
0.704661,1.0
0.578482,0.0
0.57847,1.0
0.576854,1.0
0.577674,0.0
0.578303,1.0
0.707987,0.0
0.717338,0.0
0.364386,0.0
0.577175,1.0
0.578493,0.0
0.365966,1.0
0.577707,0.0
0.577661,0.0
0.599894,1.0
0.577664,0.0
0.703157,1.0
0.581102,1.0
0.57683,1.0
0.361682,0.0
0.715976,1.0
0.721072,1.0
0.715386,1.0
0.370109,0.0
0.686892,1.0
0.578221,1.0
0.702266,1.0
0.363169,0.0
0.577665,0.0
0.578253,0.0
0.578806,1.0
0.360999,0.0
0.577696,1.0
0.717684,1.0
0.578415,0.0
0.577671,1.0
0.577943,1.0
0.361038,0.0
0.393704,0.0
0.363266,0.0
0.578205,1.0
0.733581,1.0
0.787609,1.0
0.788536,0.0
0.361459,1.0
0.435719,1.0
0.797433,1.0
0.782687,1.0
0.467196,1.0
0.777167,1.0
0.683263,1.0
0.800707,1.0
0.780326,1.0
0.739146,1.0
0.345338,0.0
0.783609,1.0
0.710405,1.0
0.344704,1.0
0.723258,1.0
0.798423,1.0
0.788019,1.0
0.70707,1.0
0.345557,0.0
0.32063,0.0
0.704759,1.0
0.31859,0.0
0.471471,1.0
0.78831,1.0
0.366667,1.0
0.760198,1.0
0.790992,0.0
0.778874,1.0
0.776384,1.0
0.779484,1.0
0.780132,1.0
0.77953,1.0
0.795647,0.0
0.736743,1.0
0.736308,1.0
0.724501,1.0
0.714765,1.0
0.692682,1.0
0.320251,0.0
0.304327,0.0
0.801705,1.0
0.770178,1.0
0.345298,1.0
0.319175,0.0
0.806018,1.0
0.704438,0.0
0.708145,1.0
0.782575,1.0
0.345274,1.0
0.616996,0.0
0.702429,0.0
0.78407,1.0
0.317786,0.0
0.565291,1.0
0.634276,1.0
0.72919,1.0
0.706837,1.0
0.346742,1.0
0.359822,1.0
0.384903,0.0
0.304796,0.0
0.360895,0.0
0.706011,1.0
0.693218,1.0
0.780936,1.0
0.385669,1.0
0.343881,0.0
0.801617,1.0
0.305155,0.0
0.304278,0.0
0.74598,1.0
0.304844,0.0
0.735386,1.0
0.291666,1.0
0.385714,1.0
0.796875,0.0
0.719885,1.0
0.721171,1.0
0.723258,1.0
0.793371,1.0
0.727505,1.0
0.320762,0.0
0.695946,1.0
0.797228,0.0
0.30456,0.0
0.344718,0.0
0.321488,0.0
0.781399,1.0
0.319394,1.0
0.719467,1.0
0.346143,1.0
0.319178,1.0
0.317912,0.0
0.799482,1.0
0.785977,1.0
0.785278,1.0
0.31943,0.0
0.526346,1.0
0.523278,1.0
0.524052,1.0
0.533982,1.0
0.537436,1.0
0.525767,1.0
0.525008,1.0
0.549761,0.0
0.523129,0.0
0.529383,1.0
0.527179,1.0
0.523673,0.0
0.527126,0.0
0.538435,0.0
0.524064,1.0
0.523784,0.0
0.532218,0.0
0.525851,1.0
0.525777,0.0
0.525118,1.0
0.525014,0.0
0.538435,1.0
0.537556,1.0
0.526022,1.0
0.53736,1.0
0.539301,0.0
0.524757,0.0
0.533354,1.0
0.518511,0.0
0.522502,1.0
0.522438,0.0
0.520623,1.0
0.523754,1.0
0.524823,0.0
0.52448,1.0
0.525422,0.0
0.526952,0.0
0.526999,1.0
0.526775,1.0
0.526935,1.0
0.523521,0.0
0.537526,1.0
0.536063,0.0
0.52577,0.0
0.520707,1.0
0.532274,0.0
0.537406,1.0
0.526468,0.0
0.527391,1.0
0.524896,1.0
0.523684,1.0
0.532272,0.0
0.554069,1.0
0.526597,0.0
0.525025,1.0
0.537326,1.0
0.540652,0.0
0.544741,1.0
0.526119,1.0
0.525926,1.0
0.532362,1.0
0.533878,1.0
0.540713,1.0
0.536094,0.0
0.539871,0.0
0.524013,1.0
0.524381,1.0
0.524454,0.0
0.535048,0.0
0.538343,1.0
0.526614,1.0
0.53612,1.0
0.536058,1.0
0.524187,0.0
0.536096,1.0
0.527408,1.0
0.529546,1.0
0.535018,1.0
0.525676,1.0
0.526652,1.0
0.526686,1.0
0.525851,1.0
0.525817,0.0
0.525786,1.0
0.537565,1.0
0.526384,0.0
0.525553,0.0
0.536077,1.0
0.538381,1.0
0.537659,1.0
0.524782,1.0
0.53126,1.0
0.525429,1.0
0.53232,1.0
0.531243,1.0
0.537338,1.0
0.527075,1.0
0.523996,0.0
0.525147,0.0
0.537473,1.0
0.603308,1.0
0.664461,1.0
0.666554,1.0
0.576755,1.0
0.541627,0.0
0.667545,1.0
0.669351,1.0
0.579788,1.0
0.659015,1.0
0.597415,0.0
0.669034,1.0
0.659123,1.0
0.597146,1.0
0.628139,1.0
0.667751,0.0
0.595423,0.0
0.583087,1.0
0.600562,1.0
0.658079,1.0
0.668826,1.0
0.591414,1.0
0.625912,1.0
0.631232,0.0
0.59997,1.0
0.630918,1.0
0.519434,1.0
0.658823,1.0
0.571847,1.0
0.650097,1.0
0.662042,1.0
0.656794,1.0
0.660329,1.0
0.668029,1.0
0.660708,1.0
0.669077,0.0
0.658143,1.0
0.595542,1.0
0.602402,1.0
0.601997,1.0
0.601743,1.0
0.595246,1.0
0.631232,1.0
0.636601,1.0
0.656587,1.0
0.663442,1.0
0.583042,0.0
0.630891,1.0
0.656651,0.0
0.601759,1.0
0.600184,1.0
0.666992,1.0
0.583052,1.0
0.542424,1.0
0.593935,1.0
0.669363,1.0
0.631185,1.0
0.527801,0.0
0.561088,1.0
0.602118,1.0
0.600174,0.0
0.582306,0.0
0.577359,1.0
0.611103,1.0
0.636544,1.0
0.623815,0.0
0.603303,1.0
0.602851,1.0
0.66028,1.0
0.56346,1.0
0.626328,1.0
0.667813,0.0
0.634284,0.0
0.634343,1.0
0.615924,0.0
0.634286,0.0
0.603656,1.0
0.600277,0.0
0.564037,1.0
0.667336,1.0
0.602131,1.0
0.601122,1.0
0.600562,0.0
0.659494,1.0
0.604588,1.0
0.631215,1.0
0.588306,0.0
0.658158,1.0
0.634312,0.0
0.626056,1.0
0.631673,1.0
0.669359,0.0
0.590678,1.0
0.599803,0.0
0.582488,1.0
0.590717,1.0
0.6312,0.0
0.669187,1.0
0.657959,1.0
0.660159,0.0
0.631363,0.0
0.605632,0.0
0.542166,0.0
0.540128,0.0
0.591649,0.0
0.568055,1.0
0.544932,1.0
0.540696,1.0
0.601798,0.0
0.537755,0.0
0.595031,0.0
0.546099,1.0
0.539309,0.0
0.606272,0.0
0.60485,1.0
0.536471,1.0
0.595405,0.0
0.592138,0.0
0.604109,1.0
0.547023,1.0
0.542232,0.0
0.598819,0.0
0.604124,1.0
0.599372,0.0
0.601004,0.0
0.60508,1.0
0.574508,0.0
0.54181,1.0
0.58779,0.0
0.533948,1.0
0.541557,1.0
0.538649,0.0
0.539126,1.0
0.539464,0.0
0.539459,0.0
0.535369,1.0
0.542556,1.0
0.606443,1.0
0.607078,0.0
0.605385,0.0
0.604503,1.0
0.594962,0.0
0.605238,1.0
0.605496,1.0
0.547985,1.0
0.536731,0.0
0.585444,0.0
0.605099,0.0
0.544805,1.0
0.602923,0.0
0.59864,0.0
0.540433,1.0
0.592174,0.0
0.587692,1.0
0.600603,0.0
0.540609,1.0
0.605118,0.0
0.528003,1.0
0.589779,1.0
0.605423,1.0
0.596872,0.0
0.584471,0.0
0.591777,0.0
0.603057,0.0
0.605499,1.0
0.599401,1.0
0.598379,0.0
0.598346,0.0
0.539065,0.0
0.588812,0.0
0.604176,0.0
0.543887,1.0
0.598969,1.0
0.604858,1.0
0.573741,0.0
0.598956,0.0
0.607216,0.0
0.589468,0.0
0.588043,1.0
0.543397,1.0
0.604923,0.0
0.604684,1.0
0.599933,1.0
0.543454,0.0
0.603951,0.0
0.605256,0.0
0.593447,1.0
0.542598,0.0
0.598952,1.0
0.60413,0.0
0.605406,1.0
0.535998,0.0
0.594242,1.0
0.598986,0.0
0.591325,0.0
0.594242,0.0
0.599235,1.0
0.545742,0.0
0.541067,1.0
0.536677,1.0
0.599353,0.0
0.700297,1.0
0.75651,1.0
0.746889,0.0
0.377206,0.0
0.493173,0.0
0.765506,0.0
0.748828,1.0
0.332134,1.0
0.739094,0.0
0.682958,0.0
0.767664,1.0
0.744028,1.0
0.704214,1.0
0.338417,0.0
0.770338,1.0
0.687249,0.0
0.373343,0.0
0.693548,1.0
0.772488,1.0
0.753919,1.0
0.673831,1.0
0.341375,0.0
0.349839,0.0
0.676007,0.0
0.339158,0.0
0.447158,1.0
0.753132,1.0
0.39552,0.0
0.732636,1.0
0.755146,0.0
0.743791,1.0
0.748995,1.0
0.745317,1.0
0.742604,1.0
0.765251,1.0
0.754061,0.0
0.704344,1.0
0.704419,1.0
0.694148,1.0
0.688262,0.0
0.653141,1.0
0.338664,0.0
0.33789,0.0
0.776671,0.0
0.739325,0.0
0.389358,1.0
0.3355,0.0
0.800084,1.0
0.672046,0.0
0.6756,1.0
0.750026,1.0
0.373174,0.0
0.638708,0.0
0.667161,1.0
0.748726,0.0
0.335491,0.0
0.735565,1.0
0.652621,0.0
0.698641,1.0
0.696131,0.0
0.396979,0.0
0.376794,0.0
0.338533,0.0
0.33787,1.0
0.351216,0.0
0.66533,0.0
0.655397,0.0
0.742097,1.0
0.382351,0.0
0.337663,0.0
0.79715,1.0
0.355305,0.0
0.340412,0.0
0.743227,1.0
0.351575,0.0
0.704099,0.0
0.379693,0.0
0.395161,0.0
0.757303,0.0
0.6899,1.0
0.692097,0.0
0.713851,1.0
0.756935,1.0
0.693536,0.0
0.335018,0.0
0.688891,0.0
0.752601,0.0
0.355363,0.0
0.33777,1.0
0.338154,0.0
0.766229,1.0
0.373312,0.0
0.707907,1.0
0.380469,0.0
0.369434,0.0
0.354041,0.0
0.765443,1.0
0.751394,1.0
0.768743,1.0
0.349925,0.0
0.593219,1.0
0.660006,1.0
0.674273,1.0
0.613909,1.0
0.537107,0.0
0.673041,1.0
0.660972,1.0
0.625142,1.0
0.674192,1.0
0.605961,1.0
0.661114,1.0
0.660921,1.0
0.594577,1.0
0.632047,1.0
0.659931,1.0
0.607147,0.0
0.615958,1.0
0.591674,1.0
0.660527,1.0
0.661404,1.0
0.591369,0.0
0.630651,1.0
0.627553,1.0
0.607323,0.0
0.631673,1.0
0.555122,0.0
0.660673,1.0
0.603937,1.0
0.656646,1.0
0.672288,1.0
0.660081,0.0
0.657941,0.0
0.660873,1.0
0.661276,0.0
0.660429,0.0
0.674042,1.0
0.59323,1.0
0.5928,1.0
0.592831,1.0
0.607347,1.0
0.592752,0.0
0.631903,1.0
0.632275,1.0
0.671974,1.0
0.672733,0.0
0.593967,0.0
0.634186,1.0
0.658268,1.0
0.609592,1.0
0.592334,1.0
0.660249,1.0
0.616045,1.0
0.589399,1.0
0.594005,0.0
0.674133,0.0
0.634189,1.0
0.630825,0.0
0.595439,0.0
0.592317,0.0
0.605663,0.0
0.603593,0.0
0.614122,1.0
0.632867,1.0
0.620758,1.0
0.626007,0.0
0.609051,0.0
0.609629,1.0
0.661128,0.0
0.611326,0.0
0.633215,0.0
0.658809,1.0
0.623998,0.0
0.631091,0.0
0.620646,0.0
0.626733,0.0
0.607497,1.0
0.612875,0.0
0.603004,1.0
0.673957,1.0
0.592963,1.0
0.60676,1.0
0.590688,0.0
0.661427,0.0
0.608315,1.0
0.634406,0.0
0.603687,1.0
0.674504,1.0
0.62397,0.0
0.62184,0.0
0.63214,1.0
0.660948,0.0
0.614855,0.0
0.590655,1.0
0.61216,1.0
0.617888,1.0
0.624604,0.0
0.661599,1.0
0.660348,1.0
0.66044,0.0
0.627512,0.0
0.512368,0.0
0.51604,0.0
0.518654,0.0
0.534193,0.0
0.543272,1.0
0.515761,1.0
0.517976,1.0
0.535232,1.0
0.519593,0.0
0.516618,0.0
0.515158,1.0
0.518271,0.0
0.512219,0.0
0.533141,0.0
0.514156,0.0
0.51557,0.0
0.534069,0.0
0.513097,0.0
0.514078,0.0
0.516938,0.0
0.516424,0.0
0.533243,0.0
0.533271,1.0
0.517401,0.0
0.533177,1.0
0.5426,0.0
0.517053,0.0
0.534953,0.0
0.518603,0.0
0.516773,1.0
0.517817,1.0
0.516499,0.0
0.518167,0.0
0.518673,0.0
0.515107,1.0
0.517761,0.0
0.511972,0.0
0.511638,1.0
0.513186,0.0
0.515344,1.0
0.519982,0.0
0.53316,1.0
0.533143,0.0
0.514004,0.0
0.518704,1.0
0.539569,0.0
0.532876,1.0
0.509704,0.0
0.51797,0.0
0.515766,0.0
0.517416,1.0
0.534063,0.0
0.533521,1.0
0.518171,0.0
0.518339,0.0
0.532876,0.0
0.510617,0.0
0.526318,0.0
0.513266,1.0
0.514467,1.0
0.53584,1.0
0.53418,0.0
0.532925,0.0
0.535703,1.0
0.534502,1.0
0.519115,0.0
0.520167,1.0
0.518649,0.0
0.53537,0.0
0.533877,0.0
0.510405,1.0
0.534703,0.0
0.534228,0.0
0.506484,0.0
0.534307,1.0
0.512818,0.0
0.535211,0.0
0.535155,1.0
0.517322,0.0
0.513946,0.0
0.514544,1.0
0.510598,0.0
0.516387,0.0
0.514345,1.0
0.533793,1.0
0.514727,1.0
0.517992,0.0
0.534706,0.0
0.537517,0.0
0.533143,1.0
0.514914,1.0
0.535458,1.0
0.510449,1.0
0.534361,0.0
0.533958,1.0
0.534643,0.0
0.515464,1.0
0.517162,0.0
0.514596,1.0
0.534236,0.0
0.732795,1.0
0.3569,0.0
0.352268,0.0
0.579459,1.0
0.583042,1.0
0.348991,1.0
0.346104,1.0
0.580082,1.0
0.351549,0.0
0.732051,1.0
0.34963,0.0
0.353427,1.0
0.730831,1.0
0.578905,0.0
0.358284,1.0
0.734992,1.0
0.57937,1.0
0.73472,1.0
0.358267,1.0
0.354827,0.0
0.734984,1.0
0.578943,1.0
0.58153,1.0
0.734603,1.0
0.581284,1.0
0.578863,1.0
0.354852,1.0
0.579582,0.0
0.355752,0.0
0.34869,1.0
0.345039,1.0
0.356007,0.0
0.353522,0.0
0.350564,1.0
0.347702,1.0
0.35324,0.0
0.732621,1.0
0.729405,1.0
0.734141,1.0
0.730112,1.0
0.733275,1.0
0.581279,1.0
0.578871,0.0
0.358469,1.0
0.34427,0.0
0.579359,0.0
0.581274,1.0
0.363202,0.0
0.732855,1.0
0.732776,0.0
0.347394,0.0
0.57937,0.0
0.705383,0.0
0.733752,1.0
0.350657,0.0
0.578906,1.0
0.39178,1.0
0.720499,1.0
0.730787,1.0
0.730605,1.0
0.582821,0.0
0.579454,1.0
0.578999,1.0
0.579925,1.0
0.582227,1.0
0.733584,1.0
0.728585,1.0
0.350632,0.0
0.580206,0.0
0.579586,1.0
0.355511,0.0
0.57985,1.0
0.579584,0.0
0.509696,1.0
0.582196,1.0
0.733022,1.0
0.580226,1.0
0.582007,1.0
0.35388,0.0
0.734244,1.0
0.730312,1.0
0.735635,1.0
0.353626,0.0
0.727929,1.0
0.581936,1.0
0.729977,1.0
0.353026,0.0
0.579851,1.0
0.578885,1.0
0.581274,1.0
0.347879,1.0
0.582426,1.0
0.730759,1.0
0.579438,0.0
0.581707,0.0
0.579856,1.0
0.349183,0.0
0.35495,1.0
0.348347,0.0
0.579814,1.0
0.596088,1.0
0.660636,1.0
0.662682,1.0
0.615055,1.0
0.591443,0.0
0.663971,1.0
0.665332,1.0
0.585991,1.0
0.663415,1.0
0.599308,0.0
0.659747,1.0
0.665628,1.0
0.596559,1.0
0.626678,1.0
0.661847,0.0
0.598361,0.0
0.61494,1.0
0.596354,0.0
0.661858,1.0
0.661556,1.0
0.597654,0.0
0.614581,1.0
0.612744,1.0
0.599093,0.0
0.6116,1.0
0.55373,1.0
0.664622,1.0
0.626087,1.0
0.662362,0.0
0.664677,1.0
0.665943,1.0
0.662235,1.0
0.662375,1.0
0.666461,0.0
0.664766,0.0
0.662134,1.0
0.596012,1.0
0.595687,1.0
0.59705,1.0
0.599086,1.0
0.599173,0.0
0.611617,1.0
0.626528,1.0
0.661914,1.0
0.663066,1.0
0.583398,1.0
0.612443,1.0
0.652433,1.0
0.601362,1.0
0.59454,0.0
0.661888,1.0
0.627024,1.0
0.594439,1.0
0.599844,1.0
0.663475,1.0
0.6154,1.0
0.657757,1.0
0.598357,1.0
0.596943,0.0
0.597876,1.0
0.616964,0.0
0.615055,1.0
0.615706,1.0
0.581845,1.0
0.604141,0.0
0.599736,0.0
0.600962,1.0
0.663536,0.0
0.61973,1.0
0.607733,1.0
0.653589,0.0
0.606983,1.0
0.618883,1.0
0.633094,1.0
0.604689,1.0
0.597392,1.0
0.608066,1.0
0.610615,1.0
0.661779,1.0
0.597601,1.0
0.598356,1.0
0.595174,1.0
0.662683,1.0
0.598091,1.0
0.604565,1.0
0.597073,0.0
0.662279,1.0
0.60698,0.0
0.578195,1.0
0.611632,0.0
0.664741,1.0
0.602977,1.0
0.594252,1.0
0.62667,1.0
0.624127,1.0
0.607114,1.0
0.660054,1.0
0.664725,1.0
0.661363,0.0
0.608019,1.0
0.610354,1.0
0.688142,1.0
0.689482,0.0
0.607436,1.0
0.572298,0.0
0.680797,1.0
0.682163,1.0
0.586142,1.0
0.689825,0.0
0.5913,0.0
0.68789,1.0
0.682178,1.0
0.610741,1.0
0.619476,1.0
0.658535,1.0
0.591504,0.0
0.607307,0.0
0.590112,0.0
0.678593,1.0
0.688706,1.0
0.590411,0.0
0.606716,1.0
0.605223,0.0
0.591601,0.0
0.604342,0.0
0.567013,1.0
0.681194,1.0
0.619749,1.0
0.666232,0.0
0.681641,1.0
0.683761,1.0
0.689324,1.0
0.689225,1.0
0.661218,0.0
0.66079,0.0
0.689181,1.0
0.61021,1.0
0.610041,1.0
0.61051,1.0
0.612291,1.0
0.591331,0.0
0.604348,1.0
0.619383,1.0
0.678738,1.0
0.689794,0.0
0.595334,0.0
0.604849,1.0
0.683108,0.0
0.613894,1.0
0.596936,1.0
0.689161,1.0
0.620014,1.0
0.623922,0.0
0.614369,0.0
0.690069,0.0
0.607156,1.0
0.676541,1.0
0.613464,1.0
0.591001,0.0
0.612181,0.0
0.593516,0.0
0.607431,1.0
0.60739,1.0
0.582908,1.0
0.577565,1.0
0.592055,1.0
0.615515,1.0
0.666647,1.0
0.61656,1.0
0.602843,1.0
0.664166,0.0
0.60266,0.0
0.615578,0.0
0.654745,1.0
0.600446,0.0
0.61098,1.0
0.60366,0.0
0.604407,1.0
0.688967,1.0
0.611009,1.0
0.611687,1.0
0.609623,0.0
0.689738,1.0
0.612264,1.0
0.600134,0.0
0.590049,0.0
0.689274,1.0
0.580476,0.0
0.583439,0.0
0.582264,1.0
0.682176,0.0
0.599673,0.0
0.608268,0.0
0.619898,1.0
0.617915,1.0
0.602726,0.0
0.688086,1.0
0.681313,1.0
0.667149,0.0
0.603199,0.0
0.736251,1.0
0.340724,0.0
0.356416,0.0
0.580121,1.0
0.582295,1.0
0.337411,1.0
0.339311,1.0
0.581092,1.0
0.358002,0.0
0.741762,1.0
0.338582,0.0
0.340104,1.0
0.735321,1.0
0.577399,0.0
0.333573,1.0
0.744735,1.0
0.579605,1.0
0.744443,1.0
0.33476,1.0
0.34097,0.0
0.744965,0.0
0.580101,1.0
0.579698,1.0
0.744193,1.0
0.579735,1.0
0.582026,0.0
0.338265,0.0
0.57752,1.0
0.357942,1.0
0.339755,1.0
0.344932,0.0
0.346686,0.0
0.342755,0.0
0.356189,1.0
0.353136,0.0
0.341796,0.0
0.736014,1.0
0.736298,1.0
0.736327,1.0
0.736085,1.0
0.743879,1.0
0.580208,1.0
0.577396,0.0
0.335115,1.0
0.361731,0.0
0.577137,0.0
0.580175,1.0
0.34902,1.0
0.735413,1.0
0.736498,1.0
0.342472,0.0
0.577469,0.0
0.727615,0.0
0.742676,1.0
0.359253,0.0
0.580066,1.0
0.354275,1.0
0.730681,1.0
0.745088,1.0
0.743407,1.0
0.578416,1.0
0.580121,1.0
0.580061,1.0
0.58125,1.0
0.581995,1.0
0.737661,0.0
0.736244,1.0
0.345301,0.0
0.57762,0.0
0.580375,1.0
0.348688,0.0
0.579953,1.0
0.576955,0.0
0.425729,0.0
0.580069,0.0
0.735719,0.0
0.579928,0.0
0.580298,1.0
0.341194,0.0
0.736313,1.0
0.736253,1.0
0.744299,1.0
0.344342,1.0
0.736226,1.0
0.58006,1.0
0.74337,1.0
0.342059,0.0
0.58165,1.0
0.581006,1.0
0.581644,0.0
0.353754,1.0
0.580154,1.0
0.743715,1.0
0.577486,1.0
0.577434,1.0
0.579948,1.0
0.338872,0.0
0.338736,0.0
0.354583,0.0
0.579907,1.0
0.592914,1.0
0.659825,1.0
0.6623,0.0
0.611043,1.0
0.585208,0.0
0.660547,1.0
0.661797,1.0
0.603546,1.0
0.662169,1.0
0.594621,0.0
0.659363,1.0
0.661955,1.0
0.593175,1.0
0.6229,1.0
0.655628,0.0
0.59576,0.0
0.595926,1.0
0.593579,1.0
0.658577,1.0
0.660196,1.0
0.591243,0.0
0.610573,1.0
0.594841,1.0
0.595985,0.0
0.594453,1.0
0.61327,0.0
0.65852,1.0
0.611532,1.0
0.664293,1.0
0.661477,0.0
0.660527,1.0
0.660571,1.0
0.660575,1.0
0.664288,0.0
0.660349,0.0
0.660479,1.0
0.592797,1.0
0.592644,1.0
0.593175,1.0
0.594679,1.0
0.596236,1.0
0.609653,1.0
0.622859,1.0
0.658741,1.0
0.660439,1.0
0.599319,1.0
0.609774,1.0
0.661706,1.0
0.596053,1.0
0.594746,1.0
0.660451,0.0
0.623338,1.0
0.596955,0.0
0.597522,1.0
0.661445,0.0
0.610642,1.0
0.65948,1.0
0.596396,1.0
0.594898,0.0
0.596346,0.0
0.586275,0.0
0.611038,1.0
0.610734,1.0
0.602289,0.0
0.600691,0.0
0.591497,1.0
0.59704,0.0
0.660181,1.0
0.622589,1.0
0.609868,1.0
0.657309,0.0
0.594836,1.0
0.607081,0.0
0.642501,0.0
0.605943,0.0
0.589521,1.0
0.607628,1.0
0.610133,1.0
0.660328,1.0
0.593616,1.0
0.594161,1.0
0.594763,0.0
0.663594,1.0
0.594385,1.0
0.593414,0.0
0.593598,1.0
0.660542,1.0
0.585712,0.0
0.588962,0.0
0.613724,0.0
0.664498,0.0
0.593696,1.0
0.593909,1.0
0.611467,1.0
0.610447,1.0
0.594844,0.0
0.65952,1.0
0.658659,1.0
0.661455,0.0
0.59491,0.0
0.735971,1.0
0.331281,0.0
0.351944,0.0
0.583848,1.0
0.585858,1.0
0.333844,1.0
0.33572,1.0
0.584487,0.0
0.339496,0.0
0.743035,1.0
0.329558,0.0
0.336413,0.0
0.73519,1.0
0.574316,0.0
0.347833,0.0
0.745735,1.0
0.585302,1.0
0.737236,1.0
0.331487,1.0
0.331691,0.0
0.743277,1.0
0.583882,1.0
0.585394,1.0
0.745406,1.0
0.585426,1.0
0.575093,0.0
0.328838,0.0
0.583571,1.0
0.342613,1.0
0.351963,0.0
0.334841,1.0
0.33676,1.0
0.333335,0.0
0.35533,0.0
0.346931,0.0
0.332457,0.0
0.735606,1.0
0.735708,1.0
0.73589,1.0
0.735992,1.0
0.73911,1.0
0.583966,1.0
0.574314,0.0
0.331743,0.0
0.34414,1.0
0.574054,0.0
0.583953,1.0
0.333415,1.0
0.73581,1.0
0.737248,1.0
0.348707,0.0
0.574351,0.0
0.730865,1.0
0.738533,0.0
0.354866,0.0
0.583874,1.0
0.344216,1.0
0.733885,1.0
0.745797,1.0
0.745308,1.0
0.585558,1.0
0.583848,1.0
0.583866,1.0
0.584147,0.0
0.584345,0.0
0.734567,1.0
0.744025,1.0
0.334043,0.0
0.574392,1.0
0.583962,1.0
0.344009,1.0
0.585406,0.0
0.574109,0.0
0.386741,0.0
0.574869,1.0
0.730968,1.0
0.575056,0.0
0.583937,1.0
0.331903,0.0
0.735975,1.0
0.736051,1.0
0.745718,1.0
0.341322,0.0
0.736631,0.0
0.585138,0.0
0.736979,1.0
0.332716,0.0
0.585816,1.0
0.585488,1.0
0.574863,0.0
0.354537,0.0
0.585508,1.0
0.737467,1.0
0.583573,0.0
0.583661,0.0
0.585012,1.0
0.329806,0.0
0.329197,0.0
0.348598,0.0
0.585005,1.0
0.594464,1.0
0.677872,0.0
0.730647,0.0
0.382688,0.0
0.401438,0.0
0.680964,1.0
0.692788,1.0
0.367371,1.0
0.721014,0.0
0.627124,0.0
0.671295,1.0
0.686116,1.0
0.591418,1.0
0.368276,0.0
0.661271,0.0
0.65317,1.0
0.385989,0.0
0.601096,1.0
0.667313,1.0
0.680798,1.0
0.636978,1.0
0.382873,0.0
0.386214,0.0
0.663009,1.0
0.386275,0.0
0.380115,1.0
0.665172,0.0
0.38523,1.0
0.726302,0.0
0.699292,1.0
0.70393,1.0
0.714225,1.0
0.689293,1.0
0.727531,0.0
0.688994,1.0
0.686843,1.0
0.591371,1.0
0.59124,1.0
0.597352,1.0
0.608813,0.0
0.668116,0.0
0.383059,0.0
0.368294,0.0
0.661309,0.0
0.755219,1.0
0.37454,0.0
0.383065,0.0
0.6783,1.0
0.619506,0.0
0.625389,0.0
0.704391,1.0
0.36802,0.0
0.668273,1.0
0.648859,0.0
0.751547,1.0
0.3829,0.0
0.699128,1.0
0.642563,0.0
0.637849,1.0
0.6619,0.0
0.405887,0.0
0.38269,0.0
0.382879,0.0
0.383819,0.0
0.383067,1.0
0.61518,0.0
0.666681,1.0
0.693635,1.0
0.384105,1.0
0.382684,0.0
0.671656,0.0
0.369382,1.0
0.387866,1.0
0.667299,0.0
0.401129,0.0
0.577114,1.0
0.369023,0.0
0.382762,0.0
0.68359,1.0
0.600842,0.0
0.605857,1.0
0.636946,1.0
0.713611,1.0
0.593647,1.0
0.386193,0.0
0.608724,1.0
0.687999,1.0
0.402643,0.0
0.402266,1.0
0.381819,0.0
0.721477,1.0
0.385868,0.0
0.604149,1.0
0.368977,0.0
0.3694,0.0
0.40243,0.0
0.672935,0.0
0.666547,0.0
0.703496,1.0
0.402475,0.0
0.822872,1.0
0.859724,0.0
0.806168,0.0
0.333628,0.0
0.339272,1.0
0.860606,1.0
0.848861,1.0
0.401485,0.0
0.8168,1.0
0.770428,1.0
0.871785,1.0
0.857169,1.0
0.826181,1.0
0.329174,0.0
0.874739,1.0
0.757485,1.0
0.334263,1.0
0.814634,1.0
0.873997,1.0
0.8625,1.0
0.773458,1.0
0.333702,0.0
0.334304,0.0
0.743864,0.0
0.334307,0.0
0.411303,1.0
0.872052,1.0
0.413366,0.0
0.808654,0.0
0.843116,0.0
0.837578,1.0
0.827066,1.0
0.854231,1.0
0.809208,1.0
0.853698,1.0
0.856706,0.0
0.826069,1.0
0.825924,1.0
0.817323,1.0
0.793347,0.0
0.73259,1.0
0.33374,0.0
0.329184,0.0
0.875632,1.0
0.784728,0.0
0.331756,1.0
0.333753,0.0
0.863322,1.0
0.778897,0.0
0.778094,1.0
0.838182,1.0
0.329035,1.0
0.71713,1.0
0.752522,1.0
0.790757,0.0
0.333724,0.0
0.840655,1.0
0.74662,1.0
0.775205,1.0
0.73662,1.0
0.342015,0.0
0.333629,1.0
0.333718,0.0
0.331551,0.0
0.410066,0.0
0.788532,0.0
0.73844,0.0
0.850082,1.0
0.415717,1.0
0.333533,1.0
0.863379,1.0
0.402189,0.0
0.417051,0.0
0.865106,1.0
0.343785,1.0
0.839161,1.0
0.328675,1.0
0.3336,0.0
0.859878,1.0
0.804321,1.0
0.806116,1.0
0.774878,1.0
0.82988,1.0
0.824863,1.0
0.331995,0.0
0.802787,1.0
0.855574,1.0
0.340017,0.0
0.420827,0.0
0.33366,1.0
0.821026,0.0
0.334,0.0
0.81119,1.0
0.32661,0.0
0.326782,1.0
0.340797,1.0
0.864627,1.0
0.870711,1.0
0.839252,1.0
0.34083,1.0
0.597305,1.0
0.670294,0.0
0.718206,1.0
0.285542,0.0
0.352215,1.0
0.683308,1.0
0.694224,1.0
0.360061,1.0
0.712184,0.0
0.626261,1.0
0.671102,1.0
0.684096,1.0
0.594558,1.0
0.288986,0.0
0.661299,1.0
0.655386,1.0
0.352436,1.0
0.603507,1.0
0.67117,1.0
0.679236,1.0
0.639215,1.0
0.285549,0.0
0.285033,0.0
0.658796,0.0
0.285016,0.0
0.450354,1.0
0.663154,0.0
0.362328,0.0
0.718499,1.0
0.693352,0.0
0.704566,1.0
0.714576,1.0
0.686694,1.0
0.719977,1.0
0.687769,1.0
0.680907,0.0
0.594522,1.0
0.594442,1.0
0.600217,0.0
0.601817,0.0
0.664645,1.0
0.285524,0.0
0.288989,0.0
0.660199,1.0
0.750933,1.0
0.357474,0.0
0.285534,0.0
0.680944,1.0
0.61186,0.0
0.622503,1.0
0.70172,1.0
0.356395,1.0
0.676156,0.0
0.639837,1.0
0.742112,0.0
0.28556,0.0
0.700277,1.0
0.642117,0.0
0.63987,1.0
0.659936,1.0
0.285311,0.0
0.3529,1.0
0.285562,0.0
0.286612,0.0
0.364559,0.0
0.607175,1.0
0.662644,0.0
0.690553,1.0
0.449102,1.0
0.352796,0.0
0.6731,0.0
0.360213,0.0
0.371368,0.0
0.6672,0.0
0.357484,0.0
0.582101,0.0
0.355697,0.0
0.285494,0.0
0.681662,0.0
0.599669,1.0
0.608307,1.0
0.639158,0.0
0.709179,1.0
0.592675,0.0
0.286322,1.0
0.611199,0.0
0.685537,0.0
0.284651,0.0
0.364175,0.0
0.357225,0.0
0.713681,0.0
0.284876,0.0
0.60635,1.0
0.286483,1.0
0.353439,0.0
0.353523,0.0
0.669517,0.0
0.664271,1.0
0.700914,1.0
0.353542,0.0
0.573578,0.0
0.512095,0.0
0.525636,0.0
0.621333,0.0
0.594209,1.0
0.510052,1.0
0.514571,1.0
0.59643,0.0
0.526402,0.0
0.581754,0.0
0.504633,1.0
0.510375,1.0
0.57309,0.0
0.620315,1.0
0.499638,1.0
0.59122,0.0
0.593877,0.0
0.574944,1.0
0.50476,1.0
0.508267,0.0
0.585688,0.0
0.621335,1.0
0.621458,1.0
0.598477,0.0
0.621462,1.0
0.574606,0.0
0.50638,0.0
0.611564,0.0
0.525771,0.0
0.522127,0.0
0.518692,1.0
0.522427,1.0
0.511425,0.0
0.523981,0.0
0.511882,1.0
0.517093,0.0
0.572741,0.0
0.572599,0.0
0.580367,0.0
0.583924,1.0
0.592908,0.0
0.621341,1.0
0.620315,0.0
0.499089,1.0
0.536889,0.0
0.607267,0.0
0.62134,1.0
0.509022,1.0
0.587366,1.0
0.581192,0.0
0.517534,1.0
0.592395,1.0
0.60189,1.0
0.587223,0.0
0.538909,0.0
0.621334,0.0
0.516839,1.0
0.591751,1.0
0.586941,0.0
0.591428,0.0
0.6218,1.0
0.593737,0.0
0.621334,1.0
0.620872,0.0
0.610704,1.0
0.580049,0.0
0.601005,1.0
0.513009,1.0
0.575704,0.0
0.608535,0.0
0.510804,1.0
0.611144,1.0
0.609666,1.0
0.508368,1.0
0.608142,0.0
0.574712,0.0
0.60747,1.0
0.62134,0.0
0.514933,1.0
0.574194,0.0
0.577559,1.0
0.591273,1.0
0.52042,1.0
0.5784,0.0
0.608395,1.0
0.582241,1.0
0.516522,1.0
0.621817,1.0
0.611649,0.0
0.607407,1.0
0.529647,0.0
0.621471,1.0
0.575664,0.0
0.608068,0.0
0.607834,0.0
0.608771,1.0
0.509199,1.0
0.500994,1.0
0.5172,1.0
0.608769,1.0
0.614334,1.0
0.679113,1.0
0.690111,1.0
0.666051,1.0
0.596326,0.0
0.681787,1.0
0.683796,1.0
0.60333,1.0
0.684914,1.0
0.616229,1.0
0.679337,1.0
0.681911,1.0
0.614432,1.0
0.664107,1.0
0.676766,0.0
0.620449,0.0
0.594425,1.0
0.613102,1.0
0.679333,1.0
0.682269,1.0
0.617945,0.0
0.666025,1.0
0.66627,1.0
0.619581,1.0
0.666275,1.0
0.539632,1.0
0.675523,1.0
0.648503,1.0
0.690113,0.0
0.683881,1.0
0.685521,0.0
0.687005,1.0
0.683703,1.0
0.688688,1.0
0.682559,0.0
0.681665,1.0
0.614069,1.0
0.613902,1.0
0.611957,1.0
0.613364,1.0
0.621044,0.0
0.666037,1.0
0.66411,1.0
0.676541,1.0
0.693157,1.0
0.63576,1.0
0.666036,1.0
0.681311,1.0
0.614908,1.0
0.61693,1.0
0.685043,1.0
0.592033,1.0
0.620528,1.0
0.6195,1.0
0.690124,1.0
0.666056,1.0
0.684444,1.0
0.615106,1.0
0.618975,0.0
0.6203,1.0
0.667118,0.0
0.594056,1.0
0.666023,1.0
0.665185,1.0
0.646749,1.0
0.617622,1.0
0.620495,1.0
0.683129,1.0
0.541015,0.0
0.638559,1.0
0.676441,1.0
0.647437,0.0
0.644708,1.0
0.674002,0.0
0.637973,1.0
0.610013,1.0
0.636525,1.0
0.666063,1.0
0.678581,1.0
0.614266,1.0
0.614398,1.0
0.614891,0.0
0.686227,1.0
0.611678,1.0
0.632489,1.0
0.610662,0.0
0.679342,1.0
0.667091,1.0
0.649089,1.0
0.636478,1.0
0.687006,1.0
0.666285,1.0
0.61431,1.0
0.631348,1.0
0.63695,1.0
0.639604,1.0
0.675713,1.0
0.677466,1.0
0.684875,0.0
0.6396,1.0
0.733789,1.0
0.327911,0.0
0.336591,0.0
0.579163,1.0
0.579233,1.0
0.330423,0.0
0.331968,0.0
0.578436,1.0
0.332938,0.0
0.735341,1.0
0.328464,0.0
0.330532,0.0
0.733242,1.0
0.57906,0.0
0.345732,0.0
0.744609,0.0
0.578347,1.0
0.735,1.0
0.328762,0.0
0.32921,0.0
0.744417,1.0
0.579168,1.0
0.579175,1.0
0.737197,1.0
0.579175,1.0
0.573862,1.0
0.326037,0.0
0.579915,0.0
0.352057,0.0
0.331899,1.0
0.349945,0.0
0.335433,0.0
0.330268,0.0
0.335321,0.0
0.348043,0.0
0.329589,0.0
0.733459,1.0
0.73347,1.0
0.732674,1.0
0.732516,1.0
0.744165,0.0
0.579168,1.0
0.579059,0.0
0.327013,1.0
0.343417,0.0
0.579153,0.0
0.579168,1.0
0.330045,0.0
0.732989,1.0
0.735219,1.0
0.333184,0.0
0.579084,0.0
0.734554,0.0
0.735607,1.0
0.340362,0.0
0.579164,1.0
0.334449,1.0
0.73466,0.0
0.744517,1.0
0.737386,1.0
0.578012,1.0
0.578328,1.0
0.579168,1.0
0.579097,1.0
0.579763,0.0
0.734003,0.0
0.73649,1.0
0.33127,0.0
0.577841,0.0
0.579314,0.0
0.327671,1.0
0.578678,0.0
0.579792,0.0
0.348891,1.0
0.579407,1.0
0.729979,0.0
0.579162,1.0
0.579163,0.0
0.328984,0.0
0.732997,1.0
0.734474,1.0
0.744192,1.0
0.334394,0.0
0.73159,0.0
0.578415,0.0
0.742013,1.0
0.329506,0.0
0.579223,1.0
0.580012,0.0
0.579216,1.0
0.335274,0.0
0.579172,1.0
0.735021,1.0
0.578133,0.0
0.579135,1.0
0.579428,1.0
0.327045,0.0
0.327466,1.0
0.349344,0.0
0.579428,1.0
0.533746,0.0
0.536624,1.0
0.531666,0.0
0.530708,1.0
0.536928,1.0
0.535689,1.0
0.534752,1.0
0.534126,0.0
0.533776,0.0
0.529142,1.0
0.536711,1.0
0.535629,1.0
0.534307,0.0
0.532028,0.0
0.53592,0.0
0.52958,0.0
0.534904,0.0
0.532365,0.0
0.536685,0.0
0.536064,0.0
0.525526,0.0
0.530903,0.0
0.53089,1.0
0.524654,0.0
0.53089,1.0
0.540103,0.0
0.537798,1.0
0.532086,0.0
0.529434,1.0
0.529579,0.0
0.531785,0.0
0.532792,0.0
0.535437,0.0
0.532543,1.0
0.533498,1.0
0.535622,0.0
0.534102,0.0
0.534,1.0
0.533476,0.0
0.532084,1.0
0.528226,0.0
0.530902,1.0
0.531791,0.0
0.533425,0.0
0.527782,1.0
0.533037,0.0
0.530902,1.0
0.5359,0.0
0.530807,0.0
0.530408,1.0
0.534064,1.0
0.537662,0.0
0.528801,1.0
0.528451,0.0
0.529505,0.0
0.530707,0.0
0.528888,0.0
0.531577,0.0
0.526222,1.0
0.525576,0.0
0.532127,1.0
0.534935,0.0
0.530903,1.0
0.530755,0.0
0.532508,0.0
0.535775,0.0
0.524775,1.0
0.53509,0.0
0.544581,0.0
0.53287,0.0
0.532731,1.0
0.534091,0.0
0.532579,1.0
0.530871,0.0
0.531745,1.0
0.539608,1.0
0.532164,0.0
0.531675,1.0
0.53628,0.0
0.533095,0.0
0.531866,1.0
0.52642,0.0
0.533361,0.0
0.538942,1.0
0.534544,1.0
0.528865,0.0
0.535964,1.0
0.530839,1.0
0.532014,0.0
0.532149,1.0
0.532541,0.0
0.53089,1.0
0.531993,0.0
0.534255,1.0
0.53186,0.0
0.531966,0.0
0.537336,0.0
0.533056,0.0
0.532221,0.0
0.531966,0.0
0.731041,1.0
0.321237,0.0
0.335164,0.0
0.583513,1.0
0.588633,1.0
0.322364,1.0
0.323194,0.0
0.583408,1.0
0.332655,1.0
0.727472,0.0
0.321345,0.0
0.322433,0.0
0.730481,1.0
0.574444,0.0
0.33114,0.0
0.734452,1.0
0.584105,1.0
0.732099,1.0
0.330333,1.0
0.330682,0.0
0.73707,0.0
0.581142,1.0
0.583641,1.0
0.736151,1.0
0.58364,1.0
0.593331,0.0
0.320523,0.0
0.574812,1.0
0.330126,0.0
0.336908,0.0
0.335515,0.0
0.334061,0.0
0.331198,1.0
0.325711,1.0
0.324843,0.0
0.330732,0.0
0.730656,1.0
0.723926,0.0
0.729933,0.0
0.723814,1.0
0.734427,0.0
0.583648,1.0
0.574518,1.0
0.333658,1.0
0.332551,0.0
0.574584,0.0
0.583648,1.0
0.330889,0.0
0.73064,1.0
0.726993,1.0
0.323961,0.0
0.572453,0.0
0.725507,0.0
0.733963,1.0
0.338078,0.0
0.581011,0.0
0.338434,1.0
0.728883,0.0
0.731231,0.0
0.736158,1.0
0.584792,0.0
0.584133,1.0
0.583648,0.0
0.581036,0.0
0.574685,0.0
0.727567,0.0
0.730077,1.0
0.331469,0.0
0.562473,0.0
0.574624,1.0
0.325139,0.0
0.574657,1.0
0.57701,0.0
0.337137,0.0
0.584209,0.0
0.715076,0.0
0.581972,1.0
0.576858,1.0
0.330265,0.0
0.73035,1.0
0.725496,1.0
0.736559,1.0
0.333366,1.0
0.717022,1.0
0.57607,0.0
0.734106,1.0
0.321757,0.0
0.58361,1.0
0.574838,0.0
0.584482,1.0
0.334197,0.0
0.583641,1.0
0.732379,0.0
0.576205,1.0
0.581759,0.0
0.581856,1.0
0.329436,0.0
0.333887,1.0
0.334889,0.0
0.581856,1.0
0.744665,1.0
0.358816,0.0
0.349668,0.0
0.595909,1.0
0.60038,1.0
0.381271,1.0
0.355222,1.0
0.597345,1.0
0.379541,0.0
0.727906,0.0
0.358897,1.0
0.356963,1.0
0.744235,1.0
0.558019,0.0
0.357869,0.0
0.74882,1.0
0.598019,1.0
0.745683,1.0
0.382836,1.0
0.358057,1.0
0.729067,1.0
0.595291,0.0
0.596069,1.0
0.749741,1.0
0.596069,1.0
0.558321,1.0
0.361005,1.0
0.59251,1.0
0.345448,1.0
0.35297,0.0
0.350222,0.0
0.351989,1.0
0.381412,0.0
0.377644,1.0
0.352915,0.0
0.357168,0.0
0.74441,1.0
0.72625,1.0
0.726981,1.0
0.744673,1.0
0.728159,1.0
0.596076,1.0
0.592435,1.0
0.382971,1.0
0.342136,1.0
0.55799,0.0
0.596076,1.0
0.357742,1.0
0.745874,1.0
0.746148,1.0
0.353973,0.0
0.554906,0.0
0.726464,0.0
0.747679,1.0
0.345573,0.0
0.560139,1.0
0.37933,1.0
0.727984,1.0
0.72804,1.0
0.749507,1.0
0.559697,1.0
0.598047,1.0
0.559728,1.0
0.560128,1.0
0.558166,1.0
0.726445,1.0
0.748679,1.0
0.356194,0.0
0.541503,0.0
0.592777,0.0
0.357765,1.0
0.593317,1.0
0.557661,0.0
0.356332,1.0
0.559878,1.0
0.724863,0.0
0.595973,1.0
0.593048,1.0
0.358426,1.0
0.744914,1.0
0.745283,1.0
0.749441,1.0
0.379123,1.0
0.741493,1.0
0.556298,1.0
0.747946,1.0
0.3575,0.0
0.596034,1.0
0.558437,1.0
0.596781,0.0
0.351378,0.0
0.596069,1.0
0.727753,1.0
0.593963,0.0
0.560172,1.0
0.59584,1.0
0.360394,0.0
0.382608,1.0
0.350879,0.0
0.59584,1.0
0.750526,1.0
0.315394,1.0
0.320606,1.0
0.603213,0.0
0.606727,1.0
0.363967,0.0
0.36009,1.0
0.604028,0.0
0.32315,0.0
0.718984,1.0
0.35994,0.0
0.360082,1.0
0.750136,1.0
0.551905,0.0
0.316409,1.0
0.753241,1.0
0.604648,1.0
0.751207,1.0
0.363891,1.0
0.360039,0.0
0.75139,1.0
0.563946,1.0
0.603368,1.0
0.75292,1.0
0.603368,1.0
0.590242,0.0
0.359985,0.0
0.601162,0.0
0.362283,0.0
0.319023,0.0
0.320735,0.0
0.360773,0.0
0.321359,0.0
0.365032,0.0
0.318408,1.0
0.316316,0.0
0.750278,1.0
0.746535,1.0
0.746028,1.0
0.74928,1.0
0.75046,1.0
0.603374,1.0
0.601222,0.0
0.363852,1.0
0.363405,1.0
0.551856,0.0
0.603374,1.0
0.360106,1.0
0.749582,1.0
0.751631,0.0
0.317763,0.0
0.548612,0.0
0.719574,0.0
0.751845,0.0
0.323585,0.0
0.59009,1.0
0.365922,0.0
0.745935,0.0
0.751364,1.0
0.753139,1.0
0.590512,0.0
0.604674,1.0
0.590245,1.0
0.590098,0.0
0.589152,1.0
0.74516,1.0
0.75206,1.0
0.316967,0.0
0.530905,0.0
0.562895,0.0
0.359864,0.0
0.602071,1.0
0.55104,0.0
0.360939,0.0
0.590382,0.0
0.70873,0.0
0.602875,1.0
0.60209,1.0
0.359844,0.0
0.749955,1.0
0.750694,1.0
0.753624,1.0
0.364844,1.0
0.74686,1.0
0.589239,0.0
0.752334,1.0
0.315863,0.0
0.603337,1.0
0.589115,0.0
0.564204,1.0
0.319621,0.0
0.603368,1.0
0.747923,1.0
0.562854,1.0
0.590287,0.0
0.602756,0.0
0.315036,0.0
0.363891,0.0
0.320127,1.0
0.602756,1.0
0.5901,1.0
0.659509,1.0
0.665043,0.0
0.574029,1.0
0.553452,0.0
0.651658,1.0
0.653257,1.0
0.572767,0.0
0.662151,1.0
0.596805,0.0
0.648375,1.0
0.652114,1.0
0.590286,1.0
0.596735,1.0
0.660575,0.0
0.593424,0.0
0.558764,1.0
0.589831,0.0
0.653043,1.0
0.649478,1.0
0.591588,0.0
0.580511,0.0
0.561312,0.0
0.593764,1.0
0.561313,1.0
0.530421,0.0
0.646914,1.0
0.577092,1.0
0.65657,0.0
0.661065,1.0
0.662238,1.0
0.653462,1.0
0.660474,0.0
0.655435,0.0
0.662979,1.0
0.658476,1.0
0.590007,1.0
0.588142,1.0
0.587966,0.0
0.591006,1.0
0.592742,0.0
0.561299,1.0
0.576678,1.0
0.653216,1.0
0.660514,1.0
0.596359,0.0
0.561299,1.0
0.652083,1.0
0.592087,1.0
0.587193,1.0
0.659897,1.0
0.587512,1.0
0.595203,1.0
0.588961,1.0
0.66398,1.0
0.572066,1.0
0.655373,1.0
0.58374,0.0
0.592314,1.0
0.593236,0.0
0.579214,0.0
0.558688,1.0
0.569019,1.0
0.583889,1.0
0.571616,0.0
0.588828,0.0
0.595341,1.0
0.659065,1.0
0.547328,1.0
0.590665,1.0
0.649355,0.0
0.562221,0.0
0.594124,1.0
0.651248,0.0
0.580644,0.0
0.589388,1.0
0.563295,0.0
0.561675,0.0
0.649197,1.0
0.59,1.0
0.590626,1.0
0.59271,0.0
0.657207,1.0
0.588382,1.0
0.576244,1.0
0.590355,0.0
0.657822,1.0
0.561388,1.0
0.584199,0.0
0.57685,1.0
0.661652,0.0
0.56131,1.0
0.588152,1.0
0.574113,1.0
0.583269,1.0
0.575973,0.0
0.65647,1.0
0.651251,1.0
0.664459,0.0
0.563595,0.0
0.733309,1.0
0.326832,0.0
0.348972,0.0
0.57506,1.0
0.593885,1.0
0.323031,0.0
0.327198,1.0
0.575898,0.0
0.325894,0.0
0.741965,1.0
0.321771,0.0
0.326677,1.0
0.732826,1.0
0.566947,1.0
0.346509,1.0
0.745308,1.0
0.593574,1.0
0.742448,1.0
0.327108,1.0
0.322109,1.0
0.744709,0.0
0.585845,1.0
0.592894,0.0
0.738331,1.0
0.593484,1.0
0.568755,1.0
0.321409,0.0
0.574712,1.0
0.344491,0.0
0.325036,1.0
0.326459,0.0
0.323994,0.0
0.342833,0.0
0.343717,0.0
0.329853,0.0
0.322876,0.0
0.733007,1.0
0.730247,1.0
0.738482,1.0
0.732773,1.0
0.743872,1.0
0.593486,1.0
0.574696,0.0
0.327136,0.0
0.334487,0.0
0.567857,0.0
0.593486,1.0
0.326606,1.0
0.733509,1.0
0.73081,1.0
0.324084,1.0
0.564772,1.0
0.730014,0.0
0.732023,1.0
0.328894,0.0
0.590912,1.0
0.325997,1.0
0.734427,1.0
0.736728,1.0
0.745519,1.0
0.573304,0.0
0.593586,1.0
0.591536,0.0
0.572696,1.0
0.590642,1.0
0.737666,0.0
0.737549,1.0
0.32339,0.0
0.540438,0.0
0.569113,1.0
0.342295,1.0
0.592755,1.0
0.566301,0.0
0.342869,1.0
0.573332,1.0
0.722289,0.0
0.592349,1.0
0.593045,0.0
0.321889,0.0
0.733047,1.0
0.733971,1.0
0.745786,1.0
0.330034,0.0
0.729392,1.0
0.571692,0.0
0.744182,1.0
0.322554,0.0
0.59347,1.0
0.573129,1.0
0.58628,0.0
0.343447,0.0
0.593484,1.0
0.731942,0.0
0.586419,1.0
0.572725,1.0
0.575715,1.0
0.321815,0.0
0.322765,1.0
0.348722,0.0
0.592305,1.0
0.742562,1.0
0.361511,0.0
0.352614,0.0
0.594412,1.0
0.602861,1.0
0.363729,1.0
0.38433,0.0
0.556789,1.0
0.35774,0.0
0.747037,1.0
0.366263,0.0
0.384944,1.0
0.74219,1.0
0.591952,1.0
0.382896,1.0
0.748587,1.0
0.59935,0.0
0.745517,1.0
0.384539,0.0
0.385928,0.0
0.729071,0.0
0.600543,1.0
0.562474,1.0
0.747952,1.0
0.599411,1.0
0.596028,0.0
0.367299,0.0
0.594255,1.0
0.355983,0.0
0.382081,0.0
0.357234,0.0
0.36183,1.0
0.358264,0.0
0.357982,1.0
0.357563,1.0
0.361926,0.0
0.742359,1.0
0.740926,1.0
0.743281,1.0
0.743365,1.0
0.747426,1.0
0.599411,1.0
0.55698,1.0
0.362726,1.0
0.35267,0.0
0.551724,0.0
0.599411,1.0
0.384955,1.0
0.744184,1.0
0.742527,1.0
0.38292,0.0
0.591878,1.0
0.726772,1.0
0.743699,0.0
0.353759,1.0
0.598999,1.0
0.382794,1.0
0.74385,0.0
0.745176,1.0
0.749469,1.0
0.554499,1.0
0.599354,1.0
0.561199,1.0
0.593741,1.0
0.602358,1.0
0.726715,1.0
0.747516,1.0
0.361315,0.0
0.521477,0.0
0.592587,1.0
0.385997,0.0
0.602606,1.0
0.551776,0.0
0.385074,1.0
0.59633,1.0
0.724612,1.0
0.60229,1.0
0.562327,0.0
0.365655,0.0
0.74301,1.0
0.743627,1.0
0.749146,1.0
0.358438,1.0
0.740711,1.0
0.554192,1.0
0.747841,1.0
0.362553,0.0
0.599406,1.0
0.596153,1.0
0.559617,1.0
0.356338,0.0
0.599411,1.0
0.726698,1.0
0.598276,1.0
0.593768,1.0
0.596772,1.0
0.363774,0.0
0.385139,1.0
0.353547,1.0
0.602274,1.0
0.853109,1.0
0.889932,1.0
0.846501,0.0
0.424905,0.0
0.423613,1.0
0.906894,1.0
0.886701,1.0
0.421643,1.0
0.877066,1.0
0.804183,1.0
0.906246,1.0
0.899702,1.0
0.854599,1.0
0.43895,0.0
0.873577,1.0
0.789356,1.0
0.398161,1.0
0.830662,1.0
0.887925,1.0
0.898134,1.0
0.802689,1.0
0.433649,1.0
0.415333,0.0
0.792276,1.0
0.41631,0.0
0.466128,0.0
0.909314,0.0
0.42552,0.0
0.861783,1.0
0.874058,0.0
0.874946,1.0
0.900784,1.0
0.871223,1.0
0.879776,1.0
0.884759,1.0
0.892436,0.0
0.854521,1.0
0.866499,1.0
0.848449,1.0
0.843056,0.0
0.801821,1.0
0.416308,0.0
0.41564,0.0
0.90282,0.0
0.854547,1.0
0.422406,1.0
0.416308,1.0
0.899822,1.0
0.83272,0.0
0.853156,1.0
0.879749,1.0
0.447602,0.0
0.830723,0.0
0.819337,1.0
0.871435,0.0
0.422204,0.0
0.886689,1.0
0.825867,0.0
0.826405,1.0
0.779969,0.0
0.430953,1.0
0.414997,1.0
0.413453,0.0
0.430321,0.0
0.432496,1.0
0.86007,1.0
0.786657,1.0
0.890233,1.0
0.543033,1.0
0.433613,1.0
0.886077,1.0
0.426159,0.0
0.416942,1.0
0.888791,1.0
0.43994,0.0
0.884194,0.0
0.424674,1.0
0.401008,1.0
0.904425,1.0
0.849863,1.0
0.843807,1.0
0.787647,1.0
0.887768,1.0
0.866777,1.0
0.427155,0.0
0.810142,1.0
0.894554,1.0
0.416318,0.0
0.43946,0.0
0.416102,0.0
0.863671,1.0
0.41631,1.0
0.87221,1.0
0.429348,0.0
0.430311,1.0
0.431746,1.0
0.898633,1.0
0.902445,1.0
0.860774,1.0
0.42471,0.0
0.623083,0.0
0.568169,1.0
0.563611,1.0
0.60068,0.0
0.585586,1.0
0.569389,1.0
0.567434,1.0
0.583231,0.0
0.565882,0.0
0.615512,0.0
0.570919,1.0
0.568148,0.0
0.623731,0.0
0.598441,1.0
0.563675,1.0
0.616141,1.0
0.587008,0.0
0.619612,1.0
0.567653,1.0
0.569439,0.0
0.617511,0.0
0.583652,1.0
0.601129,1.0
0.614983,0.0
0.602351,1.0
0.590751,1.0
0.574491,1.0
0.600577,0.0
0.562975,0.0
0.568561,1.0
0.565497,0.0
0.568444,1.0
0.564782,0.0
0.565004,0.0
0.565853,1.0
0.571866,0.0
0.623295,1.0
0.624172,1.0
0.621426,0.0
0.623873,1.0
0.617114,0.0
0.602352,0.0
0.600271,0.0
0.571783,1.0
0.561563,0.0
0.579565,1.0
0.586276,0.0
0.568167,1.0
0.622602,1.0
0.622094,0.0
0.566158,1.0
0.59714,0.0
0.622205,1.0
0.619763,0.0
0.566891,0.0
0.601476,0.0
0.565963,1.0
0.620292,1.0
0.62082,0.0
0.617135,0.0
0.581432,1.0
0.586483,1.0
0.601026,0.0
0.599849,1.0
0.584036,1.0
0.623276,1.0
0.615994,1.0
0.568229,1.0
0.542122,1.0
0.582811,0.0
0.567307,1.0
0.601391,1.0
0.580364,1.0
0.566298,1.0
0.598809,0.0
0.628231,0.0
0.585325,0.0
0.585076,0.0
0.57062,1.0
0.62159,0.0
0.621087,1.0
0.614722,1.0
0.566362,1.0
0.624109,1.0
0.598386,1.0
0.615148,1.0
0.568968,0.0
0.60235,1.0
0.59886,0.0
0.600475,1.0
0.563337,0.0
0.586276,1.0
0.623307,1.0
0.600392,0.0
0.583456,0.0
0.583624,1.0
0.569654,0.0
0.568582,1.0
0.561578,1.0
0.601557,1.0
0.852988,1.0
0.883747,0.0
0.841513,0.0
0.332635,0.0
0.423164,1.0
0.904105,1.0
0.87942,1.0
0.437297,1.0
0.872413,1.0
0.810309,1.0
0.896829,1.0
0.896816,1.0
0.854194,1.0
0.343306,0.0
0.875797,1.0
0.798216,1.0
0.419113,1.0
0.83572,1.0
0.880453,1.0
0.888437,1.0
0.80272,1.0
0.432534,0.0
0.335607,0.0
0.79933,1.0
0.32994,0.0
0.359369,1.0
0.895938,1.0
0.332986,0.0
0.858846,0.0
0.864617,0.0
0.870599,1.0
0.899571,1.0
0.867094,1.0
0.882254,1.0
0.887105,1.0
0.88159,0.0
0.855791,1.0
0.865144,1.0
0.84886,1.0
0.841518,0.0
0.808005,1.0
0.326467,0.0
0.33837,0.0
0.897904,1.0
0.852664,0.0
0.46166,1.0
0.41966,0.0
0.897444,1.0
0.83263,0.0
0.852869,1.0
0.873532,1.0
0.343409,1.0
0.832619,1.0
0.81548,1.0
0.871944,0.0
0.328688,0.0
0.887103,1.0
0.817171,0.0
0.830424,1.0
0.782115,1.0
0.450109,1.0
0.422951,1.0
0.334486,0.0
0.338613,0.0
0.429728,0.0
0.861145,1.0
0.795967,1.0
0.884019,1.0
0.688129,1.0
0.437945,1.0
0.878647,1.0
0.329247,1.0
0.460008,1.0
0.888479,1.0
0.334597,0.0
0.873823,1.0
0.42072,1.0
0.429251,0.0
0.895405,1.0
0.850182,1.0
0.846855,0.0
0.796598,1.0
0.889492,1.0
0.865266,1.0
0.347568,1.0
0.8175,1.0
0.886953,1.0
0.329948,0.0
0.334638,0.0
0.340208,0.0
0.860507,1.0
0.423783,1.0
0.870698,1.0
0.33147,1.0
0.434359,1.0
0.43446,0.0
0.890256,1.0
0.899503,1.0
0.866873,1.0
0.329201,0.0
0.623827,1.0
0.569604,1.0
0.563003,1.0
0.614166,0.0
0.583972,1.0
0.569413,1.0
0.56591,1.0
0.580292,0.0
0.565002,0.0
0.617668,0.0
0.568423,1.0
0.56861,1.0
0.624416,0.0
0.61281,1.0
0.565361,1.0
0.619061,1.0
0.583177,0.0
0.621216,1.0
0.566065,1.0
0.56742,0.0
0.618436,0.0
0.598987,1.0
0.613158,0.0
0.61759,0.0
0.6141,1.0
0.595477,1.0
0.568293,0.0
0.614134,1.0
0.566127,1.0
0.566796,0.0
0.564721,1.0
0.568799,1.0
0.564164,0.0
0.566522,0.0
0.567048,1.0
0.569485,1.0
0.624067,1.0
0.624487,1.0
0.622254,0.0
0.624417,1.0
0.619453,0.0
0.614804,1.0
0.613003,0.0
0.568576,1.0
0.565137,0.0
0.573829,1.0
0.600807,1.0
0.568513,1.0
0.623381,1.0
0.622776,0.0
0.565,1.0
0.599135,1.0
0.61976,1.0
0.620046,1.0
0.568092,0.0
0.614644,0.0
0.567023,1.0
0.619922,1.0
0.622484,0.0
0.615692,1.0
0.57808,1.0
0.583816,1.0
0.613508,0.0
0.61324,1.0
0.599476,1.0
0.623714,0.0
0.618841,1.0
0.566588,1.0
0.529719,1.0
0.580841,0.0
0.565794,1.0
0.600606,1.0
0.574183,1.0
0.567222,1.0
0.61428,1.0
0.624709,1.0
0.584378,0.0
0.597497,0.0
0.568223,1.0
0.622386,1.0
0.625201,1.0
0.617708,1.0
0.567397,1.0
0.624384,1.0
0.59732,1.0
0.617361,1.0
0.567197,1.0
0.614099,1.0
0.614262,1.0
0.612536,0.0
0.563085,0.0
0.583679,1.0
0.623444,1.0
0.600599,1.0
0.581547,0.0
0.59856,1.0
0.567672,1.0
0.568792,1.0
0.56396,1.0
0.614387,0.0
0.495897,0.0
0.505167,0.0
0.51073,1.0
0.531162,1.0
0.540208,1.0
0.502135,1.0
0.505166,0.0
0.539809,1.0
0.507935,0.0
0.502882,1.0
0.50296,1.0
0.503116,0.0
0.497561,0.0
0.53272,0.0
0.505679,1.0
0.503786,1.0
0.538836,1.0
0.497983,1.0
0.505044,0.0
0.506061,1.0
0.50403,0.0
0.537308,0.0
0.531539,1.0
0.504448,0.0
0.53237,0.0
0.536736,1.0
0.505168,1.0
0.532251,1.0
0.508413,0.0
0.509603,1.0
0.506257,0.0
0.502669,0.0
0.508634,1.0
0.506882,0.0
0.504226,1.0
0.505622,0.0
0.495647,0.0
0.494359,1.0
0.497913,1.0
0.499211,1.0
0.503745,0.0
0.532074,1.0
0.53147,0.0
0.503016,0.0
0.510971,0.0
0.541928,0.0
0.53631,1.0
0.502987,0.0
0.500559,0.0
0.497465,0.0
0.505852,1.0
0.535751,0.0
0.500768,1.0
0.501468,0.0
0.508769,0.0
0.531035,0.0
0.504121,1.0
0.502019,1.0
0.500787,1.0
0.505562,1.0
0.541728,1.0
0.540227,0.0
0.531333,1.0
0.532606,0.0
0.53712,1.0
0.497157,1.0
0.50463,1.0
0.504523,0.0
0.51912,0.0
0.539843,1.0
0.505304,1.0
0.535447,1.0
0.541842,1.0
0.504111,1.0
0.532195,1.0
0.494011,1.0
0.538839,1.0
0.536176,1.0
0.503125,0.0
0.496197,0.0
0.497842,1.0
0.503412,1.0
0.503934,0.0
0.49449,1.0
0.536304,0.0
0.499805,0.0
0.504211,0.0
0.53237,1.0
0.5322,1.0
0.531718,1.0
0.509422,1.0
0.540271,1.0
0.493233,1.0
0.53535,1.0
0.539635,1.0
0.537483,1.0
0.50379,0.0
0.502719,0.0
0.506762,0.0
0.531202,0.0
0.539733,0.0
0.53604,1.0
0.537652,0.0
0.532656,1.0
0.540984,1.0
0.541804,1.0
0.536121,1.0
0.541074,1.0
0.535607,0.0
0.538943,1.0
0.54143,1.0
0.53729,0.0
0.539922,0.0
0.533078,0.0
0.540336,0.0
0.539914,1.0
0.540381,0.0
0.541442,0.0
0.536195,0.0
0.541024,0.0
0.535477,0.0
0.535317,0.0
0.532922,1.0
0.534973,1.0
0.532997,1.0
0.538061,0.0
0.541393,0.0
0.532974,1.0
0.534079,0.0
0.539275,1.0
0.535443,1.0
0.537502,1.0
0.539827,1.0
0.536349,1.0
0.540953,1.0
0.535768,0.0
0.539987,0.0
0.543617,0.0
0.541952,1.0
0.54118,1.0
0.536174,0.0
0.532922,1.0
0.532755,1.0
0.53734,0.0
0.533585,0.0
0.542889,0.0
0.535006,1.0
0.537367,0.0
0.53713,0.0
0.539065,0.0
0.540177,1.0
0.536951,0.0
0.54061,1.0
0.536951,0.0
0.535091,0.0
0.532516,0.0
0.540936,0.0
0.538155,1.0
0.541992,1.0
0.537642,1.0
0.542775,1.0
0.54074,0.0
0.532792,1.0
0.533059,1.0
0.535352,0.0
0.543001,1.0
0.5398,1.0
0.536445,0.0
0.517343,0.0
0.540884,0.0
0.540473,1.0
0.537081,0.0
0.543531,0.0
0.541014,0.0
0.532889,1.0
0.54376,1.0
0.539966,1.0
0.535467,1.0
0.537212,0.0
0.538959,1.0
0.541752,1.0
0.539064,0.0
0.536846,0.0
0.543565,1.0
0.537495,1.0
0.535538,0.0
0.53661,1.0
0.533106,1.0
0.532893,1.0
0.533004,1.0
0.539425,0.0
0.541116,1.0
0.543017,1.0
0.536975,1.0
0.540703,1.0
0.535569,1.0
0.536833,1.0
0.537498,0.0
0.535227,0.0
0.532623,0.0
0.879466,1.0
0.900324,1.0
0.875616,1.0
0.373674,0.0
0.443309,1.0
0.910733,1.0
0.90097,1.0
0.450303,1.0
0.899885,1.0
0.848228,1.0
0.907467,1.0
0.912335,1.0
0.879022,1.0
0.367033,1.0
0.900839,1.0
0.842311,1.0
0.439369,1.0
0.869574,1.0
0.904904,1.0
0.905962,1.0
0.849966,1.0
0.37278,1.0
0.375194,0.0
0.842739,1.0
0.373214,0.0
0.411129,1.0
0.909288,1.0
0.376646,1.0
0.88969,1.0
0.886251,1.0
0.896211,1.0
0.910488,1.0
0.891539,1.0
0.901525,1.0
0.903066,1.0
0.901859,1.0
0.880689,1.0
0.883612,1.0
0.870208,1.0
0.862232,1.0
0.853377,1.0
0.376786,1.0
0.370335,0.0
0.912678,1.0
0.885069,1.0
0.513762,1.0
0.382697,0.0
0.912847,1.0
0.86254,1.0
0.877769,1.0
0.896073,1.0
0.397375,1.0
0.8597,1.0
0.8585,1.0
0.896012,0.0
0.363748,0.0
0.906488,1.0
0.846868,1.0
0.861216,1.0
0.82964,1.0
0.473306,1.0
0.432622,1.0
0.37455,0.0
0.372943,0.0
0.377572,1.0
0.8755,1.0
0.840169,1.0
0.906677,1.0
0.785134,1.0
0.438493,1.0
0.898703,1.0
0.403667,0.0
0.520962,1.0
0.907071,1.0
0.375915,0.0
0.881272,1.0
0.432647,1.0
0.385267,1.0
0.911889,1.0
0.873013,1.0
0.866493,1.0
0.846188,1.0
0.909341,1.0
0.878976,1.0
0.408024,1.0
0.859915,1.0
0.904437,0.0
0.377652,0.0
0.375944,1.0
0.375406,1.0
0.891345,1.0
0.445773,0.0
0.881283,1.0
0.408237,1.0
0.441503,1.0
0.384153,0.0
0.905986,1.0
0.913733,1.0
0.898051,1.0
0.364266,0.0
0.512932,0.0
0.512932,0.0
0.512932,1.0
0.512932,1.0
0.512932,0.0
0.512932,0.0
0.512932,0.0
0.512932,0.0
0.512932,0.0
0.512932,0.0
0.512932,0.0
0.512932,0.0
0.512932,0.0
0.512932,0.0
0.512932,0.0
0.512932,1.0
0.512932,0.0
0.512932,1.0
0.512932,0.0
0.512932,1.0
0.512932,0.0
0.512932,1.0
0.512932,0.0
0.512932,0.0
0.512932,1.0
0.512932,1.0
0.512932,1.0
0.512932,1.0
0.512932,1.0
0.512932,0.0
0.512932,1.0
0.512932,1.0
0.512932,1.0
0.512932,0.0
0.512932,1.0
0.512932,0.0
0.512932,0.0
0.512932,1.0
0.512932,1.0
0.512932,0.0
0.512932,0.0
0.512932,0.0
0.512932,0.0
0.512932,0.0
0.512932,0.0
0.512932,1.0
0.512932,1.0
0.512932,1.0
0.512932,1.0
0.512932,1.0
0.512932,0.0
0.512932,0.0
0.512932,0.0
0.512932,1.0
0.512932,1.0
0.512932,0.0
0.512932,0.0
0.512932,0.0
0.512932,1.0
0.512932,0.0
0.512932,1.0
0.512932,0.0
0.512932,1.0
0.512932,1.0
0.512932,0.0
0.512932,0.0
0.512932,1.0
0.512932,0.0
0.512932,0.0
0.512932,1.0
0.512932,1.0
0.512932,0.0
0.512932,1.0
0.512932,0.0
0.512932,0.0
0.512932,1.0
0.512932,1.0
0.512932,0.0
0.512932,1.0
0.512932,0.0
0.512932,1.0
0.512932,1.0
0.512932,0.0
0.512932,1.0
0.512932,1.0
0.512932,0.0
0.512932,1.0
0.512932,0.0
0.512932,1.0
0.512932,1.0
0.512932,0.0
0.512932,0.0
0.512932,1.0
0.512932,1.0
0.512932,0.0
0.512932,0.0
0.512932,1.0
0.512932,1.0
0.512932,1.0
0.512932,0.0
0.493895,1.0
0.493895,0.0
0.518569,1.0
0.518569,0.0
0.493895,0.0
0.493895,1.0
0.493895,0.0
0.493895,0.0
0.493895,0.0
0.493895,1.0
0.493895,1.0
0.493895,1.0
0.493895,1.0
0.493895,0.0
0.493895,1.0
0.518569,1.0
0.493895,0.0
0.518569,1.0
0.493895,0.0
0.518569,0.0
0.493895,0.0
0.518569,0.0
0.493895,1.0
0.493895,1.0
0.518569,1.0
0.518569,0.0
0.518569,1.0
0.518569,0.0
0.518569,0.0
0.493895,0.0
0.518569,1.0
0.518569,0.0
0.518569,1.0
0.493895,1.0
0.518569,1.0
0.493895,0.0
0.493895,0.0
0.518569,1.0
0.518569,1.0
0.493895,0.0
0.493895,0.0
0.493895,0.0
0.493895,1.0
0.493895,0.0
0.493895,1.0
0.518569,0.0
0.518569,0.0
0.518569,1.0
0.518569,1.0
0.518569,1.0
0.493895,0.0
0.493895,0.0
0.493895,0.0
0.518569,1.0
0.518569,0.0
0.493895,1.0
0.493895,1.0
0.493895,0.0
0.518569,1.0
0.493895,0.0
0.518569,1.0
0.493895,0.0
0.518569,1.0
0.518569,0.0
0.493895,0.0
0.493895,1.0
0.518569,1.0
0.493895,0.0
0.493895,0.0
0.518569,1.0
0.518569,1.0
0.493895,0.0
0.518569,1.0
0.493895,0.0
0.493895,0.0
0.518569,1.0
0.518569,1.0
0.493895,1.0
0.518569,0.0
0.493895,0.0
0.518569,1.0
0.518569,0.0
0.493895,0.0
0.518569,0.0
0.518569,1.0
0.493895,0.0
0.518569,1.0
0.493895,0.0
0.518569,1.0
0.518569,1.0
0.493895,0.0
0.493895,1.0
0.518569,0.0
0.518569,1.0
0.493895,0.0
0.493895,0.0
0.518569,1.0
0.518569,1.0
0.518569,0.0
0.493895,0.0
0.511904,1.0
0.532489,0.0
0.499922,1.0
0.521149,0.0
0.532489,1.0
0.511904,1.0
0.532489,0.0
0.532489,1.0
0.532489,0.0
0.511904,0.0
0.511904,0.0
0.511904,1.0
0.511904,1.0
0.532489,1.0
0.511904,0.0
0.499922,1.0
0.532489,1.0
0.499922,1.0
0.532489,0.0
0.521149,0.0
0.532489,1.0
0.521149,1.0
0.511904,1.0
0.511904,0.0
0.499922,0.0
0.521149,0.0
0.499922,1.0
0.521149,0.0
0.521149,1.0
0.532489,0.0
0.499922,0.0
0.521149,1.0
0.499922,1.0
0.511904,1.0
0.499922,1.0
0.532489,0.0
0.532489,1.0
0.499922,0.0
0.499922,1.0
0.532489,0.0
0.532489,1.0
0.532489,1.0
0.511904,0.0
0.532489,1.0
0.511904,0.0
0.521149,0.0
0.521149,0.0
0.499922,1.0
0.499922,1.0
0.499922,1.0
0.532489,1.0
0.532489,1.0
0.532489,1.0
0.499922,1.0
0.521149,1.0
0.511904,1.0
0.511904,1.0
0.532489,0.0
0.499922,0.0
0.532489,1.0
0.499922,1.0
0.532489,0.0
0.499922,1.0
0.521149,1.0
0.532489,0.0
0.511904,1.0
0.499922,0.0
0.532489,1.0
0.532489,0.0
0.499922,1.0
0.499922,0.0
0.532489,1.0
0.499922,1.0
0.532489,0.0
0.532489,0.0
0.499922,1.0
0.499922,1.0
0.511904,1.0
0.521149,0.0
0.532489,1.0
0.499922,1.0
0.521149,1.0
0.532489,1.0
0.521149,1.0
0.499922,0.0
0.532489,0.0
0.499922,0.0
0.532489,1.0
0.499922,0.0
0.499922,1.0
0.532489,1.0
0.511904,1.0
0.521149,1.0
0.499922,1.0
0.532489,0.0
0.532489,0.0
0.499922,0.0
0.499922,0.0
0.521149,1.0
0.532489,1.0
0.562203,1.0
0.576364,0.0
0.564084,0.0
0.578189,0.0
0.558531,1.0
0.562203,0.0
0.576364,0.0
0.558531,1.0
0.576364,0.0
0.580036,0.0
0.580036,0.0
0.562203,1.0
0.562203,1.0
0.558531,1.0
0.580036,1.0
0.564084,1.0
0.558531,1.0
0.564084,0.0
0.576364,0.0
0.578189,1.0
0.558531,0.0
0.560397,1.0
0.562203,1.0
0.580036,0.0
0.581833,1.0
0.578189,1.0
0.564084,1.0
0.578189,1.0
0.560397,1.0
0.576364,1.0
0.581833,1.0
0.560397,1.0
0.564084,1.0
0.562203,1.0
0.564084,0.0
0.576364,1.0
0.558531,0.0
0.581833,0.0
0.564084,1.0
0.576364,1.0
0.558531,1.0
0.558531,0.0
0.580036,1.0
0.558531,1.0
0.580036,1.0
0.578189,1.0
0.578189,1.0
0.564084,1.0
0.564084,0.0
0.564084,1.0
0.558531,1.0
0.558531,1.0
0.558531,1.0
0.564084,1.0
0.560397,1.0
0.562203,1.0
0.562203,0.0
0.576364,0.0
0.581833,0.0
0.558531,0.0
0.564084,0.0
0.576364,0.0
0.564084,1.0
0.560397,1.0
0.576364,0.0
0.562203,0.0
0.581833,1.0
0.558531,1.0
0.576364,1.0
0.564084,1.0
0.581833,0.0
0.558531,1.0
0.564084,0.0
0.576364,0.0
0.576364,0.0
0.564084,1.0
0.564084,1.0
0.562203,0.0
0.578189,1.0
0.558531,0.0
0.564084,1.0
0.560397,1.0
0.558531,1.0
0.560397,1.0
0.581833,1.0
0.576364,1.0
0.581833,1.0
0.558531,1.0
0.581833,1.0
0.564084,1.0
0.558531,1.0
0.562203,1.0
0.560397,1.0
0.564084,1.0
0.576364,0.0
0.576364,0.0
0.581833,0.0
0.581833,0.0
0.560397,1.0
0.558531,0.0
0.544438,1.0
0.543231,0.0
0.54289,1.0
0.542794,1.0
0.54565,0.0
0.543864,0.0
0.543231,1.0
0.54565,1.0
0.543231,1.0
0.542024,0.0
0.542024,1.0
0.544438,1.0
0.544438,1.0
0.54565,1.0
0.543012,1.0
0.543453,1.0
0.54565,1.0
0.54289,1.0
0.543231,1.0
0.543769,0.0
0.545091,1.0
0.544676,1.0
0.544438,1.0
0.542024,0.0
0.542573,1.0
0.543769,1.0
0.543453,0.0
0.543769,0.0
0.544676,1.0
0.544227,1.0
0.542573,0.0
0.544676,0.0
0.543453,1.0
0.544438,1.0
0.54289,1.0
0.544227,0.0
0.545091,1.0
0.541606,1.0
0.543453,0.0
0.544227,1.0
0.54565,1.0
0.545091,0.0
0.543012,1.0
0.54565,1.0
0.543012,0.0
0.543769,1.0
0.543769,1.0
0.543453,1.0
0.54289,1.0
0.543453,0.0
0.54565,0.0
0.54565,0.0
0.54565,0.0
0.543453,0.0
0.544676,1.0
0.544438,1.0
0.543864,1.0
0.543231,0.0
0.541606,1.0
0.545091,0.0
0.54289,1.0
0.543231,1.0
0.543453,1.0
0.544676,0.0
0.543231,1.0
0.543864,1.0
0.542573,0.0
0.54565,1.0
0.544227,1.0
0.543453,0.0
0.541606,0.0
0.54565,1.0
0.54289,1.0
0.543231,1.0
0.543231,0.0
0.543453,1.0
0.543453,1.0
0.543864,1.0
0.543769,0.0
0.545091,1.0
0.543453,1.0
0.544676,1.0
0.54565,0.0
0.544676,1.0
0.542573,1.0
0.544227,1.0
0.542573,1.0
0.54565,1.0
0.542573,1.0
0.543453,1.0
0.54565,1.0
0.544438,1.0
0.544676,0.0
0.543453,0.0
0.543231,1.0
0.543231,1.0
0.541606,1.0
0.541606,1.0
0.544676,1.0
0.545091,1.0
0.561874,1.0
0.592976,1.0
0.559573,0.0
0.591543,0.0
0.557866,0.0
0.557709,0.0
0.593204,1.0
0.560573,1.0
0.593204,0.0
0.592076,0.0
0.592366,0.0
0.561874,1.0
0.561874,1.0
0.560573,1.0
0.591435,1.0
0.561355,1.0
0.560573,1.0
0.559573,0.0
0.593204,0.0
0.590209,0.0
0.559029,0.0
0.560037,1.0
0.561874,1.0
0.592076,1.0
0.589872,1.0
0.590604,0.0
0.558431,1.0
0.590209,1.0
0.560037,1.0
0.592213,1.0
0.589411,0.0
0.557136,0.0
0.561355,1.0
0.561874,1.0
0.559573,0.0
0.591923,1.0
0.559029,0.0
0.59074,0.0
0.558431,1.0
0.592213,1.0
0.560573,1.0
0.556417,0.0
0.591435,1.0
0.560573,1.0
0.591082,1.0
0.590604,1.0
0.590604,1.0
0.561355,1.0
0.559573,0.0
0.558431,1.0
0.557866,1.0
0.557866,1.0
0.557866,1.0
0.558431,1.0
0.560037,0.0
0.561874,0.0
0.560345,1.0
0.592976,0.0
0.59074,0.0
0.556417,0.0
0.559573,0.0
0.593204,1.0
0.561355,1.0
0.557136,1.0
0.593204,1.0
0.560345,1.0
0.589411,1.0
0.560573,1.0
0.592213,1.0
0.558431,1.0
0.590347,1.0
0.560573,1.0
0.559573,1.0
0.593204,0.0
0.592976,1.0
0.561355,1.0
0.561355,1.0
0.560345,0.0
0.590209,1.0
0.559029,0.0
0.561355,1.0
0.560037,1.0
0.557866,1.0
0.560037,1.0
0.589872,1.0
0.592213,0.0
0.589872,1.0
0.560573,1.0
0.589872,1.0
0.561355,1.0
0.560573,1.0
0.561874,1.0
0.557136,1.0
0.558431,1.0
0.593204,0.0
0.593204,1.0
0.59074,0.0
0.59074,0.0
0.560037,1.0
0.559029,0.0
0.578497,1.0
0.579634,0.0
0.562798,0.0
0.577803,1.0
0.569614,1.0
0.563825,0.0
0.57982,1.0
0.579548,0.0
0.578072,1.0
0.577617,1.0
0.5777,1.0
0.578497,1.0
0.578497,1.0
0.579548,1.0
0.579776,1.0
0.576764,1.0
0.579548,0.0
0.562798,1.0
0.578072,1.0
0.577737,1.0
0.56695,1.0
0.577822,1.0
0.578497,1.0
0.579351,0.0
0.579748,1.0
0.577871,1.0
0.573481,1.0
0.579619,1.0
0.577822,1.0
0.579975,0.0
0.577356,1.0
0.567043,1.0
0.576764,1.0
0.578497,0.0
0.562798,1.0
0.579737,1.0
0.56695,1.0
0.577438,1.0
0.573481,1.0
0.579975,1.0
0.579548,1.0
0.564858,1.0
0.579776,0.0
0.579548,0.0
0.579481,1.0
0.579918,0.0
0.579918,0.0
0.576764,1.0
0.562798,0.0
0.573481,0.0
0.576448,0.0
0.576448,0.0
0.576448,0.0
0.573481,0.0
0.570069,1.0
0.571217,1.0
0.572886,1.0
0.578026,0.0
0.577438,0.0
0.564858,1.0
0.562798,0.0
0.57982,0.0
0.576764,1.0
0.574498,0.0
0.57982,0.0
0.572886,1.0
0.579382,1.0
0.579548,1.0
0.579975,1.0
0.573481,0.0
0.579208,1.0
0.579548,0.0
0.570444,1.0
0.578072,0.0
0.579634,1.0
0.576764,0.0
0.576764,1.0
0.565871,0.0
0.579619,1.0
0.56695,1.0
0.576764,1.0
0.577822,0.0
0.576448,1.0
0.577822,1.0
0.579748,1.0
0.578103,1.0
0.579748,0.0
0.579548,1.0
0.579748,0.0
0.576764,0.0
0.579548,1.0
0.578497,0.0
0.574498,0.0
0.573481,1.0
0.578072,0.0
0.57982,1.0
0.577438,1.0
0.577438,0.0
0.577822,0.0
0.56695,1.0
0.605897,1.0
0.562045,0.0
0.519723,0.0
0.594379,1.0
0.596042,1.0
0.527691,0.0
0.5947,1.0
0.541974,0.0
0.593989,1.0
0.593851,1.0
0.594262,0.0
0.605897,0.0
0.605897,1.0
0.606585,1.0
0.595483,1.0
0.605081,0.0
0.541974,0.0
0.589325,1.0
0.593989,1.0
0.594323,1.0
0.593674,1.0
0.605941,1.0
0.605897,1.0
0.561291,1.0
0.596012,1.0
0.594763,1.0
0.601051,1.0
0.595081,1.0
0.605941,1.0
0.561044,0.0
0.594592,1.0
0.593784,1.0
0.605081,0.0
0.539936,0.0
0.589325,1.0
0.594632,1.0
0.593674,1.0
0.594665,1.0
0.601051,1.0
0.595118,1.0
0.606585,1.0
0.591959,1.0
0.56025,0.0
0.541974,0.0
0.594957,1.0
0.560279,1.0
0.560279,0.0
0.605081,1.0
0.519723,1.0
0.532637,0.0
0.539783,0.0
0.539783,0.0
0.539783,1.0
0.532637,1.0
0.597227,1.0
0.597994,1.0
0.599873,1.0
0.56248,0.0
0.560198,0.0
0.591959,1.0
0.519723,0.0
0.561455,1.0
0.605081,1.0
0.53478,0.0
0.561455,0.0
0.599873,1.0
0.59543,1.0
0.606585,1.0
0.595118,0.0
0.532637,0.0
0.595,1.0
0.541974,0.0
0.597795,1.0
0.561849,0.0
0.594244,1.0
0.535311,1.0
0.605081,1.0
0.527268,0.0
0.595081,1.0
0.593674,0.0
0.605081,1.0
0.53747,1.0
0.602951,1.0
0.605941,1.0
0.596012,1.0
0.594353,1.0
0.559451,1.0
0.606585,1.0
0.559451,1.0
0.535311,1.0
0.606585,1.0
0.539936,0.0
0.53478,0.0
0.601051,1.0
0.561849,0.0
0.5947,0.0
0.594665,1.0
0.560198,1.0
0.53747,0.0
0.593674,1.0
0.499268,1.0
0.610618,0.0
0.518144,1.0
0.582528,1.0
0.482225,0.0
0.497498,1.0
0.582122,0.0
0.499229,0.0
0.585634,0.0
0.585574,1.0
0.595156,1.0
0.501244,0.0
0.499268,0.0
0.491219,0.0
0.576683,0.0
0.52009,0.0
0.499229,0.0
0.509242,1.0
0.585634,0.0
0.583463,0.0
0.48614,0.0
0.509584,0.0
0.499268,0.0
0.596942,1.0
0.57293,1.0
0.580237,0.0
0.507342,1.0
0.57978,0.0
0.509584,0.0
0.605951,0.0
0.580338,1.0
0.495242,0.0
0.52009,0.0
0.50739,0.0
0.509242,1.0
0.582929,0.0
0.48614,1.0
0.579309,1.0
0.507342,1.0
0.579926,0.0
0.491219,0.0
0.483437,0.0
0.602854,0.0
0.499229,0.0
0.57992,1.0
0.591811,1.0
0.60265,0.0
0.518202,1.0
0.515886,1.0
0.515851,1.0
0.493135,0.0
0.493135,1.0
0.490502,1.0
0.513517,1.0
0.505941,1.0
0.49585,0.0
0.495178,0.0
0.6138,0.0
0.605334,1.0
0.483437,0.0
0.518144,1.0
0.597019,0.0
0.518202,1.0
0.506886,0.0
0.607997,0.0
0.495178,1.0
0.576532,1.0
0.491219,0.0
0.592404,0.0
0.515851,1.0
0.578874,1.0
0.499229,1.0
0.512742,1.0
0.611292,0.0
0.584929,1.0
0.524859,1.0
0.518202,1.0
0.50142,0.0
0.57978,0.0
0.488867,0.0
0.518202,1.0
0.5156,0.0
0.484064,0.0
0.509584,1.0
0.57293,0.0
0.583554,0.0
0.588545,1.0
0.491219,0.0
0.588545,0.0
0.524859,0.0
0.491219,0.0
0.50739,1.0
0.506886,0.0
0.507342,1.0
0.611292,0.0
0.594629,0.0
0.579309,1.0
0.594451,0.0
0.517907,0.0
0.48614,0.0
0.660099,0.0
0.400619,1.0
0.750831,1.0
0.386602,0.0
0.621919,1.0
0.676618,0.0
0.414774,1.0
0.708569,1.0
0.411332,0.0
0.384552,0.0
0.377587,1.0
0.682978,0.0
0.662811,1.0
0.650181,0.0
0.419081,0.0
0.712764,1.0
0.708569,1.0
0.685637,1.0
0.411332,0.0
0.412517,0.0
0.634112,1.0
0.680171,1.0
0.662811,1.0
0.387024,0.0
0.394841,0.0
0.415156,0.0
0.677226,1.0
0.416139,0.0
0.680171,1.0
0.404853,0.0
0.388099,1.0
0.668259,1.0
0.712764,0.0
0.722552,1.0
0.685637,0.0
0.41383,0.0
0.627626,1.0
0.389298,0.0
0.677226,1.0
0.416251,0.0
0.650181,1.0
0.604101,1.0
0.408082,0.0
0.708569,0.0
0.389276,1.0
0.391424,0.0
0.407945,1.0
0.686909,1.0
0.721977,1.0
0.742874,1.0
0.683363,1.0
0.681825,1.0
0.659685,1.0
0.712181,0.0
0.680464,1.0
0.661434,0.0
0.654352,1.0
0.39704,1.0
0.379673,1.0
0.604101,1.0
0.750831,1.0
0.413296,1.0
0.686909,1.0
0.729881,1.0
0.403135,0.0
0.650515,0.0
0.391787,0.0
0.650181,1.0
0.405955,0.0
0.742874,1.0
0.390224,0.0
0.709627,1.0
0.684337,0.0
0.399384,0.0
0.385582,1.0
0.71799,0.0
0.686909,0.0
0.709965,0.0
0.416139,0.0
0.650652,1.0
0.686909,0.0
0.709428,1.0
0.628024,1.0
0.67959,1.0
0.422098,0.0
0.412684,0.0
0.394917,0.0
0.650181,0.0
0.421568,0.0
0.714522,0.0
0.650181,1.0
0.724929,1.0
0.729881,1.0
0.677226,1.0
0.399384,0.0
0.404444,0.0
0.389298,0.0
0.415236,1.0
0.740394,1.0
0.634112,1.0
0.62934,0.0
0.422251,1.0
0.731277,1.0
0.324686,0.0
0.644121,1.0
0.695284,0.0
0.421973,1.0
0.739064,1.0
0.337349,0.0
0.323891,0.0
0.403549,0.0
0.661235,1.0
0.678276,0.0
0.616158,0.0
0.341007,0.0
0.708869,1.0
0.739064,1.0
0.688604,1.0
0.337349,0.0
0.337712,0.0
0.658892,1.0
0.68715,1.0
0.678276,1.0
0.329526,0.0
0.328494,0.0
0.338909,0.0
0.681149,1.0
0.339533,1.0
0.68715,1.0
0.34345,0.0
0.403433,0.0
0.684885,1.0
0.678484,1.0
0.739688,1.0
0.653955,0.0
0.338561,0.0
0.655645,0.0
0.325921,0.0
0.681149,1.0
0.339652,1.0
0.668629,1.0
0.625309,1.0
0.345535,0.0
0.70585,0.0
0.404398,0.0
0.33192,0.0
0.428038,1.0
0.681621,1.0
0.721353,1.0
0.729429,1.0
0.73445,1.0
0.731825,1.0
0.69982,1.0
0.686902,1.0
0.683326,1.0
0.631694,0.0
0.674768,1.0
0.419363,0.0
0.409116,0.0
0.625309,0.0
0.731277,1.0
0.425621,0.0
0.681621,1.0
0.741047,0.0
0.342435,0.0
0.621956,1.0
0.327092,0.0
0.668629,0.0
0.34013,0.0
0.729429,1.0
0.326497,1.0
0.733564,1.0
0.650671,0.0
0.340037,0.0
0.402275,0.0
0.687542,0.0
0.65031,0.0
0.713601,0.0
0.339533,1.0
0.695024,0.0
0.65031,1.0
0.718516,1.0
0.648694,1.0
0.679816,1.0
0.342383,0.0
0.337857,1.0
0.334031,0.0
0.616158,0.0
0.347556,0.0
0.694362,1.0
0.668629,1.0
0.732127,1.0
0.741047,1.0
0.681149,1.0
0.340037,0.0
0.33942,0.0
0.325921,0.0
0.426931,0.0
0.736894,1.0
0.658892,1.0
0.6392,0.0
0.454317,0.0
0.772416,1.0
0.278127,0.0
0.668691,1.0
0.732544,0.0
0.446629,1.0
0.748587,1.0
0.280177,0.0
0.278109,0.0
0.357972,0.0
0.714086,0.0
0.657635,0.0
0.607616,0.0
0.28057,0.0
0.730934,1.0
0.748587,0.0
0.712451,1.0
0.280177,0.0
0.280079,0.0
0.682674,1.0
0.698406,0.0
0.692257,0.0
0.282404,1.0
0.278646,0.0
0.28018,0.0
0.703816,1.0
0.347687,0.0
0.698406,1.0
0.288674,0.0
0.352448,0.0
0.698318,0.0
0.727275,0.0
0.752041,1.0
0.67567,0.0
0.280342,0.0
0.636258,0.0
0.278303,0.0
0.703816,0.0
0.34777,0.0
0.685612,0.0
0.651993,1.0
0.289509,0.0
0.731911,0.0
0.353032,0.0
0.283086,1.0
0.459356,0.0
0.707941,0.0
0.755727,1.0
0.768187,1.0
0.748209,0.0
0.749401,1.0
0.726414,0.0
0.743152,0.0
0.706057,0.0
0.63302,1.0
0.691653,1.0
0.367526,0.0
0.363865,1.0
0.586508,1.0
0.772416,0.0
0.367101,0.0
0.707941,1.0
0.741424,1.0
0.288312,0.0
0.675152,0.0
0.278475,0.0
0.644543,0.0
0.285263,0.0
0.768187,0.0
0.344143,0.0
0.752771,1.0
0.672682,0.0
0.287362,0.0
0.352143,0.0
0.725621,0.0
0.674551,0.0
0.73899,0.0
0.347687,1.0
0.688213,1.0
0.704214,0.0
0.73399,1.0
0.67078,0.0
0.703274,1.0
0.280655,0.0
0.347258,1.0
0.283802,0.0
0.607616,0.0
0.285705,0.0
0.734785,0.0
0.685612,1.0
0.758513,0.0
0.754484,1.0
0.703816,0.0
0.287362,0.0
0.285122,0.0
0.278303,1.0
0.367857,1.0
0.759512,1.0
0.682674,0.0
0.587947,1.0
0.591411,1.0
0.53713,1.0
0.622138,0.0
0.565663,1.0
0.538193,0.0
0.576455,1.0
0.533109,1.0
0.622395,0.0
0.622103,0.0
0.61171,0.0
0.574904,1.0
0.586608,0.0
0.58165,1.0
0.622505,1.0
0.555972,1.0
0.53836,1.0
0.578655,0.0
0.622395,0.0
0.622429,1.0
0.569259,1.0
0.591856,1.0
0.588338,1.0
0.609187,0.0
0.622229,1.0
0.62247,1.0
0.584248,1.0
0.609683,1.0
0.585727,0.0
0.621112,1.0
0.61286,0.0
0.585227,1.0
0.574962,1.0
0.53357,1.0
0.590421,0.0
0.622426,1.0
0.577912,0.0
0.622166,0.0
0.591011,0.0
0.609674,1.0
0.585061,1.0
0.558809,1.0
0.621064,1.0
0.542254,0.0
0.612801,1.0
0.609174,1.0
0.590428,1.0
0.59428,1.0
0.539701,0.0
0.536716,1.0
0.538062,1.0
0.533013,1.0
0.558172,1.0
0.5603,1.0
0.590052,0.0
0.575209,0.0
0.577933,0.0
0.610672,0.0
0.596016,0.0
0.561105,0.0
0.541578,0.0
0.611217,1.0
0.587793,0.0
0.532929,0.0
0.621127,1.0
0.585616,1.0
0.622192,1.0
0.582917,1.0
0.621574,0.0
0.541338,0.0
0.609704,0.0
0.533963,1.0
0.59285,0.0
0.62118,0.0
0.612857,0.0
0.568011,1.0
0.595271,1.0
0.538572,0.0
0.595096,1.0
0.546728,0.0
0.59624,1.0
0.550179,1.0
0.577863,1.0
0.586688,1.0
0.622557,1.0
0.595101,1.0
0.621569,0.0
0.58165,1.0
0.621906,0.0
0.565718,1.0
0.57853,1.0
0.539933,1.0
0.533377,1.0
0.591011,1.0
0.62118,0.0
0.621565,0.0
0.609884,0.0
0.596349,0.0
0.535133,1.0
0.577156,0.0
0.538001,1.0
0.53959,0.0
0.516382,1.0
0.528993,0.0
0.530266,0.0
0.519388,0.0
0.541133,1.0
0.517227,0.0
0.528934,0.0
0.529001,1.0
0.531822,0.0
0.523567,1.0
0.53126,1.0
0.555023,0.0
0.52996,1.0
0.515506,1.0
0.51746,1.0
0.520846,0.0
0.528934,1.0
0.529979,0.0
0.527152,0.0
0.524346,1.0
0.526464,1.0
0.531963,0.0
0.530024,0.0
0.529969,1.0
0.522336,0.0
0.533593,0.0
0.523733,1.0
0.530293,0.0
0.531501,0.0
0.525068,1.0
0.519687,0.0
0.51726,1.0
0.528356,1.0
0.52998,0.0
0.538715,0.0
0.528986,1.0
0.524219,0.0
0.533596,0.0
0.529215,0.0
0.533283,0.0
0.530305,1.0
0.518451,0.0
0.532606,0.0
0.533005,1.0
0.53993,1.0
0.522883,0.0
0.515534,0.0
0.516211,0.0
0.517269,0.0
0.517139,0.0
0.517631,0.0
0.515459,0.0
0.523856,1.0
0.534997,1.0
0.525501,1.0
0.532084,0.0
0.535643,0.0
0.549234,0.0
0.518014,0.0
0.53302,0.0
0.522327,1.0
0.51835,0.0
0.530289,0.0
0.533429,0.0
0.530033,0.0
0.535678,0.0
0.529126,1.0
0.517779,0.0
0.532506,0.0
0.517033,1.0
0.529052,0.0
0.529218,1.0
0.531506,0.0
0.517148,0.0
0.527953,1.0
0.518882,0.0
0.536678,0.0
0.520288,0.0
0.52494,1.0
0.515139,1.0
0.53565,0.0
0.522531,0.0
0.529946,1.0
0.53667,0.0
0.529132,0.0
0.555023,0.0
0.529048,1.0
0.516968,1.0
0.526442,1.0
0.517092,0.0
0.517306,1.0
0.523631,0.0
0.529218,0.0
0.529128,1.0
0.531786,0.0
0.535605,1.0
0.516802,0.0
0.531519,1.0
0.65441,0.0
0.383581,1.0
0.730426,1.0
0.330022,1.0
0.67858,1.0
0.743117,0.0
0.491018,1.0
0.745947,1.0
0.328741,1.0
0.33541,0.0
0.337168,1.0
0.687298,0.0
0.667719,1.0
0.610284,1.0
0.3369,0.0
0.722176,1.0
0.744897,1.0
0.690496,1.0
0.334,0.0
0.331957,0.0
0.682207,1.0
0.670821,0.0
0.668591,1.0
0.367754,0.0
0.332946,0.0
0.337121,1.0
0.679036,1.0
0.350361,0.0
0.677814,1.0
0.333376,0.0
0.335248,0.0
0.671729,1.0
0.701259,1.0
0.74243,1.0
0.668622,0.0
0.331893,1.0
0.661975,1.0
0.335174,0.0
0.676396,0.0
0.350365,0.0
0.668745,0.0
0.678411,1.0
0.33862,0.0
0.742105,0.0
0.339204,0.0
0.378097,0.0
0.391679,0.0
0.673023,1.0
0.735955,1.0
0.734846,1.0
0.744853,0.0
0.74353,1.0
0.724169,1.0
0.724396,0.0
0.67412,1.0
0.667588,1.0
0.680433,1.0
0.336864,0.0
0.391932,1.0
0.622946,1.0
0.738047,1.0
0.339078,0.0
0.674906,1.0
0.745226,1.0
0.333435,0.0
0.6631,0.0
0.333107,0.0
0.661336,0.0
0.334906,1.0
0.739345,1.0
0.347125,1.0
0.740175,1.0
0.66862,0.0
0.335443,0.0
0.335392,1.0
0.715211,1.0
0.662937,0.0
0.743929,0.0
0.407233,0.0
0.733857,0.0
0.663531,1.0
0.730649,1.0
0.66429,1.0
0.67692,1.0
0.336714,1.0
0.407397,0.0
0.330071,0.0
0.610284,1.0
0.333827,0.0
0.718028,1.0
0.675104,1.0
0.743671,1.0
0.742102,1.0
0.673885,0.0
0.330156,0.0
0.334972,0.0
0.366537,0.0
0.393624,0.0
0.74144,1.0
0.672218,1.0
0.66522,0.0
0.40444,1.0
0.805295,1.0
0.372994,1.0
0.709937,1.0
0.783284,1.0
0.514714,1.0
0.79217,1.0
0.372125,0.0
0.307438,0.0
0.375566,0.0
0.732137,1.0
0.704582,1.0
0.636754,0.0
0.308544,0.0
0.785149,1.0
0.786517,1.0
0.74538,1.0
0.306689,1.0
0.305262,0.0
0.718005,1.0
0.71096,1.0
0.718404,1.0
0.322347,1.0
0.305769,1.0
0.378903,0.0
0.733282,1.0
0.31248,0.0
0.725378,1.0
0.305777,0.0
0.304663,1.0
0.722835,1.0
0.767597,0.0
0.791059,1.0
0.699595,1.0
0.374625,0.0
0.691105,0.0
0.307316,0.0
0.715058,1.0
0.312479,0.0
0.69465,0.0
0.706315,1.0
0.309248,0.0
0.783187,0.0
0.307059,0.0
0.330417,1.0
0.333241,0.0
0.732545,1.0
0.800214,1.0
0.805381,1.0
0.78475,1.0
0.793982,1.0
0.782351,1.0
0.785162,1.0
0.727993,1.0
0.695221,1.0
0.719499,1.0
0.305038,1.0
0.413462,1.0
0.649562,1.0
0.801909,1.0
0.306615,1.0
0.734046,1.0
0.793093,1.0
0.305814,0.0
0.681556,0.0
0.305849,1.0
0.672745,0.0
0.376844,0.0
0.799755,1.0
0.382255,0.0
0.792864,1.0
0.69833,1.0
0.307271,0.0
0.374559,0.0
0.787398,1.0
0.70011,1.0
0.784769,0.0
0.344642,1.0
0.760715,1.0
0.725927,0.0
0.787666,1.0
0.69752,1.0
0.732467,1.0
0.378616,1.0
0.344774,0.0
0.303869,0.0
0.636754,0.0
0.306491,0.0
0.782169,0.0
0.715808,1.0
0.794418,1.0
0.791943,1.0
0.716427,1.0
0.30384,0.0
0.307078,0.0
0.321781,1.0
0.336968,1.0
0.798335,1.0
0.70642,1.0
0.70418,1.0
0.573202,1.0
0.360124,0.0
0.573,1.0
0.702796,1.0
0.363856,0.0
0.570568,1.0
0.362725,0.0
0.578221,1.0
0.577674,0.0
0.57851,0.0
0.628957,0.0
0.716928,1.0
0.664342,1.0
0.577696,1.0
0.413977,0.0
0.362776,0.0
0.655469,1.0
0.576866,1.0
0.577667,1.0
0.702199,1.0
0.721342,1.0
0.719323,1.0
0.577004,0.0
0.576912,1.0
0.578483,1.0
0.709536,1.0
0.578088,1.0
0.716887,1.0
0.577699,0.0
0.577263,1.0
0.713636,1.0
0.539363,0.0
0.36142,1.0
0.71268,0.0
0.578306,1.0
0.69695,0.0
0.577672,1.0
0.714449,0.0
0.578088,1.0
0.714552,1.0
0.687757,1.0
0.577731,0.0
0.371344,0.0
0.577934,1.0
0.57675,1.0
0.578853,0.0
0.717166,1.0
0.369584,0.0
0.361682,0.0
0.365237,0.0
0.362243,0.0
0.415917,0.0
0.406094,1.0
0.709892,1.0
0.710294,1.0
0.708961,0.0
0.577327,0.0
0.572663,1.0
0.652548,1.0
0.359944,0.0
0.5773,0.0
0.709987,1.0
0.361941,0.0
0.577699,0.0
0.707187,1.0
0.576911,1.0
0.705275,1.0
0.578418,1.0
0.361197,0.0
0.57868,1.0
0.361647,0.0
0.715587,0.0
0.577693,1.0
0.578473,1.0
0.427655,1.0
0.719924,1.0
0.36514,1.0
0.577051,1.0
0.425975,0.0
0.721431,1.0
0.3924,1.0
0.707022,0.0
0.715362,1.0
0.57299,1.0
0.578853,1.0
0.577653,0.0
0.664342,0.0
0.577673,0.0
0.429437,1.0
0.717684,1.0
0.361849,0.0
0.360814,0.0
0.716524,1.0
0.57766,0.0
0.577684,0.0
0.576993,0.0
0.577095,1.0
0.362011,1.0
0.703611,1.0
0.686144,1.0
0.463406,1.0
0.796458,1.0
0.446921,0.0
0.712287,1.0
0.787334,0.0
0.583797,1.0
0.784161,1.0
0.360076,1.0
0.304903,0.0
0.344498,1.0
0.74253,1.0
0.710326,1.0
0.639662,0.0
0.319394,0.0
0.782689,1.0
0.778518,1.0
0.746434,1.0
0.384738,0.0
0.318835,0.0
0.719898,1.0
0.728279,1.0
0.722433,1.0
0.371218,0.0
0.384271,0.0
0.362449,1.0
0.736308,1.0
0.31823,0.0
0.728919,1.0
0.304508,0.0
0.38281,0.0
0.72611,1.0
0.766144,0.0
0.794004,1.0
0.699298,1.0
0.360923,0.0
0.67781,1.0
0.319186,0.0
0.713352,0.0
0.318229,1.0
0.707798,0.0
0.708205,1.0
0.305053,1.0
0.783355,1.0
0.318077,0.0
0.390884,0.0
0.304131,1.0
0.736634,1.0
0.792445,1.0
0.796875,1.0
0.788345,0.0
0.786048,1.0
0.781176,1.0
0.804927,1.0
0.731204,1.0
0.702217,1.0
0.704837,1.0
0.366462,1.0
0.471381,0.0
0.670576,1.0
0.793398,1.0
0.367036,1.0
0.737089,1.0
0.78503,1.0
0.304513,0.0
0.697588,1.0
0.38429,0.0
0.691017,1.0
0.361633,0.0
0.791419,1.0
0.362136,1.0
0.784589,1.0
0.697878,1.0
0.319101,0.0
0.359947,0.0
0.798183,0.0
0.718918,1.0
0.79535,0.0
0.392697,1.0
0.772833,1.0
0.725385,1.0
0.793748,1.0
0.683497,1.0
0.736048,1.0
0.450623,1.0
0.320083,0.0
0.30433,0.0
0.622449,0.0
0.304785,0.0
0.787042,1.0
0.719467,1.0
0.786361,1.0
0.783473,1.0
0.733472,1.0
0.304298,0.0
0.304822,0.0
0.371132,0.0
0.391224,1.0
0.801324,1.0
0.710046,1.0
0.529185,0.0
0.538972,0.0
0.526787,1.0
0.543742,1.0
0.5252,0.0
0.524206,1.0
0.540171,1.0
0.525102,1.0
0.533881,1.0
0.536101,1.0
0.532216,1.0
0.520486,0.0
0.525743,1.0
0.548459,1.0
0.537422,1.0
0.522937,1.0
0.524387,1.0
0.526602,0.0
0.540702,1.0
0.537381,0.0
0.525455,1.0
0.526823,1.0
0.52607,1.0
0.539571,1.0
0.540674,1.0
0.534051,1.0
0.526999,0.0
0.537375,1.0
0.526103,1.0
0.536076,1.0
0.540606,0.0
0.526226,0.0
0.517772,1.0
0.526013,0.0
0.525103,1.0
0.539873,0.0
0.526826,0.0
0.537407,1.0
0.52439,1.0
0.531203,1.0
0.52679,0.0
0.525223,0.0
0.529711,1.0
0.524438,1.0
0.53735,0.0
0.541121,1.0
0.529706,1.0
0.527348,1.0
0.525718,1.0
0.526737,1.0
0.524288,0.0
0.525299,0.0
0.522554,0.0
0.525274,0.0
0.526695,1.0
0.525746,1.0
0.523151,1.0
0.53334,0.0
0.545064,0.0
0.53317,0.0
0.526412,1.0
0.53338,1.0
0.52714,1.0
0.525252,1.0
0.536076,1.0
0.527771,1.0
0.540675,0.0
0.528391,1.0
0.539923,1.0
0.526082,1.0
0.534044,0.0
0.5252,1.0
0.525332,0.0
0.537403,1.0
0.539825,1.0
0.522968,0.0
0.527249,1.0
0.52471,1.0
0.535551,1.0
0.521109,1.0
0.526958,1.0
0.524549,1.0
0.524684,0.0
0.527006,0.0
0.538251,1.0
0.537572,1.0
0.536061,1.0
0.552533,1.0
0.536093,1.0
0.522571,1.0
0.525429,0.0
0.52542,1.0
0.525143,1.0
0.527353,1.0
0.53606,1.0
0.536096,1.0
0.539564,0.0
0.535443,1.0
0.52691,0.0
0.525414,1.0
0.594647,1.0
0.523937,0.0
0.669381,1.0
0.585483,1.0
0.591892,1.0
0.667146,1.0
0.518899,0.0
0.669172,0.0
0.577167,1.0
0.634292,1.0
0.583084,1.0
0.623543,0.0
0.600101,0.0
0.548545,0.0
0.630877,0.0
0.665428,1.0
0.669137,1.0
0.601188,1.0
0.611141,1.0
0.633162,0.0
0.600984,1.0
0.601141,0.0
0.600435,0.0
0.615887,0.0
0.611273,1.0
0.576443,0.0
0.594112,1.0
0.631317,0.0
0.601233,0.0
0.634344,1.0
0.613555,1.0
0.593406,1.0
0.649709,1.0
0.65946,1.0
0.60444,1.0
0.62381,1.0
0.59461,1.0
0.630893,1.0
0.602424,1.0
0.591242,0.0
0.592042,1.0
0.592294,0.0
0.595631,0.0
0.668419,1.0
0.633433,1.0
0.609802,1.0
0.596692,0.0
0.60201,1.0
0.66875,1.0
0.669214,1.0
0.657984,0.0
0.660346,0.0
0.656332,0.0
0.653885,1.0
0.602536,1.0
0.599136,1.0
0.603382,1.0
0.571363,0.0
0.572258,1.0
0.567339,0.0
0.669477,1.0
0.571714,0.0
0.602694,1.0
0.669231,1.0
0.634344,0.0
0.600934,1.0
0.613045,1.0
0.598671,0.0
0.621631,1.0
0.669381,0.0
0.576751,1.0
0.669353,1.0
0.59686,1.0
0.630914,1.0
0.622056,1.0
0.650237,1.0
0.602444,1.0
0.66655,1.0
0.561878,0.0
0.663788,1.0
0.602241,1.0
0.665766,1.0
0.592084,1.0
0.593429,1.0
0.533546,1.0
0.631923,0.0
0.634334,1.0
0.547776,1.0
0.634295,1.0
0.662343,0.0
0.592204,0.0
0.669383,1.0
0.66935,0.0
0.602057,1.0
0.634341,1.0
0.634303,0.0
0.617654,1.0
0.562318,1.0
0.658823,1.0
0.600141,0.0
0.600766,1.0
0.570079,1.0
0.544925,0.0
0.600189,1.0
0.600443,0.0
0.54034,0.0
0.554241,1.0
0.53683,0.0
0.591709,0.0
0.604868,0.0
0.591484,1.0
0.549795,1.0
0.598149,0.0
0.586694,1.0
0.599209,0.0
0.540558,1.0
0.53929,1.0
0.60263,0.0
0.603058,1.0
0.599913,1.0
0.602611,0.0
0.601877,1.0
0.600168,1.0
0.596332,0.0
0.603067,1.0
0.58478,0.0
0.606927,1.0
0.599284,1.0
0.601321,0.0
0.604867,1.0
0.603859,0.0
0.604738,1.0
0.537268,1.0
0.545928,0.0
0.599956,1.0
0.605272,1.0
0.59498,0.0
0.6051,0.0
0.600655,1.0
0.587684,1.0
0.601368,1.0
0.594852,0.0
0.587585,0.0
0.540189,0.0
0.605772,1.0
0.603059,1.0
0.587966,1.0
0.607715,1.0
0.543571,0.0
0.544992,0.0
0.535927,1.0
0.536994,0.0
0.535299,1.0
0.548844,1.0
0.606301,0.0
0.600375,0.0
0.597638,0.0
0.581675,1.0
0.599249,0.0
0.584238,0.0
0.544018,1.0
0.580881,0.0
0.607511,0.0
0.541347,1.0
0.59896,0.0
0.601566,1.0
0.603807,1.0
0.596269,0.0
0.604585,0.0
0.539101,0.0
0.592429,0.0
0.541259,1.0
0.599792,0.0
0.605102,0.0
0.604616,1.0
0.545915,1.0
0.605546,1.0
0.544586,0.0
0.580887,1.0
0.537317,0.0
0.606036,0.0
0.545996,1.0
0.594184,1.0
0.607032,1.0
0.578664,1.0
0.599544,1.0
0.604858,1.0
0.588151,1.0
0.604865,1.0
0.540022,1.0
0.598785,1.0
0.541833,1.0
0.536681,1.0
0.607133,1.0
0.604858,0.0
0.59896,0.0
0.603204,0.0
0.587831,0.0
0.548059,1.0
0.597007,0.0
0.665455,0.0
0.455706,0.0
0.7622,1.0
0.345993,0.0
0.678616,1.0
0.747397,0.0
0.695312,1.0
0.769028,0.0
0.37706,0.0
0.336771,0.0
0.383804,0.0
0.745273,1.0
0.700667,1.0
0.657741,0.0
0.350299,0.0
0.75135,1.0
0.744614,1.0
0.710073,1.0
0.342172,0.0
0.351511,0.0
0.687138,1.0
0.720231,0.0
0.713567,1.0
0.356746,0.0
0.34217,0.0
0.393798,0.0
0.704884,1.0
0.353903,0.0
0.717196,0.0
0.34038,1.0
0.335242,0.0
0.694797,1.0
0.737679,1.0
0.765908,1.0
0.664046,1.0
0.336205,0.0
0.648413,1.0
0.335497,0.0
0.668723,0.0
0.388974,0.0
0.673534,1.0
0.69436,1.0
0.386256,0.0
0.748025,0.0
0.336517,1.0
0.341842,1.0
0.388837,0.0
0.707682,0.0
0.758463,0.0
0.762707,1.0
0.766134,1.0
0.768601,1.0
0.767329,1.0
0.782234,0.0
0.699427,0.0
0.673753,0.0
0.662906,1.0
0.407447,1.0
0.340213,1.0
0.675806,0.0
0.759989,1.0
0.412379,0.0
0.705234,1.0
0.751287,1.0
0.351573,0.0
0.674008,0.0
0.338895,0.0
0.687349,1.0
0.335388,0.0
0.776572,1.0
0.370218,0.0
0.750876,1.0
0.660187,0.0
0.335494,1.0
0.338959,1.0
0.770318,0.0
0.692334,0.0
0.762937,0.0
0.41255,0.0
0.741977,1.0
0.693917,0.0
0.770949,0.0
0.651547,1.0
0.705003,1.0
0.4401,1.0
0.353167,0.0
0.340413,0.0
0.640441,0.0
0.340381,0.0
0.785277,1.0
0.708331,1.0
0.752768,1.0
0.769158,1.0
0.705178,1.0
0.336813,0.0
0.351564,0.0
0.338336,1.0
0.391565,0.0
0.774725,1.0
0.699102,1.0
0.608882,1.0
0.56477,1.0
0.661652,1.0
0.628611,0.0
0.591477,0.0
0.674492,1.0
0.585765,0.0
0.673,0.0
0.613984,0.0
0.633603,1.0
0.609284,0.0
0.635056,0.0
0.591111,0.0
0.589259,0.0
0.627339,0.0
0.659828,0.0
0.660752,0.0
0.597861,1.0
0.630308,0.0
0.625828,0.0
0.592215,0.0
0.60428,0.0
0.590669,1.0
0.62435,1.0
0.630308,1.0
0.60542,0.0
0.592457,1.0
0.624671,0.0
0.60467,0.0
0.619448,0.0
0.634391,1.0
0.591937,1.0
0.653826,0.0
0.661364,0.0
0.594266,1.0
0.633082,0.0
0.593585,0.0
0.634188,0.0
0.609452,1.0
0.606751,0.0
0.592642,0.0
0.59122,0.0
0.609429,0.0
0.674166,0.0
0.621436,1.0
0.618717,0.0
0.606827,0.0
0.606294,1.0
0.6741,1.0
0.661593,1.0
0.660448,0.0
0.660953,0.0
0.659171,1.0
0.670752,1.0
0.607109,1.0
0.606921,0.0
0.593195,0.0
0.58132,0.0
0.621014,1.0
0.596782,0.0
0.66125,1.0
0.594683,0.0
0.592986,1.0
0.660977,0.0
0.626734,1.0
0.608181,1.0
0.631863,1.0
0.591601,0.0
0.634273,0.0
0.660768,1.0
0.617597,1.0
0.661043,1.0
0.609961,1.0
0.622967,1.0
0.620181,1.0
0.670831,1.0
0.60748,1.0
0.673708,1.0
0.593289,0.0
0.659361,0.0
0.607449,1.0
0.672065,0.0
0.591332,0.0
0.592098,1.0
0.558519,1.0
0.625022,0.0
0.631091,1.0
0.592303,0.0
0.631106,0.0
0.657567,0.0
0.590336,1.0
0.661108,0.0
0.660474,0.0
0.59244,1.0
0.633584,0.0
0.626738,0.0
0.621604,1.0
0.606215,0.0
0.660747,0.0
0.591229,0.0
0.519085,0.0
0.537595,0.0
0.515966,0.0
0.534258,0.0
0.515735,0.0
0.51856,0.0
0.518961,0.0
0.515151,1.0
0.535249,0.0
0.532926,0.0
0.535919,0.0
0.508429,0.0
0.512639,1.0
0.530641,1.0
0.534248,1.0
0.516786,0.0
0.518352,0.0
0.512107,0.0
0.534218,1.0
0.534553,0.0
0.514656,0.0
0.510927,0.0
0.509917,0.0
0.533446,0.0
0.533232,0.0
0.535641,1.0
0.51167,0.0
0.534638,0.0
0.510888,0.0
0.537832,0.0
0.53282,0.0
0.513029,1.0
0.51671,0.0
0.515197,0.0
0.518466,1.0
0.534024,0.0
0.520875,0.0
0.53381,1.0
0.518354,0.0
0.535881,0.0
0.517217,0.0
0.513476,0.0
0.535456,1.0
0.518226,0.0
0.535652,1.0
0.537861,1.0
0.535912,1.0
0.512187,0.0
0.516913,0.0
0.51586,1.0
0.514907,0.0
0.514571,0.0
0.5142,0.0
0.512863,0.0
0.513325,1.0
0.517622,1.0
0.518687,1.0
0.540726,0.0
0.535525,0.0
0.519565,0.0
0.51633,1.0
0.536504,0.0
0.511635,0.0
0.517407,0.0
0.533336,1.0
0.517584,1.0
0.533119,0.0
0.515427,1.0
0.533774,1.0
0.513547,0.0
0.533914,0.0
0.517653,1.0
0.519525,0.0
0.535458,1.0
0.535741,0.0
0.514337,0.0
0.514844,1.0
0.516254,1.0
0.536785,1.0
0.517796,0.0
0.514328,1.0
0.514655,1.0
0.520044,0.0
0.511584,0.0
0.540433,1.0
0.534612,1.0
0.533229,1.0
0.532977,0.0
0.534226,1.0
0.511273,1.0
0.510493,1.0
0.517166,0.0
0.514597,0.0
0.511654,0.0
0.533871,1.0
0.534306,1.0
0.535543,0.0
0.535797,0.0
0.51398,0.0
0.512801,1.0
0.732262,1.0
0.580592,0.0
0.355724,0.0
0.579788,1.0
0.735388,1.0
0.352265,0.0
0.642322,1.0
0.347397,0.0
0.580125,1.0
0.578898,1.0
0.580144,1.0
0.416814,0.0
0.73168,1.0
0.710992,1.0
0.582203,1.0
0.35411,0.0
0.351028,1.0
0.721998,1.0
0.582064,1.0
0.579816,1.0
0.735157,1.0
0.735367,1.0
0.734491,1.0
0.579275,1.0
0.579007,1.0
0.582834,1.0
0.73374,1.0
0.579854,1.0
0.735461,1.0
0.578899,0.0
0.578955,1.0
0.730284,1.0
0.361335,0.0
0.35496,0.0
0.728581,1.0
0.579579,1.0
0.731978,1.0
0.581941,1.0
0.733207,0.0
0.580357,1.0
0.734844,1.0
0.734445,1.0
0.582674,0.0
0.350856,0.0
0.579946,1.0
0.58142,1.0
0.582701,0.0
0.734064,1.0
0.354597,0.0
0.348734,1.0
0.355203,1.0
0.355617,0.0
0.358856,1.0
0.360281,1.0
0.729546,1.0
0.730496,0.0
0.729073,1.0
0.579433,0.0
0.577781,0.0
0.727562,1.0
0.348106,0.0
0.580611,1.0
0.73346,1.0
0.35216,0.0
0.581527,0.0
0.729072,1.0
0.578966,1.0
0.730582,0.0
0.581969,0.0
0.358528,0.0
0.579391,1.0
0.346472,0.0
0.732892,1.0
0.579952,1.0
0.577602,1.0
0.359593,0.0
0.729971,1.0
0.347984,1.0
0.583076,1.0
0.353034,0.0
0.730045,1.0
0.348936,1.0
0.733938,1.0
0.734172,1.0
0.580027,1.0
0.582229,1.0
0.581274,1.0
0.7082,1.0
0.581968,0.0
0.354602,0.0
0.73085,1.0
0.352443,0.0
0.355632,0.0
0.734077,1.0
0.581935,0.0
0.582196,0.0
0.577588,1.0
0.580307,1.0
0.356416,0.0
0.731062,1.0
0.601346,1.0
0.627288,1.0
0.660315,1.0
0.607629,1.0
0.597486,0.0
0.662783,1.0
0.60813,0.0
0.661831,0.0
0.607327,1.0
0.615273,1.0
0.605776,1.0
0.650161,0.0
0.596431,0.0
0.596866,0.0
0.604825,0.0
0.662786,0.0
0.666312,1.0
0.597671,1.0
0.603978,0.0
0.607124,0.0
0.597422,1.0
0.596186,1.0
0.594049,1.0
0.615891,1.0
0.614873,1.0
0.605181,1.0
0.595594,1.0
0.607116,0.0
0.595794,0.0
0.587756,1.0
0.615754,1.0
0.596386,1.0
0.661565,1.0
0.661711,0.0
0.600387,1.0
0.607164,0.0
0.600058,1.0
0.604551,1.0
0.597097,1.0
0.607102,1.0
0.599109,1.0
0.596602,1.0
0.616948,0.0
0.663334,1.0
0.582246,1.0
0.573106,0.0
0.615849,1.0
0.596631,1.0
0.661637,1.0
0.663714,1.0
0.664612,0.0
0.661295,0.0
0.662075,1.0
0.660639,1.0
0.597335,1.0
0.594759,1.0
0.598952,0.0
0.576855,0.0
0.600384,1.0
0.596086,1.0
0.660896,1.0
0.607565,0.0
0.595634,1.0
0.663006,1.0
0.624729,0.0
0.600366,1.0
0.614951,1.0
0.593772,1.0
0.616921,0.0
0.657558,1.0
0.615373,1.0
0.661988,0.0
0.60132,1.0
0.58372,1.0
0.585694,1.0
0.65915,1.0
0.599038,1.0
0.66427,1.0
0.603953,0.0
0.663003,0.0
0.598493,1.0
0.66459,1.0
0.598766,1.0
0.595404,1.0
0.557828,1.0
0.603902,0.0
0.611455,1.0
0.599764,1.0
0.615713,1.0
0.658461,1.0
0.594231,1.0
0.662977,0.0
0.661155,1.0
0.595995,1.0
0.616573,0.0
0.616881,1.0
0.587085,1.0
0.60712,1.0
0.660638,0.0
0.59639,0.0
0.613991,0.0
0.621436,0.0
0.688032,1.0
0.602927,1.0
0.590411,0.0
0.689528,1.0
0.601649,1.0
0.667231,0.0
0.603157,1.0
0.607085,1.0
0.602345,1.0
0.658927,0.0
0.590225,0.0
0.591852,0.0
0.578012,0.0
0.666767,0.0
0.683686,1.0
0.611896,1.0
0.577283,1.0
0.580511,1.0
0.612182,0.0
0.610174,0.0
0.607711,1.0
0.607723,0.0
0.606918,1.0
0.601399,1.0
0.609753,1.0
0.580549,0.0
0.590163,0.0
0.597238,1.0
0.607384,1.0
0.610489,1.0
0.688739,1.0
0.667048,0.0
0.614565,1.0
0.580271,1.0
0.615222,0.0
0.60013,0.0
0.621704,1.0
0.603264,0.0
0.613337,0.0
0.611037,0.0
0.593315,0.0
0.689965,1.0
0.583219,1.0
0.553616,1.0
0.613871,1.0
0.610334,1.0
0.688817,1.0
0.68052,1.0
0.660512,0.0
0.667007,0.0
0.678815,0.0
0.677683,1.0
0.611364,1.0
0.620336,1.0
0.591611,0.0
0.567461,0.0
0.603826,1.0
0.61119,0.0
0.688612,1.0
0.581938,0.0
0.609906,1.0
0.689888,1.0
0.597484,0.0
0.613465,1.0
0.60693,1.0
0.619285,0.0
0.592497,0.0
0.686315,1.0
0.607549,1.0
0.6672,0.0
0.61517,1.0
0.584364,0.0
0.587059,0.0
0.687236,1.0
0.612155,1.0
0.681097,1.0
0.578626,1.0
0.666305,0.0
0.611944,1.0
0.682206,0.0
0.614083,1.0
0.60955,1.0
0.564607,1.0
0.577422,0.0
0.604255,1.0
0.615771,1.0
0.613135,1.0
0.687412,0.0
0.608254,1.0
0.667045,0.0
0.688936,0.0
0.609566,0.0
0.592277,1.0
0.613936,0.0
0.588069,1.0
0.60326,1.0
0.666855,1.0
0.590222,0.0
0.741613,0.0
0.577016,0.0
0.339035,1.0
0.580394,1.0
0.745114,1.0
0.343106,0.0
0.692993,1.0
0.355246,0.0
0.58043,1.0
0.58007,0.0
0.58049,0.0
0.374192,1.0
0.744773,1.0
0.733203,1.0
0.581793,1.0
0.35758,0.0
0.343758,0.0
0.732649,1.0
0.581994,1.0
0.581842,1.0
0.744096,1.0
0.743666,1.0
0.735944,1.0
0.579559,0.0
0.580094,0.0
0.580534,1.0
0.736331,1.0
0.581644,1.0
0.744773,1.0
0.577291,1.0
0.580056,1.0
0.736776,1.0
0.350053,0.0
0.354826,0.0
0.736142,1.0
0.581827,1.0
0.741792,0.0
0.580061,1.0
0.735338,1.0
0.579976,0.0
0.743136,1.0
0.743936,1.0
0.578395,0.0
0.347062,1.0
0.581235,1.0
0.58324,0.0
0.577596,0.0
0.736107,1.0
0.341125,0.0
0.33645,1.0
0.352667,0.0
0.354178,0.0
0.351344,0.0
0.334342,1.0
0.73631,1.0
0.736274,0.0
0.744284,0.0
0.578396,0.0
0.577219,1.0
0.740313,0.0
0.340017,1.0
0.581641,0.0
0.736166,1.0
0.345358,0.0
0.578158,0.0
0.735804,1.0
0.580088,0.0
0.741837,1.0
0.578294,0.0
0.336169,0.0
0.580104,1.0
0.3544,0.0
0.736028,0.0
0.580889,0.0
0.580715,1.0
0.339454,0.0
0.735864,1.0
0.337463,1.0
0.582035,1.0
0.358942,0.0
0.73612,1.0
0.354719,1.0
0.737128,0.0
0.736411,1.0
0.582196,1.0
0.581838,1.0
0.580214,0.0
0.724655,0.0
0.577462,0.0
0.354074,0.0
0.736535,1.0
0.35673,1.0
0.355147,1.0
0.7432,1.0
0.578512,1.0
0.576964,0.0
0.58099,0.0
0.580451,1.0
0.338896,0.0
0.744811,1.0
0.593575,1.0
0.610223,1.0
0.662215,1.0
0.609991,1.0
0.594869,0.0
0.660722,1.0
0.600762,0.0
0.661655,0.0
0.610331,1.0
0.622728,0.0
0.622367,1.0
0.660209,0.0
0.59398,0.0
0.596605,1.0
0.584487,1.0
0.661875,1.0
0.660469,1.0
0.593772,1.0
0.600519,1.0
0.601854,1.0
0.596055,1.0
0.595334,0.0
0.590877,1.0
0.608171,1.0
0.622741,1.0
0.609669,1.0
0.592477,1.0
0.585718,1.0
0.593726,0.0
0.603157,1.0
0.610708,1.0
0.593063,1.0
0.660203,1.0
0.661536,0.0
0.596367,1.0
0.60164,1.0
0.59356,0.0
0.593417,1.0
0.598199,1.0
0.607671,1.0
0.597008,1.0
0.595437,0.0
0.598149,0.0
0.663592,1.0
0.602409,1.0
0.605534,1.0
0.621372,1.0
0.593018,1.0
0.660266,1.0
0.660248,1.0
0.660074,1.0
0.661359,1.0
0.660046,1.0
0.657841,1.0
0.593772,1.0
0.592731,1.0
0.592948,0.0
0.588727,0.0
0.604768,1.0
0.591382,1.0
0.662618,1.0
0.599064,1.0
0.592594,1.0
0.660781,1.0
0.599074,0.0
0.595598,1.0
0.622719,1.0
0.597753,0.0
0.597322,0.0
0.658111,1.0
0.611017,1.0
0.661503,1.0
0.592828,1.0
0.599045,0.0
0.588743,1.0
0.659133,1.0
0.594571,1.0
0.660838,1.0
0.601646,1.0
0.661695,1.0
0.594354,1.0
0.664507,1.0
0.591674,0.0
0.592339,1.0
0.595591,1.0
0.584357,0.0
0.621742,1.0
0.593148,1.0
0.620615,1.0
0.661813,0.0
0.591252,0.0
0.664643,0.0
0.665091,0.0
0.595016,1.0
0.601217,1.0
0.606115,0.0
0.617045,1.0
0.610511,1.0
0.658094,0.0
0.594031,0.0
0.733678,1.0
0.574365,0.0
0.335945,0.0
0.583955,1.0
0.74618,1.0
0.3337,0.0
0.724287,1.0
0.349202,0.0
0.583932,1.0
0.574554,1.0
0.575138,0.0
0.363943,0.0
0.74531,0.0
0.732341,0.0
0.586274,1.0
0.336282,0.0
0.333869,0.0
0.733963,1.0
0.584789,1.0
0.584681,0.0
0.739311,0.0
0.745067,1.0
0.73463,1.0
0.57495,0.0
0.575009,1.0
0.583994,0.0
0.73567,1.0
0.586177,1.0
0.745087,1.0
0.584293,0.0
0.583868,1.0
0.73644,1.0
0.339208,1.0
0.348811,0.0
0.736953,1.0
0.584695,1.0
0.741874,1.0
0.585523,1.0
0.737135,0.0
0.575075,0.0
0.738684,0.0
0.745916,1.0
0.574348,0.0
0.344236,0.0
0.584577,1.0
0.57545,0.0
0.574351,0.0
0.73543,1.0
0.331832,1.0
0.333027,1.0
0.329771,0.0
0.332323,0.0
0.32965,0.0
0.330986,0.0
0.736089,1.0
0.735155,1.0
0.74325,1.0
0.574277,0.0
0.584149,1.0
0.733528,1.0
0.336926,0.0
0.575246,1.0
0.735499,1.0
0.335942,0.0
0.574277,0.0
0.73628,1.0
0.575006,1.0
0.744266,0.0
0.574297,0.0
0.327527,1.0
0.583848,1.0
0.332666,0.0
0.733368,1.0
0.574925,0.0
0.585883,1.0
0.330008,0.0
0.735632,1.0
0.33392,0.0
0.584712,1.0
0.337972,0.0
0.735873,0.0
0.340414,0.0
0.742374,0.0
0.735644,1.0
0.585077,1.0
0.585928,1.0
0.57501,1.0
0.724397,1.0
0.574284,1.0
0.349296,0.0
0.743332,1.0
0.356365,1.0
0.356472,0.0
0.737069,1.0
0.584486,1.0
0.57409,0.0
0.57512,0.0
0.58392,0.0
0.345461,0.0
0.745511,1.0
0.621878,0.0
0.371276,1.0
0.686785,1.0
0.382618,0.0
0.656407,1.0
0.693016,0.0
0.639246,1.0
0.708528,0.0
0.382443,1.0
0.396997,0.0
0.365043,1.0
0.719478,1.0
0.614207,1.0
0.627863,0.0
0.386008,0.0
0.701963,0.0
0.692636,1.0
0.589861,1.0
0.383198,0.0
0.366624,0.0
0.63199,1.0
0.635611,1.0
0.580947,1.0
0.369403,0.0
0.381576,0.0
0.366216,0.0
0.590336,1.0
0.385861,0.0
0.620907,1.0
0.371578,0.0
0.382895,0.0
0.59995,0.0
0.724155,0.0
0.70495,1.0
0.630675,0.0
0.38308,1.0
0.680547,1.0
0.386098,1.0
0.643684,0.0
0.36893,0.0
0.641319,1.0
0.658226,1.0
0.388626,0.0
0.730992,1.0
0.383896,1.0
0.366238,0.0
0.368584,0.0
0.592281,1.0
0.690159,0.0
0.678219,1.0
0.669989,0.0
0.68393,1.0
0.66683,1.0
0.656835,1.0
0.60086,1.0
0.651115,0.0
0.654076,1.0
0.390479,0.0
0.387759,0.0
0.631987,1.0
0.691893,1.0
0.385489,1.0
0.589489,1.0
0.704077,1.0
0.388746,0.0
0.620917,1.0
0.381593,1.0
0.672711,0.0
0.389043,1.0
0.66796,1.0
0.382723,1.0
0.686061,1.0
0.614505,0.0
0.386024,0.0
0.386308,1.0
0.670746,0.0
0.604879,0.0
0.675437,0.0
0.382775,0.0
0.711298,1.0
0.589732,0.0
0.706133,1.0
0.642664,1.0
0.589997,1.0
0.384417,1.0
0.40278,0.0
0.381815,0.0
0.620888,0.0
0.385096,0.0
0.705274,1.0
0.603566,1.0
0.746598,1.0
0.737435,1.0
0.606501,0.0
0.38664,0.0
0.388256,0.0
0.366171,1.0
0.366013,1.0
0.679548,1.0
0.633148,1.0
0.774993,0.0
0.407543,1.0
0.856651,1.0
0.333503,0.0
0.753437,1.0
0.84487,0.0
0.773548,1.0
0.828441,1.0
0.41114,0.0
0.342397,0.0
0.403209,0.0
0.82228,1.0
0.800175,1.0
0.760706,1.0
0.333255,1.0
0.835925,1.0
0.851083,1.0
0.829001,1.0
0.333072,1.0
0.324454,0.0
0.783352,1.0
0.774823,1.0
0.835419,1.0
0.32895,1.0
0.336037,0.0
0.324837,0.0
0.826833,1.0
0.333278,0.0
0.792813,1.0
0.327503,0.0
0.333726,1.0
0.806882,1.0
0.810944,0.0
0.837786,1.0
0.770707,1.0
0.410897,0.0
0.722527,1.0
0.412377,0.0
0.757713,0.0
0.328618,1.0
0.768603,0.0
0.751359,1.0
0.336799,0.0
0.812482,0.0
0.4116,1.0
0.326878,0.0
0.329283,1.0
0.823463,1.0
0.845705,1.0
0.863404,1.0
0.867556,1.0
0.859627,1.0
0.875987,1.0
0.885295,1.0
0.814381,1.0
0.746056,0.0
0.756237,1.0
0.337319,1.0
0.336205,0.0
0.772803,1.0
0.851625,1.0
0.415319,0.0
0.82799,1.0
0.839722,1.0
0.336944,0.0
0.787105,1.0
0.41368,0.0
0.724345,1.0
0.417303,0.0
0.873492,1.0
0.411406,0.0
0.857532,1.0
0.785861,0.0
0.335203,0.0
0.412126,1.0
0.866637,1.0
0.797851,0.0
0.862086,1.0
0.332913,1.0
0.832394,1.0
0.817619,0.0
0.837441,1.0
0.766443,1.0
0.826996,1.0
0.411435,1.0
0.339963,0.0
0.336133,0.0
0.761143,0.0
0.338227,1.0
0.837362,1.0
0.810491,1.0
0.792606,1.0
0.804895,1.0
0.799519,1.0
0.33521,1.0
0.33715,0.0
0.403831,0.0
0.400999,1.0
0.862886,1.0
0.778457,1.0
0.614141,0.0
0.448389,1.0
0.684674,1.0
0.285454,0.0
0.658769,1.0
0.683021,0.0
0.641204,0.0
0.701979,1.0
0.360816,0.0
0.28874,0.0
0.36288,0.0
0.716451,0.0
0.612678,1.0
0.624088,0.0
0.351326,0.0
0.694691,0.0
0.689665,1.0
0.593034,1.0
0.352112,0.0
0.285234,0.0
0.627854,1.0
0.638026,1.0
0.585525,1.0
0.355889,0.0
0.288061,0.0
0.285674,0.0
0.593639,1.0
0.284252,1.0
0.62342,0.0
0.286557,0.0
0.352935,1.0
0.59873,0.0
0.716166,0.0
0.702257,1.0
0.627675,1.0
0.360298,0.0
0.684051,1.0
0.360845,1.0
0.62869,0.0
0.355662,0.0
0.630863,0.0
0.660651,1.0
0.289997,0.0
0.721216,1.0
0.443782,0.0
0.287499,0.0
0.356503,0.0
0.595532,0.0
0.688272,1.0
0.680842,1.0
0.667116,0.0
0.68199,1.0
0.667403,0.0
0.659331,1.0
0.603335,0.0
0.641357,0.0
0.656121,1.0
0.358597,1.0
0.286215,1.0
0.634594,1.0
0.689218,1.0
0.364636,1.0
0.592855,1.0
0.700042,1.0
0.290092,0.0
0.622962,0.0
0.364213,0.0
0.664635,1.0
0.371258,0.0
0.671602,1.0
0.361016,1.0
0.68386,0.0
0.60694,0.0
0.289316,0.0
0.443578,0.0
0.667714,0.0
0.598291,0.0
0.671785,0.0
0.352085,0.0
0.706786,1.0
0.581174,0.0
0.702244,1.0
0.639614,0.0
0.593371,1.0
0.443392,0.0
0.284559,0.0
0.288073,0.0
0.617243,0.0
0.357208,0.0
0.702582,0.0
0.60715,1.0
0.748834,1.0
0.733472,1.0
0.604692,1.0
0.353249,0.0
0.290417,0.0
0.36323,0.0
0.441556,0.0
0.679415,1.0
0.635509,1.0
0.587933,1.0
0.574941,1.0
0.510552,0.0
0.621342,0.0
0.590725,1.0
0.517471,0.0
0.592115,0.0
0.517135,1.0
0.611739,1.0
0.621193,0.0
0.610636,0.0
0.528204,1.0
0.577993,1.0
0.587677,1.0
0.6088,1.0
0.519793,1.0
0.512643,1.0
0.572917,1.0
0.608642,0.0
0.620784,1.0
0.58325,1.0
0.586211,1.0
0.568373,1.0
0.607445,0.0
0.620986,1.0
0.620723,0.0
0.572204,1.0
0.609109,1.0
0.587074,0.0
0.620688,1.0
0.593735,1.0
0.579185,0.0
0.530096,1.0
0.517735,0.0
0.584476,0.0
0.61183,1.0
0.59797,0.0
0.597202,0.0
0.59351,0.0
0.607474,1.0
0.592207,1.0
0.591315,0.0
0.620496,1.0
0.52711,1.0
0.593862,1.0
0.620477,1.0
0.607339,1.0
0.579128,1.0
0.511623,0.0
0.508975,1.0
0.508146,1.0
0.509426,1.0
0.508835,1.0
0.499222,1.0
0.581798,0.0
0.595292,0.0
0.591776,0.0
0.592307,0.0
0.608853,0.0
0.583798,0.0
0.512454,0.0
0.596462,1.0
0.572156,0.0
0.516822,1.0
0.620485,1.0
0.587849,1.0
0.611177,0.0
0.593061,1.0
0.609703,1.0
0.504892,1.0
0.597095,0.0
0.515856,1.0
0.58658,0.0
0.620544,1.0
0.593942,1.0
0.508395,1.0
0.582994,1.0
0.510186,0.0
0.608639,0.0
0.519458,0.0
0.577223,1.0
0.517749,1.0
0.592237,1.0
0.571996,1.0
0.593945,1.0
0.621831,0.0
0.620989,1.0
0.590189,1.0
0.607903,0.0
0.52327,1.0
0.575876,0.0
0.53423,1.0
0.529122,1.0
0.575782,1.0
0.608532,0.0
0.620437,0.0
0.610599,0.0
0.59338,0.0
0.508326,1.0
0.584586,0.0
0.615018,1.0
0.542969,1.0
0.683318,1.0
0.666065,1.0
0.618408,0.0
0.681748,1.0
0.617996,0.0
0.684768,1.0
0.648956,1.0
0.666048,1.0
0.646159,1.0
0.684128,1.0
0.614022,0.0
0.613213,1.0
0.639463,1.0
0.680674,1.0
0.682962,0.0
0.613721,1.0
0.638795,1.0
0.664854,1.0
0.616573,1.0
0.617407,1.0
0.610504,1.0
0.63612,1.0
0.665456,1.0
0.66476,1.0
0.612629,1.0
0.634001,1.0
0.614427,1.0
0.664742,1.0
0.595083,1.0
0.61151,1.0
0.685917,1.0
0.686367,1.0
0.618877,1.0
0.649149,1.0
0.622713,0.0
0.605368,1.0
0.619549,1.0
0.636534,1.0
0.616609,1.0
0.619815,1.0
0.664607,1.0
0.689437,1.0
0.600611,1.0
0.664358,1.0
0.636244,1.0
0.610697,1.0
0.683719,1.0
0.681318,1.0
0.675133,0.0
0.681507,1.0
0.675524,1.0
0.676698,1.0
0.612893,1.0
0.619521,1.0
0.620939,0.0
0.590617,0.0
0.633165,1.0
0.616792,1.0
0.684166,1.0
0.604338,0.0
0.613833,1.0
0.684785,1.0
0.664591,0.0
0.61401,1.0
0.647669,1.0
0.620278,0.0
0.644808,0.0
0.679469,1.0
0.60505,1.0
0.678979,1.0
0.616017,1.0
0.664659,0.0
0.600945,1.0
0.675274,1.0
0.613063,1.0
0.677418,0.0
0.638785,0.0
0.687091,1.0
0.610652,1.0
0.685083,1.0
0.615907,0.0
0.612469,1.0
0.600903,1.0
0.667162,0.0
0.665464,1.0
0.616136,1.0
0.63725,1.0
0.682309,1.0
0.614311,1.0
0.690683,0.0
0.689282,0.0
0.61388,1.0
0.6386,0.0
0.664516,1.0
0.646098,1.0
0.598185,1.0
0.680993,0.0
0.617453,0.0
0.732985,0.0
0.578185,0.0
0.329865,0.0
0.579162,0.0
0.745337,1.0
0.329562,0.0
0.741406,1.0
0.332757,0.0
0.579886,1.0
0.579225,1.0
0.579664,0.0
0.335431,0.0
0.743182,1.0
0.732314,0.0
0.579347,0.0
0.33084,0.0
0.348083,0.0
0.733168,1.0
0.579314,1.0
0.579042,1.0
0.736483,1.0
0.737168,1.0
0.732945,1.0
0.579131,0.0
0.579175,0.0
0.579041,0.0
0.733729,1.0
0.57849,1.0
0.735568,1.0
0.579063,0.0
0.57923,1.0
0.732133,1.0
0.336124,0.0
0.332693,0.0
0.734713,0.0
0.579887,1.0
0.743654,0.0
0.57876,1.0
0.733503,0.0
0.579161,1.0
0.7354,1.0
0.738275,1.0
0.579126,0.0
0.338088,0.0
0.579853,0.0
0.579048,0.0
0.579159,1.0
0.732411,1.0
0.330181,0.0
0.329938,1.0
0.345335,0.0
0.330038,0.0
0.327448,0.0
0.327239,0.0
0.732901,1.0
0.734839,0.0
0.744349,0.0
0.57822,0.0
0.578299,0.0
0.736168,1.0
0.330538,0.0
0.578983,0.0
0.733261,1.0
0.332713,0.0
0.577932,0.0
0.73428,1.0
0.579896,1.0
0.743343,0.0
0.578813,0.0
0.32857,0.0
0.578736,1.0
0.329363,0.0
0.731989,0.0
0.57792,0.0
0.579874,1.0
0.327019,0.0
0.732081,1.0
0.345105,0.0
0.578371,1.0
0.333504,0.0
0.729941,0.0
0.33338,0.0
0.742606,1.0
0.733683,1.0
0.579859,1.0
0.577919,1.0
0.579176,0.0
0.730896,1.0
0.579331,0.0
0.332417,0.0
0.735157,0.0
0.35552,0.0
0.353322,0.0
0.73413,1.0
0.578392,0.0
0.579125,0.0
0.579671,0.0
0.579208,0.0
0.347191,0.0
0.74452,1.0
0.534541,0.0
0.543853,0.0
0.535629,1.0
0.531676,0.0
0.52277,1.0
0.535567,1.0
0.526717,0.0
0.534217,1.0
0.531338,1.0
0.530684,0.0
0.532279,0.0
0.533082,1.0
0.528887,1.0
0.532964,0.0
0.533158,1.0
0.535309,0.0
0.533301,1.0
0.534813,0.0
0.531749,1.0
0.530985,0.0
0.529779,1.0
0.528404,0.0
0.534097,1.0
0.533031,0.0
0.531925,0.0
0.531774,1.0
0.533947,0.0
0.533017,0.0
0.530961,1.0
0.532,1.0
0.535392,0.0
0.533659,0.0
0.532297,1.0
0.534079,0.0
0.535091,1.0
0.53133,0.0
0.525647,0.0
0.533915,0.0
0.534577,0.0
0.532164,1.0
0.528272,1.0
0.525225,0.0
0.531976,1.0
0.531118,0.0
0.534881,0.0
0.532022,1.0
0.532176,1.0
0.534185,1.0
0.535422,0.0
0.531319,1.0
0.535867,0.0
0.535832,0.0
0.537364,0.0
0.537586,0.0
0.533516,0.0
0.532259,1.0
0.529637,1.0
0.539021,0.0
0.534095,0.0
0.527599,1.0
0.535239,1.0
0.537941,1.0
0.534272,1.0
0.534237,0.0
0.533486,1.0
0.530571,1.0
0.531137,0.0
0.527761,1.0
0.534156,1.0
0.536662,1.0
0.53394,0.0
0.53611,0.0
0.536263,0.0
0.533489,0.0
0.533457,1.0
0.53744,0.0
0.532609,1.0
0.535497,1.0
0.533141,1.0
0.533616,0.0
0.538541,1.0
0.534019,1.0
0.526377,0.0
0.533886,0.0
0.533466,1.0
0.531926,0.0
0.531924,0.0
0.528892,0.0
0.532914,1.0
0.534484,1.0
0.536207,0.0
0.52703,1.0
0.528791,0.0
0.532605,0.0
0.534473,0.0
0.531746,1.0
0.532279,0.0
0.534727,0.0
0.53426,0.0
0.526079,0.0
0.72642,0.0
0.557476,0.0
0.322231,0.0
0.574541,0.0
0.732809,1.0
0.321973,0.0
0.735528,1.0
0.323647,0.0
0.583976,1.0
0.581001,0.0
0.574749,0.0
0.325309,0.0
0.729171,1.0
0.726094,1.0
0.576817,1.0
0.331236,0.0
0.324965,0.0
0.730279,1.0
0.584208,1.0
0.581185,0.0
0.728155,1.0
0.735192,1.0
0.723051,0.0
0.574576,0.0
0.574475,0.0
0.576827,0.0
0.730682,1.0
0.582581,1.0
0.726951,1.0
0.576759,0.0
0.584593,1.0
0.72943,1.0
0.325944,0.0
0.332561,0.0
0.722221,1.0
0.581466,1.0
0.734724,0.0
0.583246,1.0
0.727841,0.0
0.58449,1.0
0.727866,0.0
0.737074,0.0
0.576779,1.0
0.335956,1.0
0.574586,0.0
0.576755,0.0
0.584497,0.0
0.722748,1.0
0.331128,1.0
0.326607,1.0
0.330896,0.0
0.330846,0.0
0.32976,0.0
0.329743,0.0
0.730254,1.0
0.723799,0.0
0.728362,0.0
0.572734,0.0
0.573995,0.0
0.728843,1.0
0.322598,0.0
0.575776,0.0
0.723648,1.0
0.332279,0.0
0.576749,0.0
0.725903,1.0
0.581337,0.0
0.72824,0.0
0.576998,0.0
0.321392,0.0
0.583265,1.0
0.330457,0.0
0.725354,1.0
0.574439,0.0
0.585372,1.0
0.329506,0.0
0.723237,1.0
0.322416,0.0
0.585456,1.0
0.333081,0.0
0.715442,1.0
0.324106,1.0
0.735314,1.0
0.730623,1.0
0.585378,1.0
0.582102,1.0
0.574475,0.0
0.729874,0.0
0.576941,0.0
0.323446,1.0
0.728148,1.0
0.333851,0.0
0.339409,0.0
0.731363,1.0
0.574627,1.0
0.576853,1.0
0.574751,0.0
0.574586,1.0
0.332615,0.0
0.737015,1.0
0.726799,1.0
0.531929,0.0
0.35684,1.0
0.558204,0.0
0.75083,1.0
0.356751,0.0
0.748602,1.0
0.354181,0.0
0.596215,1.0
0.560154,1.0
0.5583,0.0
0.352499,1.0
0.747594,1.0
0.745462,1.0
0.593567,1.0
0.356723,0.0
0.352553,1.0
0.743841,1.0
0.596461,1.0
0.560049,1.0
0.746709,1.0
0.748154,1.0
0.726638,1.0
0.557983,1.0
0.558068,1.0
0.557663,1.0
0.744533,1.0
0.59671,1.0
0.745934,1.0
0.557523,0.0
0.598455,1.0
0.744416,1.0
0.350778,1.0
0.354274,0.0
0.744151,1.0
0.595429,1.0
0.727821,1.0
0.597154,1.0
0.726008,0.0
0.596796,1.0
0.727349,0.0
0.728969,1.0
0.593176,1.0
0.376547,1.0
0.557656,1.0
0.557515,1.0
0.559741,0.0
0.743602,1.0
0.381377,1.0
0.380415,1.0
0.357738,0.0
0.357583,0.0
0.36055,1.0
0.360929,1.0
0.744585,1.0
0.72641,0.0
0.727366,0.0
0.555091,0.0
0.557178,0.0
0.747919,1.0
0.356104,1.0
0.555392,1.0
0.743752,1.0
0.354571,0.0
0.557035,1.0
0.745828,1.0
0.560339,1.0
0.727353,1.0
0.557185,0.0
0.358798,0.0
0.597174,1.0
0.358111,0.0
0.743418,0.0
0.557561,1.0
0.597422,1.0
0.360683,0.0
0.744323,1.0
0.356701,0.0
0.597469,1.0
0.353506,1.0
0.741434,1.0
0.379409,1.0
0.74896,0.0
0.744575,1.0
0.597431,1.0
0.596053,1.0
0.558068,1.0
0.7275,1.0
0.557544,1.0
0.37991,0.0
0.744284,1.0
0.340794,0.0
0.34444,0.0
0.745319,1.0
0.593405,1.0
0.593071,0.0
0.558302,1.0
0.593327,1.0
0.354699,0.0
0.749828,1.0
0.743985,1.0
0.511432,0.0
0.359918,0.0
0.552091,1.0
0.75412,1.0
0.316071,1.0
0.753302,1.0
0.317505,0.0
0.603376,1.0
0.590086,1.0
0.552163,1.0
0.36066,0.0
0.75285,1.0
0.747812,1.0
0.602668,1.0
0.316745,0.0
0.36044,0.0
0.750007,1.0
0.603579,1.0
0.590144,1.0
0.75236,1.0
0.752863,1.0
0.745802,1.0
0.589187,0.0
0.589076,0.0
0.589133,1.0
0.750297,1.0
0.603598,1.0
0.751786,1.0
0.550933,0.0
0.605055,1.0
0.749462,1.0
0.360677,0.0
0.318007,0.0
0.749459,1.0
0.602408,1.0
0.750358,1.0
0.603837,1.0
0.715185,0.0
0.603896,1.0
0.719735,0.0
0.75143,1.0
0.60227,0.0
0.36598,0.0
0.589353,1.0
0.589147,1.0
0.551925,0.0
0.749308,1.0
0.363967,1.0
0.364234,0.0
0.316239,0.0
0.316357,0.0
0.36009,0.0
0.3602,1.0
0.749926,1.0
0.717162,0.0
0.722163,0.0
0.54889,0.0
0.551051,0.0
0.752314,1.0
0.359945,0.0
0.589399,0.0
0.750021,1.0
0.317754,0.0
0.589286,0.0
0.750538,1.0
0.59016,1.0
0.7494,1.0
0.550453,0.0
0.315508,0.0
0.603856,1.0
0.316016,0.0
0.717508,0.0
0.589243,0.0
0.604255,1.0
0.315058,0.0
0.748973,0.0
0.316275,0.0
0.604301,1.0
0.360469,0.0
0.745342,1.0
0.364502,1.0
0.726116,0.0
0.750259,1.0
0.604264,1.0
0.602946,1.0
0.589076,0.0
0.745625,1.0
0.589244,1.0
0.32213,0.0
0.74964,1.0
0.327118,0.0
0.324816,0.0
0.750629,1.0
0.602153,0.0
0.562808,0.0
0.589132,0.0
0.602056,1.0
0.317876,1.0
0.75394,1.0
0.588882,1.0
0.519044,1.0
0.649775,1.0
0.587213,1.0
0.593113,0.0
0.660774,0.0
0.59342,0.0
0.659757,0.0
0.561528,1.0
0.572121,1.0
0.587205,1.0
0.652692,0.0
0.591427,0.0
0.589217,1.0
0.560063,1.0
0.658778,0.0
0.652589,1.0
0.590683,1.0
0.561048,1.0
0.571596,1.0
0.591785,0.0
0.592339,0.0
0.586727,1.0
0.582839,1.0
0.583401,1.0
0.56923,1.0
0.589817,1.0
0.561321,0.0
0.590845,1.0
0.594045,1.0
0.557651,1.0
0.589355,1.0
0.653707,1.0
0.660155,0.0
0.59147,1.0
0.564428,1.0
0.594295,1.0
0.560983,1.0
0.594626,1.0
0.560221,0.0
0.59427,1.0
0.59179,1.0
0.573322,1.0
0.657095,1.0
0.569682,1.0
0.568754,1.0
0.593527,1.0
0.589664,1.0
0.654704,1.0
0.652953,1.0
0.658157,1.0
0.658239,0.0
0.647742,1.0
0.649881,1.0
0.590272,1.0
0.594223,0.0
0.595631,1.0
0.587843,0.0
0.594202,1.0
0.590928,1.0
0.650268,1.0
0.572432,1.0
0.589841,1.0
0.659986,1.0
0.578375,0.0
0.591399,1.0
0.572347,1.0
0.5932,0.0
0.592192,0.0
0.657027,1.0
0.560932,1.0
0.657912,1.0
0.593961,1.0
0.581491,0.0
0.559663,1.0
0.656299,1.0
0.586495,1.0
0.658319,1.0
0.55956,0.0
0.652509,1.0
0.588349,1.0
0.656123,1.0
0.595849,0.0
0.589704,1.0
0.559639,1.0
0.563115,1.0
0.583402,1.0
0.590629,1.0
0.568464,1.0
0.661198,1.0
0.58849,1.0
0.664841,0.0
0.664278,0.0
0.590395,1.0
0.574262,1.0
0.588578,1.0
0.583816,1.0
0.562277,1.0
0.662443,0.0
0.592372,1.0
0.728487,1.0
0.47291,0.0
0.322166,0.0
0.584175,1.0
0.746794,1.0
0.346266,0.0
0.745733,1.0
0.342513,0.0
0.593415,1.0
0.590903,1.0
0.584185,0.0
0.342947,1.0
0.744578,1.0
0.73215,0.0
0.593983,0.0
0.342166,0.0
0.323464,0.0
0.732582,1.0
0.593489,1.0
0.590987,1.0
0.743967,1.0
0.744703,1.0
0.729616,1.0
0.572297,0.0
0.572298,1.0
0.59163,1.0
0.733061,1.0
0.592656,1.0
0.735167,1.0
0.566234,0.0
0.593751,1.0
0.732485,1.0
0.324096,1.0
0.342719,1.0
0.732614,1.0
0.592733,1.0
0.736983,1.0
0.59323,1.0
0.726513,0.0
0.593039,1.0
0.730339,1.0
0.737073,0.0
0.574717,0.0
0.327027,1.0
0.591404,1.0
0.591723,0.0
0.56682,0.0
0.732142,1.0
0.327969,1.0
0.323648,1.0
0.322798,0.0
0.342039,0.0
0.321648,0.0
0.325724,0.0
0.732899,1.0
0.736282,0.0
0.732592,0.0
0.566426,0.0
0.566438,0.0
0.736783,1.0
0.322336,0.0
0.571422,0.0
0.732684,1.0
0.324034,0.0
0.572858,0.0
0.734298,1.0
0.590851,1.0
0.742912,0.0
0.56708,0.0
0.322246,0.0
0.593238,1.0
0.322619,1.0
0.727351,1.0
0.573045,1.0
0.593666,1.0
0.321815,0.0
0.727584,1.0
0.322887,1.0
0.593082,1.0
0.323407,1.0
0.728236,1.0
0.329193,1.0
0.741716,1.0
0.733038,1.0
0.59367,1.0
0.592935,1.0
0.572298,0.0
0.731427,1.0
0.591763,1.0
0.325074,0.0
0.732393,1.0
0.347793,0.0
0.346339,0.0
0.733756,1.0
0.574807,0.0
0.568724,0.0
0.572353,0.0
0.593319,1.0
0.347355,0.0
0.738672,1.0
0.741781,1.0
0.414029,0.0
0.36519,0.0
0.597407,1.0
0.751184,1.0
0.35861,0.0
0.748863,1.0
0.358898,0.0
0.599375,1.0
0.598993,0.0
0.558205,1.0
0.384173,1.0
0.747674,1.0
0.728387,1.0
0.562507,1.0
0.36008,0.0
0.362679,0.0
0.741801,1.0
0.599398,1.0
0.599043,1.0
0.746829,1.0
0.747834,1.0
0.741151,1.0
0.55514,1.0
0.593728,1.0
0.599547,1.0
0.74249,1.0
0.602412,1.0
0.744084,1.0
0.551715,1.0
0.599408,1.0
0.742668,1.0
0.383646,1.0
0.382519,1.0
0.742745,1.0
0.599081,1.0
0.746842,0.0
0.599235,1.0
0.725003,1.0
0.602631,1.0
0.743405,1.0
0.72802,1.0
0.556777,0.0
0.381116,0.0
0.599382,1.0
0.561015,0.0
0.552254,0.0
0.742213,1.0
0.383603,0.0
0.384196,1.0
0.36223,0.0
0.360626,0.0
0.366735,0.0
0.365403,0.0
0.742659,1.0
0.726694,0.0
0.726382,0.0
0.550008,0.0
0.551923,0.0
0.746385,1.0
0.364789,0.0
0.553767,1.0
0.742158,1.0
0.360288,0.0
0.553896,0.0
0.744335,1.0
0.598954,1.0
0.728534,0.0
0.550773,0.0
0.363275,0.0
0.599238,1.0
0.384128,0.0
0.741647,1.0
0.596252,1.0
0.59944,1.0
0.363926,1.0
0.74132,1.0
0.383889,0.0
0.602618,1.0
0.384369,1.0
0.74091,1.0
0.382713,1.0
0.748268,1.0
0.742547,1.0
0.599442,1.0
0.599147,1.0
0.55516,0.0
0.74418,1.0
0.599629,1.0
0.359024,1.0
0.742501,1.0
0.348244,1.0
0.350677,0.0
0.743256,1.0
0.556998,1.0
0.553672,0.0
0.555234,0.0
0.599412,0.0
0.356537,1.0
0.747438,1.0
0.856358,0.0
0.74953,1.0
0.902951,1.0
0.43158,0.0
0.759609,1.0
0.871436,1.0
0.787914,1.0
0.873761,1.0
0.416189,1.0
0.405452,0.0
0.421639,0.0
0.883688,1.0
0.807517,1.0
0.853354,0.0
0.407661,0.0
0.878189,1.0
0.894737,1.0
0.855768,1.0
0.416112,0.0
0.422302,1.0
0.81334,1.0
0.802019,0.0
0.868584,1.0
0.422366,0.0
0.43212,0.0
0.4248,1.0
0.854283,1.0
0.424529,0.0
0.84087,1.0
0.432277,1.0
0.414874,1.0
0.854067,1.0
0.893567,1.0
0.873469,1.0
0.84601,1.0
0.415844,0.0
0.778983,1.0
0.415266,1.0
0.861,1.0
0.425091,1.0
0.832468,1.0
0.839361,1.0
0.401246,0.0
0.866733,1.0
0.423989,1.0
0.399317,0.0
0.415149,1.0
0.855753,1.0
0.881912,1.0
0.896832,1.0
0.893425,1.0
0.880237,1.0
0.90762,1.0
0.902756,1.0
0.85142,0.0
0.820093,1.0
0.823946,1.0
0.430253,1.0
0.416313,1.0
0.821742,1.0
0.901687,1.0
0.429368,1.0
0.856092,1.0
0.886605,1.0
0.418491,1.0
0.835353,1.0
0.422006,0.0
0.795821,1.0
0.426804,1.0
0.896926,1.0
0.41526,0.0
0.887812,1.0
0.846251,1.0
0.440855,0.0
0.41574,1.0
0.907739,1.0
0.859981,0.0
0.886257,0.0
0.424751,1.0
0.897955,1.0
0.864405,0.0
0.885302,1.0
0.778415,1.0
0.854244,1.0
0.415739,1.0
0.41566,1.0
0.406813,0.0
0.834494,1.0
0.424991,0.0
0.891283,1.0
0.85781,1.0
0.83934,1.0
0.839526,1.0
0.847415,1.0
0.415733,0.0
0.410251,1.0
0.406455,0.0
0.400281,1.0
0.873033,1.0
0.8068,0.0
0.623941,1.0
0.527741,1.0
0.570382,0.0
0.599982,0.0
0.610483,1.0
0.564813,0.0
0.615625,1.0
0.565256,1.0
0.586291,0.0
0.601932,0.0
0.599536,1.0
0.565458,1.0
0.61676,1.0
0.620812,1.0
0.601962,1.0
0.566072,1.0
0.569012,1.0
0.624713,1.0
0.602377,0.0
0.585257,1.0
0.618535,0.0
0.620392,0.0
0.622674,1.0
0.59915,1.0
0.599591,1.0
0.584904,0.0
0.622922,1.0
0.601602,1.0
0.621112,0.0
0.580689,1.0
0.586511,0.0
0.621709,1.0
0.567141,1.0
0.563658,0.0
0.622557,0.0
0.602376,1.0
0.615006,0.0
0.586424,1.0
0.624866,0.0
0.585302,1.0
0.620093,0.0
0.620855,1.0
0.600486,1.0
0.563682,1.0
0.585018,1.0
0.6013,0.0
0.580776,0.0
0.622798,1.0
0.566562,1.0
0.567688,1.0
0.568776,1.0
0.566447,0.0
0.571133,1.0
0.570346,1.0
0.625634,1.0
0.620734,1.0
0.622559,0.0
0.577759,1.0
0.580505,0.0
0.616254,0.0
0.570174,1.0
0.581431,1.0
0.623504,0.0
0.567596,0.0
0.580705,1.0
0.619611,1.0
0.601499,1.0
0.616913,1.0
0.578562,0.0
0.569372,0.0
0.602478,1.0
0.567623,1.0
0.622195,1.0
0.598666,1.0
0.586372,1.0
0.569496,1.0
0.625513,1.0
0.570688,1.0
0.585357,0.0
0.567864,0.0
0.625833,1.0
0.565765,1.0
0.613927,1.0
0.622722,1.0
0.586373,1.0
0.586348,1.0
0.599402,1.0
0.616842,1.0
0.601148,0.0
0.566926,1.0
0.621814,0.0
0.557356,1.0
0.558403,1.0
0.621737,1.0
0.600267,0.0
0.581911,1.0
0.599465,0.0
0.586621,0.0
0.563815,1.0
0.620293,0.0
0.852123,0.0
0.76182,1.0
0.893683,1.0
0.333079,0.0
0.769122,1.0
0.867239,0.0
0.79694,1.0
0.869944,1.0
0.419635,1.0
0.330067,0.0
0.343156,1.0
0.884322,0.0
0.815129,1.0
0.851023,0.0
0.335335,1.0
0.873734,1.0
0.887664,1.0
0.856859,1.0
0.326419,0.0
0.428135,0.0
0.818555,1.0
0.803242,1.0
0.866632,1.0
0.345457,0.0
0.339238,0.0
0.425052,1.0
0.855576,1.0
0.328966,0.0
0.842821,1.0
0.457686,0.0
0.418666,0.0
0.855276,1.0
0.892589,0.0
0.875117,1.0
0.846942,0.0
0.330139,0.0
0.777929,1.0
0.423313,0.0
0.860234,0.0
0.424602,0.0
0.835555,1.0
0.845176,1.0
0.343132,0.0
0.862088,1.0
0.428827,1.0
0.335752,0.0
0.453818,1.0
0.856645,1.0
0.875336,1.0
0.895129,1.0
0.886616,1.0
0.874805,1.0
0.897915,1.0
0.894053,1.0
0.848858,0.0
0.819536,1.0
0.821972,1.0
0.470566,0.0
0.455206,1.0
0.826214,1.0
0.893236,1.0
0.452556,1.0
0.855382,1.0
0.880419,1.0
0.455155,0.0
0.83969,1.0
0.33216,0.0
0.79795,1.0
0.462522,0.0
0.888868,1.0
0.329768,1.0
0.880421,1.0
0.848657,0.0
0.3385,0.0
0.42336,1.0
0.904762,0.0
0.855331,0.0
0.875321,0.0
0.42027,1.0
0.895483,1.0
0.858899,0.0
0.885856,1.0
0.787991,1.0
0.855528,1.0
0.423356,0.0
0.423705,0.0
0.346539,0.0
0.838541,0.0
0.328975,1.0
0.892303,1.0
0.856664,1.0
0.847815,1.0
0.839451,1.0
0.849908,1.0
0.338307,0.0
0.452096,0.0
0.342712,0.0
0.42062,1.0
0.877277,0.0
0.807969,1.0
0.624035,1.0
0.537557,1.0
0.568168,0.0
0.614283,0.0
0.614271,1.0
0.567414,1.0
0.618604,1.0
0.564441,1.0
0.584373,0.0
0.613553,1.0
0.597966,1.0
0.569684,1.0
0.6191,1.0
0.621062,1.0
0.598992,1.0
0.565034,1.0
0.567128,1.0
0.625438,0.0
0.614806,1.0
0.599516,1.0
0.620589,1.0
0.618659,1.0
0.622928,1.0
0.611914,1.0
0.613198,1.0
0.58345,0.0
0.623702,1.0
0.614413,1.0
0.622272,1.0
0.593584,1.0
0.600954,0.0
0.622473,1.0
0.570794,1.0
0.565434,0.0
0.626426,0.0
0.614064,1.0
0.616452,0.0
0.600223,0.0
0.627932,0.0
0.600219,1.0
0.621291,1.0
0.62217,0.0
0.611258,0.0
0.563169,1.0
0.582834,1.0
0.61251,1.0
0.574866,0.0
0.623489,1.0
0.565286,1.0
0.568193,1.0
0.566967,1.0
0.565381,1.0
0.568568,1.0
0.568035,1.0
0.626013,1.0
0.620984,1.0
0.622679,0.0
0.589033,1.0
0.574526,0.0
0.617937,1.0
0.567922,0.0
0.57753,1.0
0.624134,1.0
0.566232,1.0
0.592522,1.0
0.62092,1.0
0.61393,1.0
0.618013,1.0
0.590198,1.0
0.567476,1.0
0.600247,0.0
0.56605,1.0
0.625989,1.0
0.613517,0.0
0.583751,1.0
0.572336,1.0
0.625552,1.0
0.5684,1.0
0.584475,1.0
0.568421,0.0
0.625757,1.0
0.566871,1.0
0.617004,1.0
0.623503,1.0
0.600226,1.0
0.600162,0.0
0.610834,1.0
0.621136,1.0
0.600891,1.0
0.567787,1.0
0.622374,1.0
0.560741,1.0
0.55921,1.0
0.622731,1.0
0.613014,0.0
0.593096,1.0
0.611591,0.0
0.582882,0.0
0.568707,1.0
0.618501,0.0
0.498085,0.0
0.516926,1.0
0.505423,1.0
0.531124,1.0
0.507021,0.0
0.507349,0.0
0.503472,1.0
0.506331,1.0
0.538818,0.0
0.532374,0.0
0.536124,1.0
0.505226,1.0
0.500813,1.0
0.497477,0.0
0.535828,1.0
0.505832,0.0
0.504112,1.0
0.497596,1.0
0.532073,1.0
0.537152,0.0
0.500626,1.0
0.502877,0.0
0.493629,1.0
0.532977,0.0
0.532616,0.0
0.539096,1.0
0.49557,0.0
0.532275,0.0
0.497092,1.0
0.539493,0.0
0.535165,0.0
0.49539,0.0
0.504139,1.0
0.507726,0.0
0.499999,1.0
0.532381,0.0
0.508038,0.0
0.535806,0.0
0.499565,0.0
0.536866,1.0
0.499145,0.0
0.498457,1.0
0.532045,1.0
0.507328,0.0
0.540544,0.0
0.532646,0.0
0.540496,1.0
0.495549,0.0
0.505671,0.0
0.503275,1.0
0.504201,0.0
0.50578,0.0
0.502808,0.0
0.503318,0.0
0.497893,0.0
0.502168,1.0
0.502734,0.0
0.540892,0.0
0.540552,1.0
0.498623,0.0
0.505413,1.0
0.541863,1.0
0.495653,1.0
0.505034,0.0
0.539566,1.0
0.497922,1.0
0.532415,0.0
0.504285,1.0
0.539653,1.0
0.503985,0.0
0.534515,0.0
0.504984,1.0
0.498941,0.0
0.531429,1.0
0.540249,1.0
0.502584,0.0
0.497562,1.0
0.506386,1.0
0.53973,1.0
0.505274,1.0
0.496903,1.0
0.504411,1.0
0.505277,1.0
0.495531,0.0
0.536901,1.0
0.535828,1.0
0.533249,1.0
0.49924,0.0
0.535269,1.0
0.503547,1.0
0.494873,1.0
0.509129,0.0
0.510199,0.0
0.496368,0.0
0.531467,1.0
0.539396,1.0
0.531822,1.0
0.538914,0.0
0.506101,1.0
0.503215,1.0
0.538132,0.0
0.52937,0.0
0.541297,1.0
0.532613,0.0
0.532376,0.0
0.534756,0.0
0.53959,0.0
0.539973,1.0
0.539696,1.0
0.533065,1.0
0.537632,1.0
0.540504,0.0
0.54003,1.0
0.536572,0.0
0.537452,1.0
0.535709,1.0
0.54096,1.0
0.54403,1.0
0.532923,1.0
0.535307,0.0
0.540905,1.0
0.535671,1.0
0.542684,1.0
0.533291,0.0
0.533057,1.0
0.540211,1.0
0.539793,0.0
0.532925,0.0
0.542067,1.0
0.536805,1.0
0.534457,1.0
0.539172,0.0
0.540956,1.0
0.535835,0.0
0.542326,1.0
0.533003,0.0
0.533836,0.0
0.534793,0.0
0.540287,0.0
0.535262,1.0
0.538185,0.0
0.541938,0.0
0.533287,1.0
0.534822,1.0
0.540984,0.0
0.533234,1.0
0.542307,1.0
0.539736,0.0
0.535826,1.0
0.541366,1.0
0.536624,0.0
0.535756,0.0
0.537374,0.0
0.537124,1.0
0.538831,0.0
0.541297,1.0
0.538316,1.0
0.538447,0.0
0.542368,0.0
0.536065,0.0
0.541303,1.0
0.542973,1.0
0.543276,1.0
0.536156,0.0
0.537523,1.0
0.541303,1.0
0.532999,0.0
0.539324,1.0
0.537745,1.0
0.536741,0.0
0.536466,0.0
0.540565,1.0
0.539097,0.0
0.532759,1.0
0.541097,1.0
0.537502,1.0
0.542066,1.0
0.539896,1.0
0.540545,1.0
0.541407,0.0
0.542239,1.0
0.540886,1.0
0.538635,0.0
0.539689,0.0
0.535342,0.0
0.534925,1.0
0.533688,1.0
0.536293,1.0
0.536932,1.0
0.541219,1.0
0.542212,1.0
0.533694,1.0
0.532934,0.0
0.539172,0.0
0.532849,0.0
0.537427,1.0
0.533134,1.0
0.540086,0.0
0.540109,0.0
0.539343,1.0
0.872415,0.0
0.815557,1.0
0.905042,1.0
0.367666,1.0
0.82725,1.0
0.894617,1.0
0.846638,1.0
0.894148,1.0
0.426624,1.0
0.374021,0.0
0.413599,1.0
0.902276,1.0
0.852948,1.0
0.871233,1.0
0.412636,1.0
0.89809,1.0
0.903214,1.0
0.874811,1.0
0.376793,1.0
0.373367,0.0
0.855379,1.0
0.845815,1.0
0.879528,1.0
0.368407,1.0
0.372876,1.0
0.435608,0.0
0.880513,1.0
0.367132,0.0
0.868691,1.0
0.385481,0.0
0.374069,1.0
0.879927,1.0
0.902992,1.0
0.901373,1.0
0.865327,1.0
0.367589,0.0
0.832213,1.0
0.369632,1.0
0.876272,1.0
0.383329,1.0
0.869162,0.0
0.873144,1.0
0.377401,0.0
0.891698,0.0
0.434769,1.0
0.374838,1.0
0.498596,1.0
0.880661,1.0
0.898891,1.0
0.906777,1.0
0.907906,1.0
0.901855,1.0
0.912982,1.0
0.90795,1.0
0.872706,1.0
0.854078,0.0
0.856947,1.0
0.393736,1.0
0.497583,1.0
0.864777,1.0
0.905092,1.0
0.477939,1.0
0.874941,1.0
0.904689,1.0
0.398003,0.0
0.866134,1.0
0.367391,1.0
0.840844,1.0
0.400454,1.0
0.908705,1.0
0.394134,1.0
0.899646,1.0
0.871851,1.0
0.373742,0.0
0.445592,1.0
0.910392,1.0
0.869326,1.0
0.893316,0.0
0.438716,1.0
0.909316,1.0
0.871194,1.0
0.902438,1.0
0.839414,1.0
0.880444,1.0
0.378414,0.0
0.38026,0.0
0.380766,0.0
0.861199,1.0
0.408085,1.0
0.905523,1.0
0.875211,1.0
0.883359,1.0
0.881347,1.0
0.877528,1.0
0.368993,0.0
0.397627,0.0
0.376529,0.0
0.43254,1.0
0.898616,1.0
0.846636,1.0
0.512932,0.0
0.512932,1.0
0.512932,0.0
0.512932,0.0
0.512932,0.0
0.512932,1.0
0.512932,0.0
0.512932,1.0
0.512932,0.0
0.512932,1.0
0.512932,0.0
0.512932,1.0
0.512932,0.0
0.512932,0.0
0.512932,0.0
0.512932,1.0
0.512932,1.0
0.512932,0.0
0.512932,0.0
0.512932,0.0
0.512932,1.0
0.512932,1.0
0.512932,1.0
0.512932,0.0
0.512932,0.0
0.512932,0.0
0.512932,0.0
0.512932,0.0
0.512932,0.0
0.512932,1.0
0.512932,1.0
0.512932,1.0
0.512932,1.0
0.512932,0.0
0.512932,0.0
0.512932,1.0
0.512932,1.0
0.512932,0.0
0.512932,1.0
0.512932,1.0
0.512932,1.0
0.512932,0.0
0.512932,1.0
0.512932,0.0
0.512932,1.0
0.512932,0.0
0.512932,0.0
0.512932,1.0
0.512932,0.0
0.512932,0.0
0.512932,0.0
0.512932,0.0
0.512932,0.0
0.512932,1.0
0.512932,1.0
0.512932,0.0
0.512932,0.0
0.512932,0.0
0.512932,0.0
0.512932,0.0
0.512932,0.0
0.512932,0.0
0.512932,1.0
0.512932,0.0
0.512932,0.0
0.512932,1.0
0.512932,1.0
0.512932,1.0
0.512932,0.0
0.512932,0.0
0.512932,0.0
0.512932,0.0
0.512932,0.0
0.512932,1.0
0.512932,0.0
0.512932,0.0
0.512932,1.0
0.512932,0.0
0.512932,1.0
0.512932,0.0
0.512932,0.0
0.512932,0.0
0.512932,0.0
0.512932,1.0
0.512932,0.0
0.512932,0.0
0.512932,0.0
0.512932,1.0
0.512932,0.0
0.512932,0.0
0.512932,0.0
0.512932,1.0
0.512932,0.0
0.512932,1.0
0.512932,1.0
0.512932,1.0
0.512932,0.0
0.512932,0.0
0.512932,0.0
0.512932,0.0
0.493895,0.0
0.518569,1.0
0.493895,0.0
0.493895,0.0
0.493895,0.0
0.518569,1.0
0.493895,0.0
0.518569,1.0
0.493895,0.0
0.518569,1.0
0.493895,0.0
0.518569,1.0
0.493895,0.0
0.493895,0.0
0.493895,0.0
0.518569,0.0
0.518569,1.0
0.493895,0.0
0.493895,0.0
0.493895,0.0
0.518569,0.0
0.518569,1.0
0.518569,1.0
0.493895,0.0
0.493895,0.0
0.493895,0.0
0.493895,1.0
0.493895,1.0
0.493895,0.0
0.518569,1.0
0.518569,1.0
0.518569,1.0
0.518569,1.0
0.493895,1.0
0.493895,1.0
0.518569,1.0
0.518569,1.0
0.493895,0.0
0.518569,1.0
0.518569,1.0
0.518569,0.0
0.493895,0.0
0.518569,1.0
0.493895,0.0
0.518569,1.0
0.493895,0.0
0.493895,0.0
0.518569,1.0
0.493895,1.0
0.493895,0.0
0.493895,0.0
0.493895,1.0
0.493895,0.0
0.518569,1.0
0.518569,0.0
0.493895,1.0
0.493895,1.0
0.493895,0.0
0.493895,1.0
0.493895,0.0
0.493895,0.0
0.493895,1.0
0.518569,1.0
0.493895,1.0
0.493895,0.0
0.518569,0.0
0.518569,1.0
0.518569,1.0
0.493895,1.0
0.493895,1.0
0.493895,1.0
0.493895,0.0
0.493895,1.0
0.518569,0.0
0.493895,0.0
0.493895,0.0
0.518569,1.0
0.493895,1.0
0.518569,1.0
0.493895,0.0
0.493895,1.0
0.493895,0.0
0.493895,0.0
0.518569,1.0
0.493895,1.0
0.493895,0.0
0.493895,1.0
0.518569,1.0
0.493895,0.0
0.493895,0.0
0.493895,1.0
0.518569,1.0
0.493895,0.0
0.518569,1.0
0.518569,0.0
0.518569,1.0
0.493895,0.0
0.493895,0.0
0.493895,0.0
0.493895,0.0
0.532489,1.0
0.499922,1.0
0.532489,0.0
0.532489,1.0
0.532489,1.0
0.499922,1.0
0.532489,0.0
0.499922,0.0
0.532489,0.0
0.499922,0.0
0.532489,1.0
0.499922,1.0
0.532489,0.0
0.532489,0.0
0.532489,1.0
0.521149,1.0
0.499922,0.0
0.532489,0.0
0.532489,0.0
0.532489,1.0
0.521149,1.0
0.499922,1.0
0.499922,1.0
0.532489,0.0
0.532489,0.0
0.532489,1.0
0.511904,1.0
0.511904,1.0
0.532489,1.0
0.499922,1.0
0.499922,1.0
0.499922,1.0
0.499922,1.0
0.511904,1.0
0.511904,1.0
0.499922,1.0
0.499922,0.0
0.532489,1.0
0.499922,1.0
0.499922,1.0
0.521149,1.0
0.532489,1.0
0.499922,1.0
0.532489,1.0
0.499922,1.0
0.532489,0.0
0.532489,1.0
0.499922,0.0
0.511904,1.0
0.532489,0.0
0.532489,0.0
0.511904,1.0
0.532489,0.0
0.499922,0.0
0.521149,1.0
0.511904,0.0
0.511904,1.0
0.532489,1.0
0.511904,0.0
0.532489,1.0
0.532489,1.0
0.511904,0.0
0.499922,1.0
0.511904,0.0
0.532489,1.0
0.521149,1.0
0.499922,1.0
0.499922,0.0
0.511904,1.0
0.511904,1.0
0.511904,1.0
0.532489,1.0
0.511904,1.0
0.521149,1.0
0.532489,1.0
0.532489,0.0
0.499922,1.0
0.511904,0.0
0.499922,1.0
0.532489,0.0
0.511904,1.0
0.532489,0.0
0.532489,1.0
0.499922,1.0
0.511904,0.0
0.532489,1.0
0.511904,1.0
0.499922,0.0
0.532489,1.0
0.532489,1.0
0.511904,1.0
0.499922,0.0
0.532489,1.0
0.499922,0.0
0.521149,0.0
0.499922,0.0
0.532489,1.0
0.532489,1.0
0.532489,0.0
0.532489,0.0
0.558531,1.0
0.564084,1.0
0.576364,0.0
0.558531,0.0
0.558531,1.0
0.564084,0.0
0.576364,0.0
0.581833,1.0
0.576364,0.0
0.581833,1.0
0.558531,1.0
0.564084,1.0
0.576364,1.0
0.576364,1.0
0.558531,1.0
0.560397,0.0
0.581833,0.0
0.576364,1.0
0.576364,1.0
0.558531,1.0
0.560397,1.0
0.564084,1.0
0.564084,1.0
0.576364,0.0
0.576364,0.0
0.558531,0.0
0.562203,0.0
0.562203,0.0
0.558531,1.0
0.564084,1.0
0.564084,1.0
0.564084,0.0
0.564084,0.0
0.562203,0.0
0.562203,0.0
0.564084,1.0
0.581833,0.0
0.558531,1.0
0.564084,1.0
0.564084,0.0
0.560397,1.0
0.558531,1.0
0.564084,0.0
0.558531,1.0
0.564084,1.0
0.576364,0.0
0.558531,1.0
0.581833,0.0
0.562203,1.0
0.576364,1.0
0.576364,1.0
0.562203,1.0
0.576364,0.0
0.581833,1.0
0.560397,1.0
0.580036,0.0
0.562203,0.0
0.558531,0.0
0.580036,0.0
0.558531,1.0
0.558531,1.0
0.580036,0.0
0.564084,1.0
0.580036,0.0
0.558531,1.0
0.560397,1.0
0.564084,0.0
0.581833,0.0
0.562203,0.0
0.562203,1.0
0.562203,1.0
0.558531,1.0
0.562203,1.0
0.560397,1.0
0.558531,1.0
0.576364,1.0
0.564084,1.0
0.580036,0.0
0.564084,0.0
0.576364,1.0
0.562203,1.0
0.576364,0.0
0.558531,1.0
0.564084,0.0
0.580036,1.0
0.558531,1.0
0.562203,1.0
0.581833,1.0
0.558531,1.0
0.558531,1.0
0.562203,1.0
0.581833,1.0
0.558531,0.0
0.581833,0.0
0.578189,0.0
0.581833,1.0
0.558531,1.0
0.558531,1.0
0.576364,0.0
0.576364,1.0
0.54565,0.0
0.543453,0.0
0.543231,0.0
0.545091,1.0
0.54565,1.0
0.54289,0.0
0.543231,1.0
0.542573,1.0
0.543231,1.0
0.542573,0.0
0.54565,1.0
0.543453,0.0
0.544227,1.0
0.544227,1.0
0.54565,1.0
0.544127,0.0
0.541606,1.0
0.544227,1.0
0.544227,1.0
0.54565,1.0
0.544676,1.0
0.543453,1.0
0.543453,0.0
0.543231,1.0
0.543231,1.0
0.545091,0.0
0.543864,1.0
0.543864,0.0
0.54565,0.0
0.543453,1.0
0.543453,1.0
0.54289,1.0
0.54289,1.0
0.543864,1.0
0.543864,1.0
0.543453,0.0
0.541606,1.0
0.54565,1.0
0.543453,1.0
0.54289,1.0
0.544676,1.0
0.54565,0.0
0.54289,1.0
0.54565,1.0
0.543453,1.0
0.543231,0.0
0.54565,1.0
0.541606,1.0
0.544438,1.0
0.544227,0.0
0.544227,1.0
0.544438,1.0
0.543231,0.0
0.542573,0.0
0.544676,0.0
0.542024,0.0
0.543864,0.0
0.545091,1.0
0.542024,1.0
0.54565,1.0
0.54565,1.0
0.542024,1.0
0.543453,1.0
0.542024,1.0
0.54565,1.0
0.544676,1.0
0.54289,0.0
0.541606,0.0
0.543864,0.0
0.544438,1.0
0.544438,1.0
0.54565,0.0
0.544438,1.0
0.544676,1.0
0.54565,1.0
0.544227,1.0
0.543453,0.0
0.542024,1.0
0.54289,0.0
0.544227,0.0
0.544438,1.0
0.543231,1.0
0.54565,1.0
0.54289,1.0
0.543012,1.0
0.54565,0.0
0.544438,0.0
0.542573,1.0
0.54565,1.0
0.54565,1.0
0.544438,1.0
0.542573,0.0
0.545091,1.0
0.541606,0.0
0.542794,1.0
0.542573,0.0
0.54565,0.0
0.54565,1.0
0.543231,1.0
0.544227,1.0
0.557866,1.0
0.558431,1.0
0.592976,0.0
0.559029,0.0
0.560573,0.0
0.556741,0.0
0.593204,1.0
0.589872,1.0
0.593204,0.0
0.589411,1.0
0.560573,1.0
0.558431,1.0
0.592213,1.0
0.592213,1.0
0.560573,1.0
0.555428,0.0
0.59074,1.0
0.592213,1.0
0.592213,1.0
0.560573,1.0
0.560037,1.0
0.561355,1.0
0.558431,1.0
0.593204,0.0
0.593204,0.0
0.556417,1.0
0.560345,0.0
0.557709,1.0
0.557866,1.0
0.561355,0.0
0.561355,1.0
0.559573,0.0
0.559573,0.0
0.560345,1.0
0.560345,0.0
0.558431,0.0
0.59074,0.0
0.560573,1.0
0.561355,0.0
0.559573,1.0
0.560037,1.0
0.557866,0.0
0.559573,0.0
0.560573,1.0
0.561355,1.0
0.592976,0.0
0.560573,1.0
0.59074,0.0
0.561874,1.0
0.591923,1.0
0.592213,1.0
0.561874,1.0
0.592976,0.0
0.589411,1.0
0.557136,1.0
0.592076,0.0
0.557709,1.0
0.559029,0.0
0.592366,0.0
0.560573,1.0
0.560573,1.0
0.592366,1.0
0.561355,1.0
0.592366,0.0
0.560573,1.0
0.560037,1.0
0.556741,0.0
0.590347,0.0
0.557709,0.0
0.561874,1.0
0.561874,1.0
0.557866,1.0
0.561874,1.0
0.560037,1.0
0.560573,1.0
0.592213,1.0
0.558431,1.0
0.592366,0.0
0.556741,0.0
0.591923,1.0
0.561874,1.0
0.593204,1.0
0.560573,1.0
0.559573,0.0
0.591435,1.0
0.557866,1.0
0.559142,1.0
0.589872,0.0
0.560573,1.0
0.560573,1.0
0.561874,1.0
0.589411,0.0
0.559029,1.0
0.590347,0.0
0.591543,1.0
0.589411,1.0
0.557866,1.0
0.560573,1.0
0.593204,1.0
0.592213,1.0
0.576448,1.0
0.573481,1.0
0.578026,0.0
0.56695,1.0
0.572403,1.0
0.560491,1.0
0.57982,0.0
0.579748,1.0
0.578072,1.0
0.579382,1.0
0.579548,1.0
0.573481,1.0
0.579975,1.0
0.579975,1.0
0.579548,1.0
0.561555,1.0
0.579497,0.0
0.579975,1.0
0.579975,1.0
0.579548,1.0
0.577822,1.0
0.576764,1.0
0.573481,0.0
0.578072,0.0
0.578072,0.0
0.571381,1.0
0.565871,1.0
0.570479,1.0
0.576448,1.0
0.568886,0.0
0.576764,1.0
0.562798,1.0
0.562798,0.0
0.572886,0.0
0.565871,1.0
0.565903,1.0
0.577438,1.0
0.579548,0.0
0.568886,0.0
0.570444,0.0
0.577822,0.0
0.569614,0.0
0.562798,0.0
0.579548,1.0
0.576764,1.0
0.578026,0.0
0.579548,1.0
0.577438,1.0
0.578497,1.0
0.579737,1.0
0.579975,1.0
0.578497,0.0
0.578026,0.0
0.579382,0.0
0.574498,1.0
0.577617,1.0
0.570479,1.0
0.56695,1.0
0.5777,1.0
0.579548,0.0
0.579548,1.0
0.579585,1.0
0.576764,1.0
0.5777,0.0
0.579548,1.0
0.577822,1.0
0.560491,1.0
0.577314,1.0
0.563825,1.0
0.578497,1.0
0.578497,0.0
0.576448,1.0
0.578497,0.0
0.577822,1.0
0.579548,1.0
0.579975,0.0
0.573481,1.0
0.5777,1.0
0.560491,1.0
0.579737,0.0
0.578497,1.0
0.57982,1.0
0.579548,0.0
0.562798,0.0
0.579776,1.0
0.576448,0.0
0.57545,0.0
0.577546,0.0
0.579548,0.0
0.579548,1.0
0.578497,1.0
0.577356,1.0
0.573831,1.0
0.577314,1.0
0.579714,1.0
0.579382,0.0
0.576448,1.0
0.579548,1.0
0.57982,1.0
0.579975,1.0
0.602951,1.0
0.601051,1.0
0.56248,1.0
0.593674,1.0
0.598951,1.0
0.587066,1.0
0.561455,0.0
0.596012,1.0
0.593989,1.0
0.59543,1.0
0.606585,1.0
0.601051,1.0
0.595118,1.0
0.595118,1.0
0.606585,1.0
0.588303,1.0
0.559901,0.0
0.595118,1.0
0.595118,1.0
0.606585,1.0
0.605941,1.0
0.605081,1.0
0.532637,1.0
0.561849,0.0
0.561849,1.0
0.598002,1.0
0.592642,1.0
0.597311,1.0
0.602951,1.0
0.525726,0.0
0.605081,1.0
0.589325,1.0
0.519723,1.0
0.534381,0.0
0.592642,1.0
0.592671,1.0
0.594665,1.0
0.541974,0.0
0.525726,0.0
0.52822,0.0
0.53747,0.0
0.532874,1.0
0.519723,1.0
0.606585,1.0
0.605081,1.0
0.56248,0.0
0.606585,1.0
0.594665,1.0
0.605897,0.0
0.594632,1.0
0.595118,1.0
0.539936,0.0
0.56248,0.0
0.560131,1.0
0.601888,1.0
0.593851,1.0
0.597311,0.0
0.593674,1.0
0.594262,1.0
0.541974,1.0
0.606585,1.0
0.595046,1.0
0.605081,0.0
0.561027,0.0
0.606585,1.0
0.605941,1.0
0.587066,1.0
0.594223,1.0
0.590942,1.0
0.605897,1.0
0.539936,0.0
0.602951,1.0
0.539936,0.0
0.605941,1.0
0.606585,1.0
0.561044,0.0
0.601051,1.0
0.594262,1.0
0.587066,1.0
0.561659,0.0
0.605897,1.0
0.5947,1.0
0.541974,1.0
0.519723,1.0
0.595483,1.0
0.539783,1.0
0.537821,1.0
0.559695,0.0
0.541974,1.0
0.606585,1.0
0.605897,1.0
0.594592,1.0
0.600596,1.0
0.594223,0.0
0.595167,1.0
0.560131,0.0
0.602951,1.0
0.606585,1.0
0.5947,1.0
0.595118,1.0
0.484064,0.0
0.507342,1.0
0.602695,0.0
0.48614,0.0
0.488106,0.0
0.498917,1.0
0.607997,0.0
0.57293,1.0
0.585634,0.0
0.576532,1.0
0.491219,0.0
0.507342,1.0
0.579926,0.0
0.579926,0.0
0.491219,0.0
0.491365,0.0
0.601719,1.0
0.579926,0.0
0.579926,0.0
0.491219,0.0
0.509584,1.0
0.518202,1.0
0.513517,1.0
0.611292,0.0
0.60024,0.0
0.483918,0.0
0.492351,0.0
0.488666,0.0
0.484064,0.0
0.523889,1.0
0.518202,1.0
0.509242,1.0
0.515886,1.0
0.503894,0.0
0.492351,0.0
0.503757,1.0
0.579309,1.0
0.499229,1.0
0.523889,0.0
0.521731,1.0
0.517907,0.0
0.489353,0.0
0.515886,1.0
0.491219,0.0
0.518202,1.0
0.6138,0.0
0.491219,0.0
0.579309,1.0
0.501244,1.0
0.582929,0.0
0.579926,0.0
0.50739,1.0
0.6138,0.0
0.591886,1.0
0.498813,0.0
0.585574,0.0
0.491441,0.0
0.48614,0.0
0.582654,0.0
0.496817,0.0
0.491219,0.0
0.579023,0.0
0.52009,1.0
0.608486,0.0
0.491219,1.0
0.509584,0.0
0.498917,1.0
0.582558,0.0
0.48713,1.0
0.499268,1.0
0.50739,1.0
0.484064,0.0
0.50739,1.0
0.509584,1.0
0.491219,0.0
0.605951,0.0
0.507342,0.0
0.582654,0.0
0.498917,1.0
0.608769,0.0
0.499268,1.0
0.582122,0.0
0.496817,0.0
0.515886,1.0
0.576683,0.0
0.490502,0.0
0.496751,0.0
0.603021,1.0
0.496817,0.0
0.491219,0.0
0.499268,0.0
0.580338,1.0
0.488334,0.0
0.595057,0.0
0.578856,1.0
0.602711,1.0
0.484064,0.0
0.491219,0.0
0.582122,0.0
0.579926,1.0
0.628024,1.0
0.677226,1.0
0.407293,0.0
0.634112,1.0
0.647072,1.0
0.670771,1.0
0.403135,0.0
0.394841,0.0
0.411332,0.0
0.391787,0.0
0.650181,1.0
0.677226,1.0
0.416251,1.0
0.416251,0.0
0.650181,1.0
0.659572,1.0
0.383815,0.0
0.416251,1.0
0.416251,0.0
0.650181,1.0
0.67959,0.0
0.686909,1.0
0.712181,1.0
0.399384,0.0
0.409609,0.0
0.612393,1.0
0.651429,1.0
0.631984,1.0
0.628024,0.0
0.753644,0.0
0.686909,1.0
0.685637,0.0
0.721977,0.0
0.713711,1.0
0.651429,1.0
0.677717,0.0
0.389298,0.0
0.709627,0.0
0.749203,1.0
0.749626,0.0
0.740394,1.0
0.657526,1.0
0.721977,1.0
0.650181,1.0
0.686909,1.0
0.39704,0.0
0.650181,1.0
0.389298,1.0
0.681715,1.0
0.41383,0.0
0.416251,0.0
0.724929,1.0
0.39704,0.0
0.391459,1.0
0.668964,1.0
0.411482,0.0
0.647779,1.0
0.634112,0.0
0.413833,0.0
0.683274,1.0
0.650181,1.0
0.417437,1.0
0.714585,1.0
0.402177,1.0
0.645874,0.0
0.680171,1.0
0.670771,1.0
0.413689,1.0
0.618243,0.0
0.660099,1.0
0.724929,1.0
0.628024,1.0
0.724929,1.0
0.67959,1.0
0.650181,1.0
0.404853,1.0
0.678105,0.0
0.413833,1.0
0.670771,1.0
0.402104,0.0
0.660099,1.0
0.414774,0.0
0.683274,1.0
0.721977,1.0
0.419081,0.0
0.662711,1.0
0.679539,0.0
0.381621,0.0
0.683274,1.0
0.650181,1.0
0.662811,1.0
0.388099,0.0
0.639069,1.0
0.403332,1.0
0.390124,0.0
0.382456,0.0
0.628024,1.0
0.650181,1.0
0.414774,0.0
0.38915,1.0
0.648694,1.0
0.681149,1.0
0.339287,0.0
0.658892,1.0
0.668219,0.0
0.685988,0.0
0.342435,0.0
0.328494,0.0
0.337349,0.0
0.327092,0.0
0.668629,1.0
0.681149,1.0
0.422774,0.0
0.339652,1.0
0.668629,1.0
0.682095,1.0
0.333982,0.0
0.422774,0.0
0.339652,0.0
0.668629,1.0
0.644837,0.0
0.681621,1.0
0.713887,1.0
0.340037,0.0
0.340549,0.0
0.63335,1.0
0.67512,1.0
0.656241,0.0
0.585715,1.0
0.711169,0.0
0.681621,1.0
0.653955,0.0
0.697412,1.0
0.742948,1.0
0.67512,1.0
0.646981,0.0
0.325921,0.0
0.703658,0.0
0.73871,1.0
0.711453,1.0
0.736894,1.0
0.702057,1.0
0.721353,1.0
0.668629,1.0
0.681621,1.0
0.338642,0.0
0.668629,1.0
0.404274,1.0
0.699938,0.0
0.338561,1.0
0.339652,0.0
0.732127,1.0
0.338642,0.0
0.41106,0.0
0.682698,1.0
0.33745,0.0
0.691419,1.0
0.59753,1.0
0.338506,0.0
0.710614,1.0
0.668629,1.0
0.423643,1.0
0.700974,1.0
0.423397,0.0
0.614007,1.0
0.68715,1.0
0.685988,1.0
0.421095,0.0
0.5859,0.0
0.673102,1.0
0.732127,1.0
0.648694,1.0
0.732127,0.0
0.679816,1.0
0.668629,1.0
0.425562,0.0
0.648709,1.0
0.42125,0.0
0.685988,0.0
0.341742,0.0
0.673102,1.0
0.339076,0.0
0.710614,0.0
0.721353,1.0
0.341007,0.0
0.701959,1.0
0.668491,1.0
0.332387,0.0
0.710614,1.0
0.668629,1.0
0.678276,1.0
0.325275,0.0
0.661313,1.0
0.420368,0.0
0.326415,0.0
0.333019,0.0
0.648694,1.0
0.668629,1.0
0.339076,0.0
0.404282,0.0
0.67078,1.0
0.703816,1.0
0.28339,1.0
0.682674,1.0
0.643969,0.0
0.677178,0.0
0.288312,0.0
0.278646,0.0
0.280177,0.0
0.278475,0.0
0.685612,0.0
0.703816,0.0
0.362082,0.0
0.34777,0.0
0.685612,1.0
0.698974,1.0
0.288305,0.0
0.362082,0.0
0.280421,0.0
0.685612,0.0
0.664793,0.0
0.707941,1.0
0.746382,0.0
0.287362,0.0
0.283711,0.0
0.658136,0.0
0.694053,0.0
0.630045,0.0
0.617409,0.0
0.76402,0.0
0.707941,1.0
0.67567,0.0
0.753993,0.0
0.751011,1.0
0.694053,1.0
0.665096,0.0
0.278303,0.0
0.736984,0.0
0.764579,1.0
0.773203,0.0
0.759512,1.0
0.72763,0.0
0.755727,0.0
0.685612,0.0
0.707941,1.0
0.286854,0.0
0.685612,0.0
0.435043,0.0
0.698334,1.0
0.347562,0.0
0.280421,1.0
0.758513,1.0
0.286854,0.0
0.360138,0.0
0.695444,1.0
0.280213,0.0
0.722237,1.0
0.638127,0.0
0.280298,0.0
0.724666,1.0
0.685612,1.0
0.447661,1.0
0.740795,1.0
0.370404,1.0
0.664739,0.0
0.698406,0.0
0.707737,1.0
0.361264,0.0
0.560582,0.0
0.694747,0.0
0.758513,1.0
0.67078,0.0
0.745122,0.0
0.703274,1.0
0.685612,1.0
0.371986,0.0
0.694116,0.0
0.361377,0.0
0.677178,0.0
0.288021,0.0
0.694747,1.0
0.28045,1.0
0.698199,0.0
0.755727,0.0
0.28057,0.0
0.723566,0.0
0.72229,1.0
0.287529,0.0
0.724666,0.0
0.685612,1.0
0.692257,1.0
0.278145,0.0
0.68225,0.0
0.366111,0.0
0.278446,0.0
0.287845,0.0
0.67078,0.0
0.685612,0.0
0.28045,0.0
0.35295,0.0
0.570145,0.0
0.584248,1.0
0.609528,0.0
0.569259,0.0
0.580264,0.0
0.583957,0.0
0.621127,1.0
0.622229,1.0
0.622395,0.0
0.622192,1.0
0.585061,1.0
0.591011,1.0
0.612095,1.0
0.609674,1.0
0.57853,1.0
0.573421,0.0
0.620707,0.0
0.612095,0.0
0.622465,1.0
0.585061,1.0
0.592994,1.0
0.587793,1.0
0.552358,1.0
0.62118,0.0
0.621911,1.0
0.572779,1.0
0.581437,0.0
0.577051,0.0
0.575947,1.0
0.542959,0.0
0.587793,1.0
0.590421,0.0
0.550329,0.0
0.532492,0.0
0.573991,1.0
0.589181,1.0
0.622166,0.0
0.541978,0.0
0.535469,0.0
0.543045,0.0
0.535133,1.0
0.554877,1.0
0.54565,0.0
0.585061,1.0
0.587793,0.0
0.621203,0.0
0.585061,1.0
0.595327,0.0
0.559284,1.0
0.60966,1.0
0.610203,1.0
0.535047,1.0
0.621203,0.0
0.611743,1.0
0.581745,1.0
0.622393,0.0
0.547578,1.0
0.57492,0.0
0.62243,0.0
0.55347,0.0
0.57853,1.0
0.576277,1.0
0.553816,1.0
0.59538,0.0
0.58501,0.0
0.591856,0.0
0.574844,1.0
0.612156,0.0
0.580233,0.0
0.589665,1.0
0.535047,1.0
0.577863,1.0
0.539685,1.0
0.586688,1.0
0.57853,0.0
0.610115,0.0
0.591155,1.0
0.612143,1.0
0.583957,0.0
0.621145,1.0
0.583114,1.0
0.610165,0.0
0.567129,1.0
0.54565,0.0
0.622505,1.0
0.560249,1.0
0.557928,1.0
0.620769,0.0
0.562682,1.0
0.57853,1.0
0.582008,0.0
0.622163,1.0
0.580813,0.0
0.611047,0.0
0.622166,1.0
0.620743,1.0
0.577863,0.0
0.585061,0.0
0.622432,1.0
0.612811,1.0
0.530496,0.0
0.522336,0.0
0.531891,0.0
0.527483,1.0
0.536662,0.0
0.526381,1.0
0.530289,1.0
0.530024,1.0
0.528934,1.0
0.530033,0.0
0.529215,1.0
0.523631,0.0
0.532775,0.0
0.533596,1.0
0.526442,1.0
0.523676,0.0
0.529338,0.0
0.531682,1.0
0.52997,1.0
0.529215,0.0
0.530366,1.0
0.52175,0.0
0.514676,0.0
0.529218,1.0
0.530105,0.0
0.540871,0.0
0.527323,1.0
0.542654,0.0
0.560096,0.0
0.51701,0.0
0.52175,1.0
0.528356,1.0
0.515357,1.0
0.518754,1.0
0.524556,0.0
0.530107,0.0
0.528986,1.0
0.518268,0.0
0.518143,1.0
0.517356,1.0
0.516802,0.0
0.517682,0.0
0.515801,0.0
0.529215,1.0
0.522327,1.0
0.529213,0.0
0.529215,1.0
0.537224,0.0
0.519289,1.0
0.533601,0.0
0.532765,1.0
0.516774,1.0
0.529213,1.0
0.532899,0.0
0.523905,0.0
0.528934,1.0
0.517433,0.0
0.550412,0.0
0.528925,1.0
0.51689,1.0
0.526442,0.0
0.541183,0.0
0.514105,1.0
0.535839,1.0
0.537966,0.0
0.525018,1.0
0.521225,0.0
0.531669,1.0
0.561299,1.0
0.525849,1.0
0.516774,0.0
0.53565,0.0
0.517074,1.0
0.522531,1.0
0.527,1.0
0.532234,1.0
0.527465,0.0
0.532765,0.0
0.526381,0.0
0.530285,0.0
0.524139,1.0
0.531736,0.0
0.521343,1.0
0.515801,1.0
0.52996,0.0
0.518749,0.0
0.518704,0.0
0.529322,0.0
0.518194,1.0
0.526442,1.0
0.525219,0.0
0.53004,0.0
0.531474,0.0
0.531977,0.0
0.53004,1.0
0.530386,0.0
0.536107,0.0
0.529809,0.0
0.529979,0.0
0.532603,1.0
0.679613,1.0
0.679036,1.0
0.366296,0.0
0.683081,1.0
0.663891,1.0
0.67685,1.0
0.338781,0.0
0.338281,1.0
0.334,0.0
0.333107,0.0
0.666626,1.0
0.673885,1.0
0.337977,0.0
0.35596,0.0
0.675104,1.0
0.689881,1.0
0.331269,1.0
0.339379,0.0
0.337066,0.0
0.668745,1.0
0.661437,0.0
0.676384,1.0
0.734242,0.0
0.335443,0.0
0.332446,0.0
0.658266,1.0
0.674506,1.0
0.654012,1.0
0.542183,0.0
0.731546,1.0
0.672495,1.0
0.668622,1.0
0.73031,0.0
0.744464,1.0
0.683834,1.0
0.665516,0.0
0.335174,0.0
0.740782,1.0
0.737355,1.0
0.731638,0.0
0.74144,1.0
0.725561,1.0
0.738754,1.0
0.666626,1.0
0.674906,0.0
0.330232,0.0
0.666626,1.0
0.368075,1.0
0.714881,1.0
0.350495,0.0
0.375246,0.0
0.737515,1.0
0.33552,0.0
0.340196,0.0
0.679854,1.0
0.333994,0.0
0.729784,1.0
0.626883,0.0
0.333864,0.0
0.728209,0.0
0.677957,1.0
0.487337,1.0
0.720717,1.0
0.397197,1.0
0.659557,1.0
0.672982,1.0
0.689013,1.0
0.33951,0.0
0.40104,0.0
0.668089,1.0
0.740502,1.0
0.66429,1.0
0.73985,0.0
0.673206,1.0
0.677765,1.0
0.342414,0.0
0.667237,1.0
0.338106,0.0
0.680053,1.0
0.333464,0.0
0.674701,1.0
0.364985,0.0
0.707801,1.0
0.735626,1.0
0.331588,0.0
0.719251,1.0
0.718585,0.0
0.331305,1.0
0.717583,1.0
0.675104,1.0
0.681501,1.0
0.333287,0.0
0.671767,0.0
0.336104,0.0
0.338535,1.0
0.334744,0.0
0.666609,0.0
0.671256,1.0
0.331843,0.0
0.34466,0.0
0.707567,1.0
0.733282,1.0
0.321529,0.0
0.714576,1.0
0.69472,1.0
0.719515,1.0
0.309355,0.0
0.379727,0.0
0.306689,1.0
0.305849,1.0
0.711159,0.0
0.729458,1.0
0.306211,0.0
0.316702,1.0
0.715808,1.0
0.72967,1.0
0.373574,1.0
0.307419,0.0
0.308631,1.0
0.713125,1.0
0.691174,1.0
0.736798,1.0
0.786582,0.0
0.307271,0.0
0.305425,0.0
0.686434,0.0
0.717548,1.0
0.681238,0.0
0.436546,1.0
0.806735,1.0
0.735066,1.0
0.714944,0.0
0.788641,0.0
0.788944,1.0
0.725519,1.0
0.693415,0.0
0.307316,1.0
0.792238,1.0
0.797729,1.0
0.795975,1.0
0.798335,1.0
0.782867,0.0
0.795711,1.0
0.711159,1.0
0.722559,0.0
0.303887,0.0
0.711159,1.0
0.393297,1.0
0.767344,1.0
0.312551,0.0
0.328787,0.0
0.796301,1.0
0.30732,0.0
0.30736,0.0
0.725562,1.0
0.306685,1.0
0.781233,1.0
0.602242,0.0
0.306618,0.0
0.772471,1.0
0.717743,0.0
0.506284,1.0
0.793971,1.0
0.419633,0.0
0.691169,0.0
0.722291,1.0
0.741035,1.0
0.307508,0.0
0.300482,0.0
0.720575,1.0
0.798651,1.0
0.69752,1.0
0.785763,0.0
0.73073,1.0
0.714047,1.0
0.308712,0.0
0.718757,1.0
0.306294,0.0
0.721798,0.0
0.305834,0.0
0.723858,1.0
0.320889,0.0
0.758365,1.0
0.79344,1.0
0.305076,0.0
0.777357,1.0
0.767313,0.0
0.373615,1.0
0.774633,1.0
0.715808,1.0
0.721718,1.0
0.305943,0.0
0.687125,1.0
0.304706,0.0
0.379904,1.0
0.306458,0.0
0.669747,1.0
0.711208,1.0
0.3052,0.0
0.310857,0.0
0.707436,1.0
0.709536,0.0
0.578178,1.0
0.698542,1.0
0.70688,1.0
0.701283,1.0
0.577731,0.0
0.5785,1.0
0.576866,1.0
0.576911,1.0
0.71725,1.0
0.714889,1.0
0.577943,1.0
0.577103,1.0
0.717684,1.0
0.68472,1.0
0.573023,0.0
0.577927,1.0
0.576836,0.0
0.717043,1.0
0.717807,1.0
0.712562,1.0
0.389332,0.0
0.577693,0.0
0.57768,0.0
0.692261,1.0
0.705452,1.0
0.692186,1.0
0.574656,0.0
0.362949,1.0
0.713211,1.0
0.713301,1.0
0.380464,0.0
0.360041,1.0
0.701186,1.0
0.713037,0.0
0.576854,1.0
0.366242,0.0
0.359984,0.0
0.362334,0.0
0.362011,1.0
0.416868,1.0
0.370927,0.0
0.717593,0.0
0.715955,1.0
0.57766,0.0
0.717593,0.0
0.573376,1.0
0.460478,0.0
0.578089,1.0
0.578211,1.0
0.361335,0.0
0.577692,0.0
0.577963,1.0
0.715879,1.0
0.576866,1.0
0.40927,0.0
0.648007,1.0
0.577663,1.0
0.414278,1.0
0.717721,1.0
0.569504,1.0
0.400219,0.0
0.579671,1.0
0.705621,0.0
0.719613,1.0
0.666281,1.0
0.577926,1.0
0.580474,1.0
0.717868,1.0
0.36181,0.0
0.707022,1.0
0.364631,0.0
0.715911,1.0
0.715795,1.0
0.577983,0.0
0.719199,1.0
0.577943,0.0
0.703699,0.0
0.577699,0.0
0.715506,1.0
0.578157,0.0
0.501767,0.0
0.370438,0.0
0.577663,1.0
0.437153,0.0
0.462061,0.0
0.57302,0.0
0.438149,0.0
0.717684,0.0
0.715306,1.0
0.577677,1.0
0.707929,1.0
0.577931,0.0
0.57296,0.0
0.577713,1.0
0.700419,0.0
0.715474,1.0
0.577666,1.0
0.57796,1.0
0.710748,1.0
0.718791,1.0
0.319048,1.0
0.716616,1.0
0.700973,1.0
0.722829,1.0
0.30507,1.0
0.362723,0.0
0.384738,1.0
0.38429,0.0
0.711542,1.0
0.733236,1.0
0.317927,0.0
0.386448,0.0
0.719467,1.0
0.73041,1.0
0.431632,1.0
0.318259,0.0
0.369194,1.0
0.716815,1.0
0.710524,1.0
0.740207,1.0
0.787998,1.0
0.304813,1.0
0.30454,0.0
0.692085,1.0
0.720287,1.0
0.688413,1.0
0.317435,0.0
0.809801,1.0
0.738469,1.0
0.714988,1.0
0.788909,1.0
0.791842,1.0
0.727347,1.0
0.688711,0.0
0.38491,0.0
0.785143,1.0
0.788991,1.0
0.79865,0.0
0.801324,1.0
0.786979,1.0
0.788276,1.0
0.696006,1.0
0.733906,1.0
0.304304,1.0
0.696006,0.0
0.456312,1.0
0.771262,1.0
0.318235,0.0
0.320633,0.0
0.787863,1.0
0.304821,0.0
0.318001,1.0
0.728881,1.0
0.384736,0.0
0.77886,1.0
0.617096,0.0
0.319127,1.0
0.792961,1.0
0.71708,1.0
0.568545,1.0
0.789564,1.0
0.37583,1.0
0.677086,1.0
0.726434,1.0
0.741903,1.0
0.318274,0.0
0.299419,0.0
0.724726,1.0
0.790412,1.0
0.702313,0.0
0.78463,1.0
0.734317,1.0
0.717676,1.0
0.303961,0.0
0.723065,1.0
0.303705,1.0
0.702952,0.0
0.304516,0.0
0.727463,1.0
0.304718,0.0
0.765341,1.0
0.78581,1.0
0.318823,0.0
0.778684,1.0
0.776814,1.0
0.431665,1.0
0.776103,1.0
0.700505,1.0
0.725082,1.0
0.318881,0.0
0.704271,1.0
0.303412,0.0
0.436016,0.0
0.318811,0.0
0.672256,1.0
0.715067,1.0
0.318829,0.0
0.318766,0.0
0.524973,0.0
0.524509,0.0
0.531272,0.0
0.525021,1.0
0.526106,1.0
0.526153,1.0
0.529712,0.0
0.539994,1.0
0.53495,1.0
0.540675,0.0
0.526082,1.0
0.526973,0.0
0.537339,0.0
0.540842,1.0
0.525429,0.0
0.525752,0.0
0.53716,1.0
0.537362,1.0
0.533506,1.0
0.525889,0.0
0.527041,1.0
0.527502,1.0
0.524243,1.0
0.529692,1.0
0.536077,1.0
0.528677,1.0
0.525764,1.0
0.529234,0.0
0.537079,0.0
0.5278,0.0
0.527364,1.0
0.526502,1.0
0.524671,1.0
0.525801,1.0
0.52596,0.0
0.526212,1.0
0.540713,1.0
0.524998,1.0
0.525902,1.0
0.525813,1.0
0.52691,1.0
0.5225,0.0
0.525144,1.0
0.524016,1.0
0.527162,1.0
0.529654,0.0
0.52376,0.0
0.538618,0.0
0.52032,1.0
0.537376,0.0
0.537555,1.0
0.525638,1.0
0.536097,0.0
0.531176,0.0
0.526101,0.0
0.540702,1.0
0.522367,0.0
0.556885,0.0
0.531238,1.0
0.523469,1.0
0.525576,1.0
0.540728,1.0
0.524181,1.0
0.535003,1.0
0.526945,0.0
0.526175,1.0
0.526688,0.0
0.537363,0.0
0.536332,1.0
0.526368,1.0
0.52593,1.0
0.526092,1.0
0.524925,1.0
0.526867,1.0
0.525174,1.0
0.536059,1.0
0.526497,0.0
0.529628,0.0
0.523541,1.0
0.536077,1.0
0.526196,1.0
0.536126,1.0
0.519041,1.0
0.524863,1.0
0.53738,1.0
0.521636,0.0
0.520793,1.0
0.537161,1.0
0.521471,1.0
0.52341,1.0
0.525724,0.0
0.537385,0.0
0.525923,1.0
0.536019,0.0
0.542961,1.0
0.537384,0.0
0.525763,1.0
0.525659,1.0
0.53738,0.0
0.5374,1.0
0.591321,1.0
0.597131,1.0
0.591987,0.0
0.601484,0.0
0.598208,0.0
0.603578,1.0
0.596474,0.0
0.621419,1.0
0.564384,0.0
0.613045,1.0
0.599771,1.0
0.593849,1.0
0.633447,0.0
0.610903,0.0
0.592204,0.0
0.596071,0.0
0.543504,1.0
0.631151,0.0
0.570858,1.0
0.591856,0.0
0.601962,1.0
0.602309,1.0
0.667326,1.0
0.595661,1.0
0.634325,0.0
0.593728,0.0
0.601652,0.0
0.588163,1.0
0.640949,0.0
0.657964,1.0
0.602414,1.0
0.603138,1.0
0.667959,1.0
0.669112,0.0
0.594298,1.0
0.602937,1.0
0.611101,1.0
0.668858,1.0
0.669478,1.0
0.667213,1.0
0.668412,0.0
0.654078,0.0
0.668711,1.0
0.600637,0.0
0.602747,1.0
0.596599,1.0
0.592618,0.0
0.527829,1.0
0.661641,1.0
0.63357,1.0
0.631213,1.0
0.669414,1.0
0.636559,1.0
0.591918,1.0
0.59281,1.0
0.611141,1.0
0.656695,0.0
0.498464,1.0
0.590717,0.0
0.663209,1.0
0.599838,0.0
0.509326,1.0
0.666444,1.0
0.572501,0.0
0.593719,0.0
0.601017,1.0
0.599441,1.0
0.633396,1.0
0.635818,1.0
0.601256,1.0
0.669347,1.0
0.595659,0.0
0.669209,1.0
0.601791,1.0
0.599882,1.0
0.634573,0.0
0.592982,1.0
0.596902,1.0
0.603835,1.0
0.634343,1.0
0.601495,1.0
0.634735,0.0
0.657983,0.0
0.668771,1.0
0.630918,1.0
0.654571,1.0
0.66132,0.0
0.543488,1.0
0.663535,0.0
0.601093,0.0
0.592815,0.0
0.633171,1.0
0.599268,1.0
0.636849,1.0
0.590291,1.0
0.633207,1.0
0.598231,0.0
0.599261,0.0
0.633161,0.0
0.631124,0.0
0.600146,1.0
0.600731,1.0
0.588552,0.0
0.597694,0.0
0.595844,0.0
0.604583,0.0
0.588392,1.0
0.604583,1.0
0.581215,0.0
0.603807,1.0
0.602188,1.0
0.606636,0.0
0.599952,1.0
0.597009,1.0
0.598785,1.0
0.599392,0.0
0.575298,0.0
0.599237,0.0
0.587462,1.0
0.598393,1.0
0.603991,0.0
0.608148,1.0
0.541698,1.0
0.59428,0.0
0.598955,1.0
0.593731,1.0
0.599259,0.0
0.597269,0.0
0.601257,0.0
0.550354,0.0
0.607942,0.0
0.604268,0.0
0.541961,0.0
0.541367,0.0
0.604192,0.0
0.599084,0.0
0.603057,1.0
0.541247,0.0
0.542702,0.0
0.543912,1.0
0.544031,0.0
0.539022,0.0
0.542308,0.0
0.593475,1.0
0.607272,1.0
0.595,0.0
0.592662,1.0
0.578035,1.0
0.537575,1.0
0.605814,1.0
0.60525,1.0
0.54231,0.0
0.605504,0.0
0.595065,1.0
0.605026,0.0
0.603058,0.0
0.534431,0.0
0.577573,0.0
0.587531,0.0
0.545776,0.0
0.598561,0.0
0.554612,1.0
0.542567,1.0
0.584217,0.0
0.591762,1.0
0.605313,0.0
0.604157,0.0
0.605772,0.0
0.605572,0.0
0.605122,0.0
0.543073,1.0
0.595191,1.0
0.540809,1.0
0.606962,1.0
0.602664,1.0
0.599009,1.0
0.604504,1.0
0.595082,0.0
0.597617,1.0
0.604868,1.0
0.60539,0.0
0.599087,0.0
0.53267,1.0
0.541568,0.0
0.60509,1.0
0.538838,1.0
0.534656,1.0
0.575288,0.0
0.534422,1.0
0.593624,1.0
0.599968,1.0
0.605739,1.0
0.600654,1.0
0.605529,0.0
0.597829,1.0
0.605745,1.0
0.589891,1.0
0.598174,0.0
0.599912,0.0
0.599253,1.0
0.679416,1.0
0.676456,1.0
0.379054,0.0
0.703806,1.0
0.692992,1.0
0.690855,1.0
0.384498,0.0
0.338938,0.0
0.407852,0.0
0.338895,0.0
0.682545,1.0
0.700384,1.0
0.351446,0.0
0.35721,0.0
0.708331,1.0
0.714696,0.0
0.467169,1.0
0.350261,0.0
0.400967,1.0
0.706353,0.0
0.682898,0.0
0.710802,1.0
0.754525,1.0
0.370273,0.0
0.355356,0.0
0.68848,0.0
0.708452,1.0
0.663576,1.0
0.344801,1.0
0.783118,1.0
0.706951,1.0
0.684106,1.0
0.754102,0.0
0.785522,1.0
0.692763,1.0
0.651185,1.0
0.342165,0.0
0.750886,0.0
0.754318,1.0
0.759582,0.0
0.795537,1.0
0.780867,0.0
0.754203,1.0
0.68043,0.0
0.703848,1.0
0.364743,0.0
0.67366,1.0
0.430653,1.0
0.742929,1.0
0.336402,0.0
0.338619,0.0
0.753303,1.0
0.334291,0.0
0.367388,0.0
0.695298,1.0
0.338539,0.0
0.763469,1.0
0.611943,0.0
0.385529,0.0
0.771432,0.0
0.704792,0.0
0.684134,0.0
0.757845,1.0
0.395049,0.0
0.669308,0.0
0.695017,0.0
0.705613,1.0
0.332959,0.0
0.334797,0.0
0.693688,1.0
0.756957,1.0
0.691373,0.0
0.749831,0.0
0.704778,1.0
0.687751,1.0
0.35523,1.0
0.692708,1.0
0.364485,0.0
0.656765,0.0
0.34038,0.0
0.695701,1.0
0.351235,0.0
0.760008,1.0
0.751597,0.0
0.339121,0.0
0.746449,1.0
0.767554,1.0
0.467239,0.0
0.765634,0.0
0.682742,1.0
0.713728,1.0
0.336578,0.0
0.677664,0.0
0.334264,0.0
0.357123,1.0
0.336563,0.0
0.668349,1.0
0.704298,0.0
0.347773,0.0
0.353966,0.0
0.590862,0.0
0.593767,1.0
0.61331,0.0
0.591595,1.0
0.590692,0.0
0.593547,1.0
0.609242,0.0
0.6318,1.0
0.597468,0.0
0.631863,1.0
0.59173,1.0
0.592596,1.0
0.625858,0.0
0.623147,0.0
0.590336,0.0
0.606108,0.0
0.541607,1.0
0.627355,1.0
0.584864,1.0
0.60417,0.0
0.607957,1.0
0.592465,0.0
0.660529,1.0
0.617462,0.0
0.623974,0.0
0.604016,0.0
0.591635,1.0
0.591379,1.0
0.618202,0.0
0.66086,1.0
0.592853,1.0
0.593606,1.0
0.67398,1.0
0.660214,0.0
0.59269,1.0
0.595436,1.0
0.630311,0.0
0.674264,1.0
0.661565,1.0
0.673829,1.0
0.659558,0.0
0.670124,0.0
0.661359,0.0
0.606545,0.0
0.592837,1.0
0.620305,1.0
0.591927,0.0
0.565463,1.0
0.658306,0.0
0.632961,0.0
0.631924,0.0
0.661544,1.0
0.634742,0.0
0.617955,1.0
0.591866,1.0
0.632863,0.0
0.65971,0.0
0.536724,0.0
0.609832,0.0
0.671561,0.0
0.60478,0.0
0.584472,1.0
0.660269,1.0
0.604761,0.0
0.607349,0.0
0.60655,0.0
0.596196,1.0
0.635348,0.0
0.634492,1.0
0.592359,1.0
0.661164,1.0
0.604746,0.0
0.67408,1.0
0.592205,1.0
0.591291,0.0
0.611614,0.0
0.591777,1.0
0.620433,1.0
0.610664,1.0
0.631106,0.0
0.592366,1.0
0.626891,0.0
0.65652,0.0
0.674314,1.0
0.63169,1.0
0.659016,1.0
0.65774,0.0
0.557939,0.0
0.670938,0.0
0.591536,1.0
0.590617,0.0
0.632881,0.0
0.606738,0.0
0.634753,1.0
0.610585,1.0
0.632888,1.0
0.591383,0.0
0.604532,0.0
0.628527,0.0
0.62464,1.0
0.515626,0.0
0.516495,0.0
0.535125,0.0
0.511273,1.0
0.513855,1.0
0.51392,0.0
0.535705,0.0
0.533145,1.0
0.536178,1.0
0.533119,0.0
0.514848,1.0
0.512165,1.0
0.534551,0.0
0.534676,1.0
0.511288,0.0
0.511454,0.0
0.541527,1.0
0.533284,1.0
0.538371,1.0
0.512741,0.0
0.516073,0.0
0.511559,0.0
0.516693,0.0
0.535066,1.0
0.534706,0.0
0.516524,0.0
0.510654,1.0
0.517708,0.0
0.537785,0.0
0.512766,1.0
0.511353,0.0
0.515031,1.0
0.517399,1.0
0.512109,0.0
0.513263,0.0
0.520235,0.0
0.534218,1.0
0.518116,0.0
0.51715,0.0
0.516939,1.0
0.510715,0.0
0.512473,0.0
0.516739,0.0
0.516774,1.0
0.512012,1.0
0.533796,0.0
0.516944,0.0
0.539773,1.0
0.517502,1.0
0.534064,0.0
0.534146,1.0
0.517247,1.0
0.533781,0.0
0.534107,0.0
0.512661,0.0
0.533855,0.0
0.514667,0.0
0.552388,0.0
0.535392,1.0
0.514151,0.0
0.512817,0.0
0.522158,1.0
0.516092,1.0
0.535663,0.0
0.519079,0.0
0.514432,1.0
0.512375,0.0
0.533722,0.0
0.532864,0.0
0.513116,0.0
0.516745,0.0
0.515502,0.0
0.518332,1.0
0.511699,1.0
0.51454,0.0
0.538431,1.0
0.513315,0.0
0.533788,0.0
0.520367,0.0
0.534227,0.0
0.512795,1.0
0.534296,0.0
0.514293,1.0
0.517901,1.0
0.533175,0.0
0.517378,0.0
0.513574,0.0
0.540883,1.0
0.514805,1.0
0.514732,0.0
0.510492,0.0
0.53407,0.0
0.517188,1.0
0.532846,0.0
0.536427,0.0
0.533089,0.0
0.517875,1.0
0.51289,0.0
0.534165,1.0
0.533617,1.0
0.735848,1.0
0.732538,1.0
0.580239,1.0
0.729538,1.0
0.7313,1.0
0.733198,1.0
0.580265,1.0
0.581316,1.0
0.583011,1.0
0.578966,1.0
0.730702,1.0
0.729979,1.0
0.579814,0.0
0.582339,1.0
0.736028,1.0
0.733565,1.0
0.57745,0.0
0.581534,0.0
0.580147,0.0
0.735669,1.0
0.733912,1.0
0.734967,1.0
0.355361,0.0
0.582363,0.0
0.57985,1.0
0.733141,1.0
0.729738,1.0
0.732625,1.0
0.579005,0.0
0.352577,1.0
0.733606,1.0
0.729706,1.0
0.346773,1.0
0.358613,0.0
0.733569,1.0
0.732358,1.0
0.582064,1.0
0.352937,0.0
0.354393,0.0
0.347017,0.0
0.36025,0.0
0.359675,0.0
0.353207,1.0
0.73062,0.0
0.729754,1.0
0.579252,0.0
0.735084,1.0
0.580165,1.0
0.346841,0.0
0.579551,1.0
0.58197,1.0
0.346993,1.0
0.579516,0.0
0.579285,1.0
0.73465,1.0
0.579645,1.0
0.356516,0.0
0.661169,1.0
0.582701,1.0
0.357534,1.0
0.735642,1.0
0.637433,1.0
0.349194,0.0
0.58048,0.0
0.732683,0.0
0.731319,1.0
0.726854,1.0
0.57952,1.0
0.578884,1.0
0.734553,1.0
0.354859,0.0
0.734497,1.0
0.34524,0.0
0.729949,1.0
0.736142,1.0
0.58153,0.0
0.734781,1.0
0.579249,1.0
0.731865,1.0
0.579584,0.0
0.730202,1.0
0.579809,0.0
0.352607,0.0
0.346078,1.0
0.578914,1.0
0.355629,1.0
0.359214,1.0
0.582758,0.0
0.349548,0.0
0.734409,1.0
0.735744,1.0
0.579554,1.0
0.730535,1.0
0.578863,0.0
0.577759,1.0
0.578879,0.0
0.729579,0.0
0.735599,1.0
0.582162,0.0
0.581547,0.0
0.597281,0.0
0.598807,1.0
0.608346,1.0
0.595079,1.0
0.596662,0.0
0.597515,1.0
0.607043,0.0
0.611812,1.0
0.605113,0.0
0.614951,1.0
0.597601,0.0
0.596133,1.0
0.619261,0.0
0.604307,0.0
0.595325,0.0
0.596474,1.0
0.538149,1.0
0.624859,1.0
0.579685,1.0
0.596658,0.0
0.599625,1.0
0.596279,1.0
0.661313,1.0
0.615998,1.0
0.60698,0.0
0.598103,0.0
0.594829,1.0
0.598917,1.0
0.589347,1.0
0.660327,1.0
0.595423,1.0
0.598515,1.0
0.665249,1.0
0.658864,0.0
0.596606,1.0
0.601825,1.0
0.60398,1.0
0.662321,1.0
0.661398,1.0
0.661625,1.0
0.657047,1.0
0.65979,1.0
0.665818,1.0
0.594898,0.0
0.596331,1.0
0.627043,0.0
0.598602,0.0
0.563252,1.0
0.662722,1.0
0.606957,1.0
0.60371,0.0
0.664879,1.0
0.619752,1.0
0.614244,1.0
0.595942,1.0
0.608038,0.0
0.66153,0.0
0.565052,1.0
0.604959,0.0
0.664129,1.0
0.596873,1.0
0.607269,1.0
0.661002,1.0
0.620721,1.0
0.595744,0.0
0.597854,1.0
0.597173,1.0
0.607772,1.0
0.615333,1.0
0.596691,1.0
0.661104,1.0
0.598015,0.0
0.662634,1.0
0.595562,1.0
0.597105,1.0
0.5824,0.0
0.596717,1.0
0.614986,0.0
0.601667,1.0
0.618885,1.0
0.596342,1.0
0.620027,0.0
0.660893,0.0
0.66558,1.0
0.614592,1.0
0.664809,1.0
0.66347,0.0
0.605262,1.0
0.661604,0.0
0.597253,1.0
0.595022,0.0
0.606957,1.0
0.59879,0.0
0.627323,1.0
0.583085,1.0
0.626667,1.0
0.594449,0.0
0.596764,0.0
0.617005,1.0
0.62396,0.0
0.590219,1.0
0.613125,1.0
0.60382,0.0
0.60916,0.0
0.590133,0.0
0.611334,1.0
0.58106,0.0
0.604486,1.0
0.57928,0.0
0.60693,1.0
0.590753,0.0
0.610211,1.0
0.59508,1.0
0.577793,0.0
0.589486,0.0
0.611078,1.0
0.550016,1.0
0.618158,1.0
0.588751,1.0
0.590083,0.0
0.612492,1.0
0.61113,1.0
0.688562,1.0
0.613652,1.0
0.580476,0.0
0.590796,1.0
0.608771,0.0
0.61205,1.0
0.598374,0.0
0.677606,1.0
0.609684,1.0
0.612171,1.0
0.682088,1.0
0.666322,1.0
0.610614,1.0
0.615384,1.0
0.599876,1.0
0.689284,1.0
0.688704,1.0
0.689104,1.0
0.686473,0.0
0.68799,1.0
0.683066,1.0
0.597144,0.0
0.610341,1.0
0.599673,0.0
0.591306,1.0
0.569267,1.0
0.689754,0.0
0.602367,1.0
0.577022,0.0
0.681655,0.0
0.615963,0.0
0.606819,1.0
0.609955,1.0
0.58089,0.0
0.666783,1.0
0.591171,0.0
0.578727,0.0
0.681512,1.0
0.610955,1.0
0.623521,1.0
0.688568,1.0
0.617286,0.0
0.597914,0.0
0.612761,1.0
0.61137,1.0
0.602804,1.0
0.607104,1.0
0.610366,1.0
0.688506,1.0
0.590745,0.0
0.689695,0.0
0.609948,1.0
0.611876,1.0
0.568346,0.0
0.610216,1.0
0.585572,1.0
0.615918,1.0
0.615579,0.0
0.610532,0.0
0.595527,0.0
0.666361,0.0
0.682431,1.0
0.606697,1.0
0.681511,1.0
0.659705,0.0
0.609141,1.0
0.666811,0.0
0.611143,0.0
0.589508,0.0
0.602369,1.0
0.591565,0.0
0.619784,1.0
0.58539,1.0
0.619451,1.0
0.5968,0.0
0.59015,0.0
0.613964,0.0
0.597011,1.0
0.73869,1.0
0.736525,1.0
0.579917,0.0
0.74351,0.0
0.744565,0.0
0.736257,1.0
0.581658,0.0
0.580203,1.0
0.581797,1.0
0.580088,1.0
0.744213,1.0
0.736454,1.0
0.578597,0.0
0.581823,1.0
0.745158,1.0
0.73675,1.0
0.570512,1.0
0.577398,0.0
0.576565,1.0
0.744622,1.0
0.735952,1.0
0.73715,1.0
0.340992,0.0
0.577534,0.0
0.58165,1.0
0.736478,1.0
0.743289,1.0
0.73604,1.0
0.577066,0.0
0.332959,0.0
0.736129,1.0
0.736211,1.0
0.339476,1.0
0.336666,0.0
0.736728,1.0
0.735646,0.0
0.580527,1.0
0.342417,0.0
0.340639,0.0
0.341182,0.0
0.351588,0.0
0.341008,0.0
0.341863,1.0
0.743128,1.0
0.736061,1.0
0.578153,0.0
0.737923,1.0
0.581967,1.0
0.36058,0.0
0.580402,1.0
0.581838,1.0
0.352903,0.0
0.576928,0.0
0.58014,0.0
0.736975,1.0
0.581595,1.0
0.341255,1.0
0.705252,1.0
0.581799,1.0
0.340118,1.0
0.737313,1.0
0.689518,1.0
0.340994,0.0
0.577052,0.0
0.741687,1.0
0.737507,0.0
0.734236,1.0
0.580369,1.0
0.580067,1.0
0.736681,1.0
0.340192,0.0
0.743873,1.0
0.35639,0.0
0.736415,1.0
0.738002,1.0
0.578256,0.0
0.736684,1.0
0.581506,1.0
0.735792,1.0
0.576955,0.0
0.743834,1.0
0.57831,1.0
0.357138,0.0
0.339989,0.0
0.580098,1.0
0.340141,1.0
0.353686,0.0
0.577779,0.0
0.356556,0.0
0.743756,1.0
0.745054,1.0
0.580402,1.0
0.744277,1.0
0.577385,1.0
0.581139,1.0
0.577395,0.0
0.742554,0.0
0.744634,0.0
0.576956,0.0
0.578464,0.0
0.592758,1.0
0.595128,1.0
0.607663,1.0
0.590663,0.0
0.590002,0.0
0.593776,1.0
0.598506,0.0
0.6097,1.0
0.585517,1.0
0.610618,1.0
0.594351,0.0
0.592826,1.0
0.614633,0.0
0.584519,0.0
0.593235,0.0
0.593482,1.0
0.562921,1.0
0.622297,1.0
0.596832,1.0
0.593894,0.0
0.594912,1.0
0.593585,1.0
0.660107,1.0
0.621067,1.0
0.585711,0.0
0.592608,0.0
0.5943,0.0
0.594521,1.0
0.600054,0.0
0.655128,1.0
0.592422,1.0
0.594505,1.0
0.661763,1.0
0.656777,0.0
0.593155,1.0
0.592865,1.0
0.608754,1.0
0.660551,1.0
0.660129,1.0
0.66033,1.0
0.661316,0.0
0.659721,0.0
0.662695,1.0
0.597227,0.0
0.592953,1.0
0.600213,1.0
0.593759,0.0
0.597697,1.0
0.661247,1.0
0.609753,1.0
0.58407,0.0
0.661641,1.0
0.607153,1.0
0.622913,1.0
0.592672,1.0
0.585623,0.0
0.661354,0.0
0.590611,0.0
0.585085,0.0
0.66144,1.0
0.593545,0.0
0.603111,0.0
0.660039,1.0
0.608293,1.0
0.597958,1.0
0.591026,1.0
0.593515,1.0
0.609815,1.0
0.610621,1.0
0.593048,1.0
0.659982,1.0
0.594761,0.0
0.662374,1.0
0.592603,1.0
0.594161,0.0
0.587002,0.0
0.592962,1.0
0.602838,1.0
0.59738,1.0
0.607081,0.0
0.595451,0.0
0.586919,1.0
0.661378,0.0
0.659468,1.0
0.610551,1.0
0.661486,1.0
0.659545,0.0
0.620605,1.0
0.661613,0.0
0.595811,1.0
0.593108,0.0
0.609756,1.0
0.595894,0.0
0.611098,1.0
0.60417,1.0
0.622878,1.0
0.592986,0.0
0.589953,0.0
0.606093,1.0
0.614673,0.0
0.738161,1.0
0.737291,0.0
0.575053,0.0
0.741476,1.0
0.741927,0.0
0.7362,1.0
0.575157,0.0
0.583961,0.0
0.586202,1.0
0.583878,1.0
0.744818,1.0
0.735896,1.0
0.57419,1.0
0.585916,1.0
0.745505,1.0
0.736911,1.0
0.587631,0.0
0.574298,0.0
0.584809,0.0
0.745208,1.0
0.735979,1.0
0.73702,1.0
0.33165,0.0
0.574322,0.0
0.585816,0.0
0.74327,1.0
0.744684,1.0
0.73677,1.0
0.574044,0.0
0.32483,0.0
0.735348,1.0
0.736175,1.0
0.335815,0.0
0.344386,0.0
0.736635,1.0
0.732907,1.0
0.584063,1.0
0.333028,0.0
0.331392,0.0
0.331896,0.0
0.347367,0.0
0.347673,0.0
0.338222,1.0
0.744807,0.0
0.735363,1.0
0.57433,0.0
0.744664,1.0
0.58493,1.0
0.342334,0.0
0.583973,1.0
0.585948,1.0
0.332195,0.0
0.574226,0.0
0.575031,1.0
0.736546,1.0
0.585821,1.0
0.352235,0.0
0.721567,1.0
0.585874,1.0
0.336147,0.0
0.744637,1.0
0.722391,1.0
0.33164,0.0
0.57431,0.0
0.737638,0.0
0.734351,1.0
0.734837,1.0
0.583966,1.0
0.583875,1.0
0.736241,1.0
0.330977,1.0
0.744937,1.0
0.337529,0.0
0.735722,1.0
0.745597,1.0
0.57412,0.0
0.73623,1.0
0.584585,0.0
0.737114,1.0
0.574109,0.0
0.745358,0.0
0.58586,0.0
0.350273,0.0
0.330364,0.0
0.583884,1.0
0.336183,1.0
0.346985,0.0
0.574422,1.0
0.350116,0.0
0.738407,0.0
0.745307,1.0
0.583973,1.0
0.745453,1.0
0.583594,0.0
0.584437,1.0
0.574314,0.0
0.741949,1.0
0.741754,1.0
0.57419,0.0
0.574131,0.0
0.61605,1.0
0.604481,1.0
0.36903,0.0
0.606005,1.0
0.600482,0.0
0.601835,0.0
0.384977,1.0
0.366713,0.0
0.385717,0.0
0.382878,0.0
0.629128,1.0
0.594095,0.0
0.400716,0.0
0.402763,0.0
0.623765,1.0
0.60539,1.0
0.401916,0.0
0.36853,0.0
0.375014,0.0
0.630452,1.0
0.611441,0.0
0.604328,1.0
0.680428,1.0
0.368785,0.0
0.38605,0.0
0.624671,1.0
0.621679,1.0
0.622798,0.0
0.390012,0.0
0.645193,0.0
0.587885,1.0
0.607559,0.0
0.683937,0.0
0.669467,1.0
0.600941,1.0
0.613885,0.0
0.382877,1.0
0.689527,1.0
0.680727,1.0
0.683723,0.0
0.694372,1.0
0.694105,0.0
0.705214,1.0
0.670533,1.0
0.591278,1.0
0.372886,0.0
0.636888,0.0
0.384113,1.0
0.734091,1.0
0.382678,1.0
0.402858,0.0
0.683251,1.0
0.37247,0.0
0.381443,1.0
0.59795,1.0
0.402767,0.0
0.701068,1.0
0.679081,1.0
0.402637,0.0
0.68316,0.0
0.630373,1.0
0.651384,1.0
0.679518,1.0
0.371905,1.0
0.654705,0.0
0.604399,1.0
0.592051,1.0
0.382711,0.0
0.382905,0.0
0.59829,1.0
0.686613,1.0
0.64325,0.0
0.712101,0.0
0.591362,1.0
0.646721,1.0
0.391797,0.0
0.599339,1.0
0.36692,0.0
0.64611,0.0
0.387866,0.0
0.619617,1.0
0.372627,0.0
0.710078,0.0
0.673455,0.0
0.382884,0.0
0.691725,1.0
0.683167,1.0
0.384519,0.0
0.711313,1.0
0.612748,1.0
0.618986,1.0
0.382677,0.0
0.663151,0.0
0.369229,0.0
0.383268,0.0
0.368289,0.0
0.665305,1.0
0.61033,1.0
0.372855,0.0
0.384757,0.0
0.797573,1.0
0.813375,1.0
0.328681,0.0
0.808204,1.0
0.804798,1.0
0.804865,0.0
0.414047,0.0
0.32513,1.0
0.333175,0.0
0.333709,0.0
0.781217,1.0
0.813495,1.0
0.344245,1.0
0.339969,0.0
0.78931,1.0
0.810712,1.0
0.343048,1.0
0.329303,0.0
0.329044,0.0
0.780097,1.0
0.789929,0.0
0.812114,1.0
0.862872,1.0
0.329396,0.0
0.331153,1.0
0.782936,1.0
0.791276,1.0
0.776695,0.0
0.337857,0.0
0.890938,1.0
0.829624,1.0
0.796579,1.0
0.853662,0.0
0.872594,1.0
0.815173,0.0
0.785039,1.0
0.411342,0.0
0.854085,1.0
0.862689,1.0
0.854075,1.0
0.848362,1.0
0.842628,1.0
0.836187,1.0
0.737692,1.0
0.824834,1.0
0.330715,1.0
0.763447,1.0
0.411381,1.0
0.809322,1.0
0.411272,0.0
0.339981,0.0
0.860272,1.0
0.330879,0.0
0.41357,0.0
0.818127,1.0
0.340081,1.0
0.841348,1.0
0.694105,0.0
0.339951,1.0
0.854416,1.0
0.779857,1.0
0.757658,1.0
0.863733,1.0
0.407949,1.0
0.743318,1.0
0.809531,1.0
0.826198,1.0
0.333545,0.0
0.333725,1.0
0.816771,1.0
0.85512,1.0
0.755187,1.0
0.825874,1.0
0.825604,1.0
0.76376,1.0
0.338039,0.0
0.814906,1.0
0.324702,1.0
0.753328,1.0
0.336968,0.0
0.795853,1.0
0.326616,0.0
0.826738,1.0
0.864027,1.0
0.333707,0.0
0.849804,1.0
0.859279,1.0
0.337845,1.0
0.831282,1.0
0.803314,1.0
0.795009,1.0
0.33352,1.0
0.734925,1.0
0.326732,0.0
0.333432,1.0
0.329182,1.0
0.738549,1.0
0.801414,1.0
0.331065,1.0
0.335595,1.0
0.617616,1.0
0.602293,1.0
0.288339,0.0
0.609232,1.0
0.596409,0.0
0.595309,0.0
0.368772,0.0
0.352421,1.0
0.284208,1.0
0.285553,0.0
0.631761,0.0
0.593455,0.0
0.358158,0.0
0.284569,0.0
0.626242,1.0
0.607372,1.0
0.361182,0.0
0.289031,0.0
0.286965,0.0
0.633028,1.0
0.604251,0.0
0.606341,1.0
0.678918,0.0
0.289043,0.0
0.353001,0.0
0.628032,1.0
0.624255,1.0
0.614806,1.0
0.290542,1.0
0.647516,0.0
0.591436,1.0
0.605828,1.0
0.675515,1.0
0.670773,1.0
0.598126,1.0
0.612059,0.0
0.360883,0.0
0.686891,1.0
0.679169,1.0
0.678618,0.0
0.692595,1.0
0.68897,1.0
0.706028,1.0
0.667191,1.0
0.594597,0.0
0.356814,0.0
0.63505,0.0
0.443431,1.0
0.72853,1.0
0.360878,0.0
0.284548,0.0
0.681403,1.0
0.289358,0.0
0.364141,0.0
0.600593,1.0
0.352601,0.0
0.698892,1.0
0.679614,0.0
0.352508,1.0
0.678348,1.0
0.632955,0.0
0.654034,1.0
0.678134,1.0
0.448721,1.0
0.645728,0.0
0.606564,1.0
0.595039,1.0
0.285462,0.0
0.35293,0.0
0.601012,1.0
0.688302,1.0
0.641545,1.0
0.703891,0.0
0.594585,0.0
0.648965,1.0
0.290191,0.0
0.602079,1.0
0.351894,0.0
0.642824,0.0
0.290366,0.0
0.617545,1.0
0.285503,0.0
0.703431,0.0
0.669951,0.0
0.28555,1.0
0.693215,1.0
0.682631,1.0
0.356984,0.0
0.7082,1.0
0.609926,1.0
0.621557,1.0
0.352785,0.0
0.661224,0.0
0.286521,0.0
0.352483,1.0
0.356478,0.0
0.668398,1.0
0.613583,0.0
0.357212,0.0
0.358474,1.0
0.578968,1.0
0.576205,0.0
0.620411,0.0
0.577151,0.0
0.577965,0.0
0.581411,0.0
0.610039,1.0
0.593122,1.0
0.609113,0.0
0.621335,1.0
0.589237,1.0
0.577612,0.0
0.608034,1.0
0.621829,1.0
0.581675,1.0
0.576855,1.0
0.607077,0.0
0.620313,0.0
0.620687,1.0
0.583685,0.0
0.584658,1.0
0.576947,1.0
0.51381,1.0
0.620315,0.0
0.608121,0.0
0.581998,1.0
0.581872,0.0
0.580943,0.0
0.607776,1.0
0.498951,0.0
0.571613,1.0
0.576806,0.0
0.508704,0.0
0.504525,0.0
0.576349,0.0
0.585623,0.0
0.611738,0.0
0.511448,1.0
0.508194,1.0
0.513138,0.0
0.513853,0.0
0.51187,0.0
0.519271,0.0
0.594463,1.0
0.578881,1.0
0.607347,0.0
0.590169,1.0
0.576955,1.0
0.527419,1.0
0.611734,1.0
0.621833,1.0
0.509178,1.0
0.62033,0.0
0.611185,1.0
0.574151,0.0
0.608908,0.0
0.516438,1.0
0.602835,0.0
0.594181,0.0
0.507335,0.0
0.589604,1.0
0.590697,0.0
0.507787,1.0
0.574874,0.0
0.594093,1.0
0.577123,1.0
0.573374,0.0
0.621343,0.0
0.608519,0.0
0.574673,0.0
0.512116,0.0
0.585719,1.0
0.523283,1.0
0.578482,1.0
0.588797,1.0
0.620517,1.0
0.574785,1.0
0.608035,1.0
0.594367,1.0
0.620438,1.0
0.580494,1.0
0.620836,0.0
0.523124,1.0
0.509442,0.0
0.608853,1.0
0.514169,1.0
0.509713,1.0
0.607927,0.0
0.520029,1.0
0.577818,1.0
0.5805,1.0
0.608536,1.0
0.596607,0.0
0.620658,0.0
0.59382,0.0
0.607339,1.0
0.594085,1.0
0.583721,0.0
0.607286,0.0
0.592255,1.0
0.614319,1.0
0.615696,1.0
0.664276,0.0
0.615123,1.0
0.610147,0.0
0.613508,1.0
0.645436,1.0
0.593851,1.0
0.633708,0.0
0.666024,1.0
0.614019,1.0
0.611007,1.0
0.638055,0.0
0.667112,0.0
0.615232,1.0
0.614328,1.0
0.635564,1.0
0.664109,1.0
0.664774,1.0
0.616952,1.0
0.613651,1.0
0.614566,1.0
0.678011,1.0
0.664115,1.0
0.637695,0.0
0.615067,1.0
0.616853,1.0
0.61692,1.0
0.631206,0.0
0.671854,1.0
0.612536,1.0
0.615511,1.0
0.683122,1.0
0.680493,1.0
0.615819,1.0
0.614682,1.0
0.648801,1.0
0.682477,1.0
0.680988,1.0
0.678892,1.0
0.684724,0.0
0.683754,1.0
0.687021,1.0
0.620754,1.0
0.610659,1.0
0.635926,0.0
0.614715,1.0
0.546704,1.0
0.688801,1.0
0.648951,1.0
0.66712,0.0
0.681397,1.0
0.664172,1.0
0.64786,1.0
0.614093,1.0
0.639611,1.0
0.684529,1.0
0.621272,1.0
0.595257,0.0
0.68168,1.0
0.614277,1.0
0.622132,1.0
0.680761,1.0
0.540478,1.0
0.616982,1.0
0.614495,1.0
0.61474,1.0
0.666068,1.0
0.638527,1.0
0.614341,1.0
0.684037,1.0
0.616684,1.0
0.682323,1.0
0.610428,1.0
0.618191,1.0
0.664678,0.0
0.613141,1.0
0.637707,1.0
0.617626,1.0
0.664503,1.0
0.615657,1.0
0.665011,0.0
0.682131,0.0
0.677038,1.0
0.633427,1.0
0.683585,1.0
0.681545,1.0
0.637295,1.0
0.686015,0.0
0.614528,1.0
0.614961,0.0
0.638868,1.0
0.618143,0.0
0.664681,1.0
0.594274,1.0
0.636242,1.0
0.620267,0.0
0.612633,0.0
0.635791,1.0
0.591612,1.0
0.736292,1.0
0.733644,0.0
0.577796,0.0
0.735069,1.0
0.739335,1.0
0.732247,1.0
0.579773,0.0
0.579073,1.0
0.577532,1.0
0.579168,1.0
0.736133,1.0
0.731497,1.0
0.578574,1.0
0.577998,1.0
0.737195,1.0
0.735074,1.0
0.579281,0.0
0.57906,0.0
0.579075,0.0
0.73707,1.0
0.732656,1.0
0.734927,1.0
0.32876,0.0
0.579061,0.0
0.578273,1.0
0.736624,1.0
0.736371,1.0
0.734834,1.0
0.577782,0.0
0.3243,0.0
0.733418,1.0
0.73334,1.0
0.329578,0.0
0.328079,0.0
0.734647,1.0
0.731595,0.0
0.579896,1.0
0.330624,0.0
0.329558,0.0
0.327728,0.0
0.347933,0.0
0.3304,0.0
0.333475,1.0
0.737381,1.0
0.732318,1.0
0.578237,0.0
0.735592,0.0
0.579855,1.0
0.337837,0.0
0.579888,1.0
0.577998,1.0
0.329966,0.0
0.579074,0.0
0.579887,1.0
0.734267,1.0
0.579402,1.0
0.332869,0.0
0.732985,1.0
0.57838,1.0
0.328917,1.0
0.736178,0.0
0.734269,0.0
0.329613,0.0
0.573961,0.0
0.734751,0.0
0.734456,1.0
0.733256,1.0
0.579163,1.0
0.579316,1.0
0.734067,0.0
0.330452,0.0
0.737071,1.0
0.331966,0.0
0.732596,1.0
0.737921,1.0
0.577939,0.0
0.734421,1.0
0.579154,1.0
0.734872,1.0
0.579126,0.0
0.735791,1.0
0.577786,0.0
0.348807,1.0
0.326823,0.0
0.578489,1.0
0.332024,0.0
0.330444,0.0
0.579327,0.0
0.350335,0.0
0.734943,0.0
0.744363,0.0
0.57934,1.0
0.743634,1.0
0.579054,0.0
0.578333,0.0
0.579157,0.0
0.744026,0.0
0.742017,0.0
0.579146,0.0
0.579147,0.0
0.530346,1.0
0.537881,0.0
0.533278,1.0
0.53196,1.0
0.531084,0.0
0.533293,0.0
0.532557,0.0
0.535559,1.0
0.534185,1.0
0.530903,0.0
0.529467,1.0
0.534361,0.0
0.533436,0.0
0.532134,1.0
0.529495,0.0
0.532376,0.0
0.532995,0.0
0.531791,1.0
0.531993,1.0
0.528554,1.0
0.531731,0.0
0.532737,1.0
0.536484,0.0
0.53179,1.0
0.53321,1.0
0.528603,0.0
0.530199,1.0
0.529198,1.0
0.536357,0.0
0.53885,0.0
0.534321,1.0
0.532623,1.0
0.535771,1.0
0.536765,1.0
0.532189,0.0
0.536576,0.0
0.531101,1.0
0.535404,1.0
0.53606,0.0
0.536662,1.0
0.533072,0.0
0.535364,1.0
0.528607,0.0
0.52478,0.0
0.534369,1.0
0.534662,0.0
0.533847,0.0
0.54005,1.0
0.531393,1.0
0.531337,0.0
0.532133,1.0
0.535879,1.0
0.531782,0.0
0.531375,0.0
0.532919,0.0
0.53169,0.0
0.534321,0.0
0.521137,0.0
0.536464,1.0
0.531738,0.0
0.533965,0.0
0.531928,1.0
0.536124,1.0
0.543169,0.0
0.532729,0.0
0.532381,0.0
0.534442,0.0
0.530707,0.0
0.531758,0.0
0.537175,1.0
0.5353,0.0
0.527262,1.0
0.534519,1.0
0.534325,1.0
0.526889,1.0
0.533478,1.0
0.532461,0.0
0.532122,1.0
0.529279,0.0
0.531981,0.0
0.531266,1.0
0.533247,0.0
0.527364,1.0
0.537308,1.0
0.533048,0.0
0.534806,0.0
0.535754,0.0
0.532914,0.0
0.531449,1.0
0.536294,1.0
0.532838,0.0
0.532026,1.0
0.523591,1.0
0.531771,0.0
0.536736,1.0
0.533372,0.0
0.527245,0.0
0.533804,1.0
0.533039,0.0
0.537655,1.0
0.727574,0.0
0.726643,0.0
0.576797,1.0
0.726111,0.0
0.731616,0.0
0.729768,1.0
0.574692,1.0
0.587339,1.0
0.586258,1.0
0.581142,1.0
0.727857,1.0
0.728722,1.0
0.583166,0.0
0.584796,1.0
0.73483,1.0
0.732354,1.0
0.574622,0.0
0.576835,1.0
0.576763,0.0
0.729154,1.0
0.730134,0.0
0.725597,1.0
0.330221,0.0
0.576835,0.0
0.585498,1.0
0.734343,1.0
0.72799,1.0
0.727079,1.0
0.573752,1.0
0.328798,0.0
0.723569,1.0
0.724467,1.0
0.3221,0.0
0.3214,0.0
0.732192,1.0
0.724693,1.0
0.583814,0.0
0.322388,0.0
0.330597,0.0
0.3211,1.0
0.333875,1.0
0.322566,1.0
0.338109,0.0
0.736226,0.0
0.722602,1.0
0.574577,0.0
0.729325,0.0
0.59506,1.0
0.327311,0.0
0.581471,1.0
0.584796,1.0
0.32208,0.0
0.574523,1.0
0.581495,0.0
0.731542,0.0
0.581665,1.0
0.332444,0.0
0.734229,1.0
0.588109,0.0
0.334975,0.0
0.729861,1.0
0.724541,1.0
0.32195,0.0
0.558238,0.0
0.729005,0.0
0.73174,1.0
0.730556,1.0
0.581011,1.0
0.581704,1.0
0.720056,0.0
0.331266,0.0
0.729525,0.0
0.323101,0.0
0.722823,1.0
0.730437,1.0
0.576752,0.0
0.731536,0.0
0.584461,1.0
0.733074,1.0
0.574464,0.0
0.726956,1.0
0.574485,1.0
0.331049,0.0
0.320804,0.0
0.582604,1.0
0.331959,0.0
0.331132,1.0
0.574632,0.0
0.327444,0.0
0.721233,1.0
0.732634,1.0
0.584407,1.0
0.731598,1.0
0.574515,0.0
0.575366,0.0
0.574452,0.0
0.734347,0.0
0.723869,0.0
0.574582,0.0
0.574712,0.0
0.727715,1.0
0.725836,0.0
0.593753,1.0
0.727029,1.0
0.728036,1.0
0.744543,1.0
0.592689,0.0
0.599726,1.0
0.598345,1.0
0.595291,1.0
0.746816,1.0
0.743925,1.0
0.560178,1.0
0.597057,1.0
0.747666,1.0
0.745611,1.0
0.558035,0.0
0.593087,1.0
0.557528,0.0
0.747614,1.0
0.727138,1.0
0.744817,1.0
0.358872,0.0
0.557668,0.0
0.597514,1.0
0.748045,1.0
0.746559,1.0
0.746737,1.0
0.593992,0.0
0.363219,0.0
0.743724,1.0
0.744648,1.0
0.357185,1.0
0.358992,0.0
0.745663,1.0
0.743232,1.0
0.559982,1.0
0.356429,0.0
0.358001,0.0
0.382273,0.0
0.378836,0.0
0.380907,0.0
0.351329,1.0
0.728162,1.0
0.743479,1.0
0.557563,0.0
0.727311,1.0
0.608397,1.0
0.348984,1.0
0.595432,1.0
0.597056,1.0
0.357344,0.0
0.592432,0.0
0.560259,1.0
0.727317,1.0
0.595623,1.0
0.354862,1.0
0.749403,1.0
0.559596,1.0
0.35656,1.0
0.745597,1.0
0.745335,1.0
0.357882,0.0
0.534946,0.0
0.727074,1.0
0.745507,1.0
0.744128,1.0
0.595136,1.0
0.595667,1.0
0.725956,1.0
0.356566,0.0
0.728266,1.0
0.354775,0.0
0.743549,1.0
0.748499,1.0
0.557039,0.0
0.727483,1.0
0.596774,1.0
0.746915,1.0
0.558047,0.0
0.745799,1.0
0.593063,1.0
0.348957,1.0
0.360087,0.0
0.59673,1.0
0.355799,0.0
0.381846,1.0
0.558058,0.0
0.349174,0.0
0.743583,1.0
0.746984,1.0
0.596699,1.0
0.749881,1.0
0.558161,0.0
0.555193,1.0
0.55777,1.0
0.728097,0.0
0.727195,1.0
0.557987,0.0
0.554313,1.0
0.748838,0.0
0.712978,1.0
0.602909,1.0
0.747904,0.0
0.74718,0.0
0.749545,1.0
0.56289,1.0
0.606607,1.0
0.605108,1.0
0.602407,1.0
0.752023,1.0
0.749025,1.0
0.590618,0.0
0.604127,1.0
0.75289,1.0
0.751328,0.0
0.551899,0.0
0.602141,1.0
0.550938,1.0
0.752868,0.0
0.745892,1.0
0.751099,1.0
0.315769,0.0
0.551095,0.0
0.604339,0.0
0.752427,1.0
0.752366,1.0
0.751199,1.0
0.56294,0.0
0.314257,0.0
0.749967,1.0
0.750097,1.0
0.359916,1.0
0.315502,0.0
0.751197,1.0
0.746764,0.0
0.590272,1.0
0.316402,0.0
0.316131,0.0
0.319627,1.0
0.324309,0.0
0.321161,1.0
0.361094,1.0
0.750483,1.0
0.749244,1.0
0.5514,0.0
0.746481,1.0
0.616401,1.0
0.361199,1.0
0.60241,1.0
0.604127,1.0
0.316113,0.0
0.562813,0.0
0.590209,1.0
0.747306,1.0
0.602555,1.0
0.360385,0.0
0.751012,1.0
0.591204,1.0
0.360217,1.0
0.750547,1.0
0.751537,1.0
0.315981,0.0
0.518473,0.0
0.745964,1.0
0.750828,1.0
0.750197,1.0
0.602262,1.0
0.602594,1.0
0.744734,1.0
0.316778,0.0
0.749732,1.0
0.317047,0.0
0.749463,1.0
0.753428,1.0
0.550326,0.0
0.747211,0.0
0.603883,1.0
0.751166,0.0
0.551932,0.0
0.751753,1.0
0.601904,0.0
0.361402,0.0
0.314987,0.0
0.603615,1.0
0.317387,1.0
0.36413,0.0
0.551922,0.0
0.320803,0.0
0.749255,0.0
0.752496,1.0
0.603808,1.0
0.753168,1.0
0.55205,0.0
0.589231,0.0
0.589208,0.0
0.723096,1.0
0.747046,1.0
0.551854,0.0
0.589099,0.0
0.584468,1.0
0.595876,0.0
0.559327,0.0
0.584465,1.0
0.58367,0.0
0.590472,1.0
0.580299,1.0
0.553031,1.0
0.557427,0.0
0.56419,1.0
0.591216,0.0
0.589192,1.0
0.581845,1.0
0.559651,0.0
0.590881,0.0
0.58667,0.0
0.596467,1.0
0.561521,1.0
0.584144,0.0
0.587136,0.0
0.589544,1.0
0.590828,1.0
0.657454,1.0
0.594494,1.0
0.571755,1.0
0.590686,0.0
0.591218,1.0
0.59108,1.0
0.585645,1.0
0.654626,1.0
0.589782,1.0
0.59069,1.0
0.651952,1.0
0.656909,1.0
0.590655,1.0
0.585531,1.0
0.569713,1.0
0.658465,1.0
0.657982,1.0
0.661355,1.0
0.662748,0.0
0.662791,0.0
0.656499,1.0
0.593542,0.0
0.589682,1.0
0.594777,1.0
0.588834,0.0
0.525728,1.0
0.657171,1.0
0.564425,0.0
0.559651,0.0
0.657926,1.0
0.591291,1.0
0.571923,1.0
0.588134,1.0
0.56411,1.0
0.651647,0.0
0.59393,1.0
0.562582,0.0
0.653127,1.0
0.590197,1.0
0.592763,1.0
0.657616,1.0
0.527435,1.0
0.590508,1.0
0.590795,1.0
0.590485,1.0
0.564557,1.0
0.564014,1.0
0.586906,0.0
0.658845,1.0
0.590328,0.0
0.659425,1.0
0.589501,1.0
0.59266,0.0
0.592079,1.0
0.583918,1.0
0.560246,0.0
0.589868,1.0
0.596809,0.0
0.591378,1.0
0.574765,0.0
0.654968,0.0
0.656221,1.0
0.561282,1.0
0.661826,1.0
0.65184,1.0
0.596539,1.0
0.662305,0.0
0.58519,1.0
0.590783,1.0
0.56045,1.0
0.593688,0.0
0.597149,1.0
0.572321,1.0
0.5822,1.0
0.599934,0.0
0.588128,1.0
0.596353,1.0
0.569428,1.0
0.728346,1.0
0.738592,1.0
0.593502,1.0
0.72702,1.0
0.73522,1.0
0.732686,1.0
0.585897,0.0
0.594882,1.0
0.593407,1.0
0.5928,1.0
0.743738,1.0
0.731936,1.0
0.572754,1.0
0.593133,1.0
0.744484,1.0
0.738426,1.0
0.566948,0.0
0.593684,1.0
0.584326,0.0
0.740856,1.0
0.730353,1.0
0.734042,1.0
0.322407,0.0
0.566341,0.0
0.575247,1.0
0.744287,1.0
0.735898,0.0
0.735296,1.0
0.568628,0.0
0.321119,0.0
0.732624,1.0
0.733258,1.0
0.326482,0.0
0.322233,0.0
0.734355,1.0
0.724947,1.0
0.5914,1.0
0.32299,0.0
0.322708,0.0
0.327986,1.0
0.344323,0.0
0.347456,0.0
0.329546,1.0
0.744073,1.0
0.732036,1.0
0.566665,0.0
0.739103,1.0
0.60123,1.0
0.330129,0.0
0.592186,1.0
0.593133,1.0
0.322743,0.0
0.569128,0.0
0.590919,1.0
0.731192,1.0
0.592773,1.0
0.342671,0.0
0.738903,1.0
0.591928,1.0
0.327141,1.0
0.733881,1.0
0.735917,1.0
0.322622,0.0
0.500408,0.0
0.730704,1.0
0.733984,1.0
0.732847,1.0
0.592737,1.0
0.592788,1.0
0.737074,1.0
0.323238,0.0
0.742795,1.0
0.323525,0.0
0.732221,1.0
0.745477,1.0
0.565822,0.0
0.726252,1.0
0.593037,1.0
0.731153,0.0
0.56788,0.0
0.735058,1.0
0.575428,1.0
0.343605,1.0
0.321809,1.0
0.593238,1.0
0.328749,1.0
0.323152,0.0
0.566961,0.0
0.344153,0.0
0.72715,0.0
0.735929,1.0
0.593599,1.0
0.745884,1.0
0.567032,0.0
0.571318,1.0
0.572254,0.0
0.743806,0.0
0.731234,1.0
0.566922,0.0
0.570963,0.0
0.741279,1.0
0.743374,1.0
0.602999,0.0
0.740382,1.0
0.743111,1.0
0.742745,1.0
0.559431,0.0
0.599865,1.0
0.602738,1.0
0.599115,1.0
0.747083,1.0
0.742259,1.0
0.593825,1.0
0.602666,1.0
0.747277,1.0
0.743512,1.0
0.552402,0.0
0.5996,0.0
0.557791,0.0
0.745771,1.0
0.742196,1.0
0.742984,1.0
0.362917,0.0
0.551818,0.0
0.594493,1.0
0.74791,1.0
0.727474,1.0
0.74526,1.0
0.553595,1.0
0.365243,1.0
0.742141,1.0
0.743097,1.0
0.363729,1.0
0.363379,0.0
0.74347,1.0
0.740378,1.0
0.599304,0.0
0.361919,0.0
0.362406,0.0
0.382659,0.0
0.354778,0.0
0.35635,1.0
0.382339,1.0
0.747927,1.0
0.742095,1.0
0.552135,0.0
0.744122,1.0
0.601609,1.0
0.358269,1.0
0.602231,1.0
0.602666,1.0
0.36245,0.0
0.554096,0.0
0.598994,1.0
0.741665,1.0
0.599091,1.0
0.362195,0.0
0.750363,1.0
0.603054,1.0
0.384415,1.0
0.743683,1.0
0.744582,0.0
0.362758,0.0
0.453522,0.0
0.742675,1.0
0.743374,1.0
0.742064,1.0
0.599092,1.0
0.599096,1.0
0.742361,1.0
0.361544,1.0
0.74672,1.0
0.360927,0.0
0.742129,1.0
0.748621,1.0
0.55132,0.0
0.740337,0.0
0.60263,1.0
0.726274,1.0
0.551763,0.0
0.743886,1.0
0.596825,1.0
0.382554,1.0
0.385014,1.0
0.599257,1.0
0.382269,1.0
0.363568,0.0
0.552414,0.0
0.355231,0.0
0.725679,1.0
0.744598,1.0
0.599439,1.0
0.750516,1.0
0.552484,1.0
0.594142,1.0
0.555069,0.0
0.728523,1.0
0.742336,0.0
0.552378,0.0
0.553109,1.0
0.867215,1.0
0.836686,1.0
0.410095,0.0
0.871747,1.0
0.85205,1.0
0.849878,1.0
0.400891,0.0
0.415276,0.0
0.424515,1.0
0.415958,0.0
0.81302,1.0
0.856879,1.0
0.430415,0.0
0.425033,0.0
0.813917,0.0
0.8453,1.0
0.414172,1.0
0.400927,0.0
0.418103,0.0
0.827818,1.0
0.853623,0.0
0.848202,1.0
0.89573,1.0
0.416728,1.0
0.424415,0.0
0.808086,1.0
0.85109,1.0
0.829754,0.0
0.426001,1.0
0.911748,1.0
0.856337,1.0
0.84692,1.0
0.906093,0.0
0.897243,1.0
0.845524,1.0
0.866153,1.0
0.406406,0.0
0.892359,1.0
0.89402,1.0
0.876232,0.0
0.857147,1.0
0.872224,1.0
0.882862,1.0
0.792531,1.0
0.856408,1.0
0.415412,1.0
0.840025,1.0
0.411212,1.0
0.887121,1.0
0.424826,0.0
0.425033,0.0
0.894134,1.0
0.408297,0.0
0.422095,1.0
0.862801,1.0
0.415767,1.0
0.885604,1.0
0.74539,1.0
0.433105,1.0
0.896512,1.0
0.844951,1.0
0.810073,1.0
0.895134,1.0
0.716698,1.0
0.846826,1.0
0.845287,1.0
0.854854,1.0
0.415988,0.0
0.415755,0.0
0.856189,1.0
0.900086,1.0
0.817706,1.0
0.888935,0.0
0.856998,1.0
0.793337,1.0
0.418983,1.0
0.856211,1.0
0.425101,1.0
0.853842,1.0
0.422195,0.0
0.84023,1.0
0.43383,0.0
0.872973,1.0
0.902279,1.0
0.415512,0.0
0.88294,1.0
0.897614,1.0
0.414117,1.0
0.858909,1.0
0.880337,1.0
0.837676,1.0
0.416076,0.0
0.763101,1.0
0.428932,0.0
0.439716,1.0
0.407335,0.0
0.784712,1.0
0.840743,1.0
0.414281,0.0
0.43261,0.0
0.622487,1.0
0.622366,1.0
0.601859,1.0
0.623855,0.0
0.619984,1.0
0.622114,1.0
0.600818,1.0
0.602556,1.0
0.585414,0.0
0.602365,1.0
0.617214,1.0
0.622256,1.0
0.599842,1.0
0.601562,1.0
0.620903,1.0
0.622158,1.0
0.580979,1.0
0.602745,0.0
0.598123,1.0
0.618702,1.0
0.624472,1.0
0.622991,1.0
0.569167,1.0
0.58041,1.0
0.600757,1.0
0.615223,1.0
0.622403,0.0
0.621207,1.0
0.581947,1.0
0.570098,0.0
0.623476,1.0
0.621865,0.0
0.572249,0.0
0.569427,0.0
0.621855,0.0
0.622833,0.0
0.601821,0.0
0.568595,0.0
0.56888,1.0
0.568946,0.0
0.562054,1.0
0.563668,0.0
0.565345,1.0
0.616214,1.0
0.62303,1.0
0.580707,0.0
0.620009,1.0
0.587477,1.0
0.56625,1.0
0.601535,1.0
0.601562,1.0
0.5689,1.0
0.599008,0.0
0.585285,1.0
0.622966,1.0
0.586323,0.0
0.567417,1.0
0.604641,0.0
0.584023,0.0
0.567629,0.0
0.62057,1.0
0.619688,1.0
0.569069,1.0
0.520129,0.0
0.620598,1.0
0.621856,0.0
0.624151,0.0
0.602358,0.0
0.602391,0.0
0.622441,1.0
0.568331,1.0
0.616846,1.0
0.571297,1.0
0.623023,1.0
0.615821,1.0
0.579904,1.0
0.623021,1.0
0.5853,0.0
0.623667,0.0
0.596686,1.0
0.621835,1.0
0.599752,0.0
0.563573,1.0
0.568544,1.0
0.602445,1.0
0.565346,1.0
0.569494,1.0
0.580991,0.0
0.562407,1.0
0.624707,1.0
0.620525,1.0
0.602387,0.0
0.610672,0.0
0.597908,1.0
0.58195,1.0
0.599314,1.0
0.615373,1.0
0.620721,1.0
0.597812,0.0
0.597484,1.0
0.865541,1.0
0.84092,1.0
0.330696,0.0
0.867512,1.0
0.853239,0.0
0.851866,1.0
0.341407,0.0
0.329055,1.0
0.419905,0.0
0.330137,0.0
0.820119,1.0
0.857539,1.0
0.338557,0.0
0.328841,1.0
0.816234,1.0
0.848092,1.0
0.456937,0.0
0.32785,0.0
0.346854,0.0
0.833208,1.0
0.850152,0.0
0.850663,1.0
0.888494,1.0
0.459778,0.0
0.335903,0.0
0.815631,1.0
0.852988,1.0
0.830157,1.0
0.450744,1.0
0.907188,1.0
0.857223,1.0
0.847748,1.0
0.899889,0.0
0.889124,0.0
0.846708,1.0
0.862757,1.0
0.330127,1.0
0.885158,0.0
0.887101,1.0
0.865828,0.0
0.855411,1.0
0.875979,1.0
0.883857,1.0
0.801259,1.0
0.85718,1.0
0.454192,1.0
0.843443,1.0
0.416501,1.0
0.888993,1.0
0.329291,0.0
0.328841,0.0
0.887193,1.0
0.344448,0.0
0.42806,1.0
0.862237,1.0
0.419736,1.0
0.879933,1.0
0.753832,0.0
0.424929,0.0
0.894309,1.0
0.847801,1.0
0.809523,1.0
0.888009,1.0
0.748551,1.0
0.848967,0.0
0.846455,1.0
0.854439,1.0
0.326698,0.0
0.326619,0.0
0.856789,1.0
0.899056,1.0
0.824252,1.0
0.879271,1.0
0.857698,1.0
0.801991,1.0
0.462316,0.0
0.849019,1.0
0.420491,1.0
0.854891,1.0
0.353303,0.0
0.844018,1.0
0.332152,0.0
0.875318,1.0
0.899416,1.0
0.329832,0.0
0.883946,1.0
0.889983,1.0
0.4528,1.0
0.857004,1.0
0.87647,1.0
0.841885,1.0
0.326362,0.0
0.77072,1.0
0.350104,0.0
0.444864,1.0
0.346765,0.0
0.796885,1.0
0.835993,1.0
0.348252,0.0
0.350174,0.0
0.622782,1.0
0.623696,1.0
0.613321,0.0
0.623889,0.0
0.623757,1.0
0.622991,1.0
0.611511,1.0
0.600361,1.0
0.600977,0.0
0.614067,1.0
0.619352,1.0
0.622918,1.0
0.61325,1.0
0.600642,1.0
0.619098,1.0
0.623239,0.0
0.592052,1.0
0.613786,1.0
0.610958,1.0
0.620363,1.0
0.624694,1.0
0.623986,1.0
0.567238,1.0
0.591434,1.0
0.613468,1.0
0.617498,1.0
0.623223,0.0
0.618936,0.0
0.577864,1.0
0.569998,0.0
0.624175,1.0
0.622746,0.0
0.571948,0.0
0.570528,1.0
0.622847,0.0
0.622906,0.0
0.599621,0.0
0.569989,1.0
0.567039,1.0
0.567166,0.0
0.562051,1.0
0.565566,1.0
0.566578,0.0
0.618928,1.0
0.6237,1.0
0.574773,0.0
0.621159,1.0
0.585002,1.0
0.567322,1.0
0.614378,1.0
0.614441,1.0
0.567053,0.0
0.611358,0.0
0.582946,1.0
0.623429,1.0
0.584341,1.0
0.565992,0.0
0.612102,0.0
0.600275,0.0
0.568258,1.0
0.621627,1.0
0.620432,1.0
0.56717,1.0
0.53326,0.0
0.624428,1.0
0.622828,1.0
0.624837,1.0
0.614767,0.0
0.614772,0.0
0.623093,1.0
0.568726,1.0
0.618769,1.0
0.565854,1.0
0.623692,1.0
0.618637,1.0
0.590872,1.0
0.622271,1.0
0.584438,0.0
0.624223,0.0
0.610039,1.0
0.623099,1.0
0.61445,1.0
0.56529,1.0
0.568772,1.0
0.614097,1.0
0.566582,1.0
0.56746,1.0
0.575109,0.0
0.562324,1.0
0.624481,1.0
0.621904,1.0
0.614812,1.0
0.614082,1.0
0.61138,0.0
0.579878,1.0
0.610808,1.0
0.618272,1.0
0.62053,0.0
0.610876,0.0
0.611448,1.0
0.493873,0.0
0.498434,0.0
0.531464,0.0
0.49539,1.0
0.496707,0.0
0.496309,0.0
0.533052,0.0
0.535501,1.0
0.535121,1.0
0.53238,0.0
0.500147,1.0
0.495148,0.0
0.532603,0.0
0.535436,1.0
0.500676,0.0
0.498319,1.0
0.539794,0.0
0.53231,1.0
0.533206,1.0
0.498282,0.0
0.498131,1.0
0.496522,0.0
0.503948,0.0
0.540029,1.0
0.532546,0.0
0.500205,1.0
0.497406,1.0
0.500421,0.0
0.54176,0.0
0.503821,0.0
0.495491,1.0
0.498374,1.0
0.505435,1.0
0.504572,1.0
0.498233,1.0
0.496873,0.0
0.534472,1.0
0.505064,1.0
0.504138,1.0
0.509522,1.0
0.508188,1.0
0.505668,0.0
0.506617,0.0
0.503559,1.0
0.49552,1.0
0.540511,1.0
0.497358,1.0
0.539865,1.0
0.503975,1.0
0.532285,0.0
0.532266,1.0
0.506113,1.0
0.531886,0.0
0.540505,1.0
0.494466,0.0
0.539739,0.0
0.507057,0.0
0.509791,1.0
0.535322,1.0
0.503424,0.0
0.496464,0.0
0.502079,1.0
0.504018,1.0
0.519196,1.0
0.498308,1.0
0.496907,0.0
0.496024,0.0
0.531007,0.0
0.531005,0.0
0.495472,0.0
0.502717,1.0
0.499451,1.0
0.505227,1.0
0.495319,1.0
0.502836,1.0
0.540242,1.0
0.496408,1.0
0.538822,0.0
0.498428,0.0
0.533475,1.0
0.497395,1.0
0.532155,0.0
0.505732,1.0
0.502672,1.0
0.532371,0.0
0.504605,1.0
0.503822,0.0
0.540452,1.0
0.507959,1.0
0.493021,1.0
0.49716,0.0
0.532072,0.0
0.506739,1.0
0.532042,0.0
0.54148,1.0
0.533257,0.0
0.504406,1.0
0.499514,1.0
0.532018,0.0
0.533105,1.0
0.53958,0.0
0.539502,0.0
0.532855,1.0
0.543058,1.0
0.537916,1.0
0.53938,1.0
0.533471,0.0
0.537159,1.0
0.534494,1.0
0.533002,0.0
0.540215,1.0
0.539458,0.0
0.533058,0.0
0.537077,1.0
0.536275,0.0
0.542615,0.0
0.537554,0.0
0.533158,1.0
0.533639,0.0
0.537508,0.0
0.541473,1.0
0.539822,1.0
0.53675,0.0
0.537938,1.0
0.533053,1.0
0.539048,0.0
0.54256,1.0
0.536554,0.0
0.542437,0.0
0.537978,0.0
0.543381,1.0
0.54225,1.0
0.541321,1.0
0.54072,1.0
0.542297,1.0
0.539496,0.0
0.536762,1.0
0.5405,1.0
0.540927,1.0
0.539327,1.0
0.539084,0.0
0.535868,0.0
0.536493,0.0
0.539871,1.0
0.543095,1.0
0.542324,1.0
0.541471,0.0
0.540745,0.0
0.54105,1.0
0.532928,0.0
0.533026,1.0
0.540986,1.0
0.533057,0.0
0.541307,0.0
0.53982,1.0
0.540302,0.0
0.536193,0.0
0.532404,0.0
0.534547,1.0
0.537126,1.0
0.538564,1.0
0.540816,1.0
0.540974,1.0
0.527801,1.0
0.541362,0.0
0.539086,1.0
0.540298,1.0
0.532523,0.0
0.532524,0.0
0.539543,1.0
0.541558,1.0
0.539886,1.0
0.540442,1.0
0.543089,1.0
0.539667,1.0
0.538117,1.0
0.542198,0.0
0.539635,0.0
0.539963,0.0
0.533776,0.0
0.542652,1.0
0.532794,1.0
0.540308,1.0
0.541574,1.0
0.533,0.0
0.54078,0.0
0.536853,0.0
0.542262,1.0
0.539183,1.0
0.543693,1.0
0.538505,1.0
0.532817,0.0
0.536665,1.0
0.533019,0.0
0.54219,1.0
0.533567,0.0
0.539475,0.0
0.540902,1.0
0.533112,0.0
0.533434,1.0
0.884381,1.0
0.873108,1.0
0.371555,0.0
0.878979,1.0
0.870193,1.0
0.873774,1.0
0.370209,1.0
0.410094,1.0
0.378161,0.0
0.367584,0.0
0.855796,1.0
0.881001,1.0
0.367282,1.0
0.409228,1.0
0.858846,1.0
0.874824,1.0
0.38798,1.0
0.378525,1.0
0.374674,1.0
0.868992,1.0
0.866583,0.0
0.873761,1.0
0.908787,1.0
0.400874,1.0
0.373121,0.0
0.857711,1.0
0.872566,1.0
0.864638,0.0
0.463395,1.0
0.916023,1.0
0.875738,1.0
0.869664,1.0
0.905031,1.0
0.900919,1.0
0.869548,1.0
0.881033,1.0
0.407067,1.0
0.898913,1.0
0.902959,1.0
0.886721,1.0
0.889358,1.0
0.902596,1.0
0.905952,1.0
0.843862,1.0
0.875424,1.0
0.499459,1.0
0.872612,1.0
0.436541,1.0
0.90397,1.0
0.36713,1.0
0.377163,0.0
0.902244,1.0
0.366494,1.0
0.44258,1.0
0.878838,1.0
0.427911,0.0
0.903919,1.0
0.804919,0.0
0.377902,1.0
0.907902,1.0
0.871704,0.0
0.849519,1.0
0.903397,1.0
0.799525,1.0
0.870771,1.0
0.871391,1.0
0.87575,1.0
0.363953,0.0
0.363961,1.0
0.876118,1.0
0.908564,1.0
0.857842,1.0
0.898549,1.0
0.875793,1.0
0.844828,1.0
0.402067,0.0
0.875591,1.0
0.419697,1.0
0.878057,1.0
0.375151,0.0
0.869231,1.0
0.371807,1.0
0.897127,1.0
0.90871,1.0
0.367591,0.0
0.904938,1.0
0.909452,1.0
0.496502,0.0
0.886757,1.0
0.883394,1.0
0.869258,1.0
0.366765,1.0
0.822176,1.0
0.365344,1.0
0.457456,0.0
0.370448,0.0
0.845362,1.0
0.86317,1.0
0.366573,0.0
0.378396,1.0
0.512932,0.0
0.512932,0.0
0.512932,1.0
0.512932,0.0
0.512932,1.0
0.512932,0.0
0.512932,0.0
0.512932,1.0
0.512932,1.0
0.512932,0.0
0.512932,0.0
0.512932,0.0
0.512932,0.0
0.512932,1.0
0.512932,1.0
0.512932,1.0
0.512932,1.0
0.512932,0.0
0.512932,0.0
0.512932,0.0
0.512932,1.0
0.512932,0.0
0.512932,1.0
0.512932,1.0
0.512932,1.0
0.512932,1.0
0.512932,0.0
0.512932,0.0
0.512932,1.0
0.512932,1.0
0.512932,1.0
0.512932,0.0
0.512932,0.0
0.512932,0.0
0.512932,0.0
0.512932,0.0
0.512932,1.0
0.512932,1.0
0.512932,0.0
0.512932,1.0
0.512932,0.0
0.512932,1.0
0.512932,0.0
0.512932,0.0
0.512932,1.0
0.512932,0.0
0.512932,0.0
0.512932,1.0
0.512932,0.0
0.512932,0.0
0.512932,1.0
0.512932,0.0
0.512932,0.0
0.512932,0.0
0.512932,0.0
0.512932,1.0
0.512932,0.0
0.512932,0.0
0.512932,1.0
0.512932,1.0
0.512932,0.0
0.512932,1.0
0.512932,0.0
0.512932,0.0
0.512932,1.0
0.512932,1.0
0.512932,0.0
0.512932,1.0
0.512932,1.0
0.512932,1.0
0.512932,0.0
0.512932,1.0
0.512932,1.0
0.512932,0.0
0.512932,0.0
0.512932,1.0
0.512932,0.0
0.512932,0.0
0.512932,0.0
0.512932,1.0
0.512932,1.0
0.512932,1.0
0.512932,1.0
0.512932,1.0
0.512932,1.0
0.512932,0.0
0.512932,1.0
0.512932,0.0
0.512932,1.0
0.512932,0.0
0.512932,1.0
0.512932,1.0
0.512932,0.0
0.512932,0.0
0.512932,1.0
0.512932,1.0
0.512932,1.0
0.512932,0.0
0.512932,1.0
0.512932,0.0
0.493895,0.0
0.493895,0.0
0.518569,1.0
0.493895,0.0
0.518569,1.0
0.493895,0.0
0.493895,1.0
0.518569,0.0
0.518569,1.0
0.493895,0.0
0.493895,0.0
0.493895,1.0
0.493895,1.0
0.518569,1.0
0.518569,1.0
0.518569,1.0
0.518569,0.0
0.493895,1.0
0.493895,1.0
0.493895,0.0
0.518569,1.0
0.493895,0.0
0.518569,1.0
0.518569,1.0
0.518569,1.0
0.518569,1.0
0.493895,0.0
0.493895,0.0
0.518569,1.0
0.518569,1.0
0.518569,0.0
0.493895,1.0
0.493895,0.0
0.493895,0.0
0.493895,1.0
0.493895,0.0
0.518569,1.0
0.518569,1.0
0.493895,0.0
0.518569,1.0
0.493895,0.0
0.518569,1.0
0.493895,0.0
0.493895,0.0
0.518569,1.0
0.493895,1.0
0.493895,0.0
0.518569,1.0
0.493895,1.0
0.493895,0.0
0.518569,1.0
0.493895,0.0
0.493895,1.0
0.493895,0.0
0.493895,0.0
0.518569,0.0
0.493895,1.0
0.493895,1.0
0.518569,0.0
0.518569,0.0
0.493895,0.0
0.518569,0.0
0.493895,1.0
0.493895,0.0
0.518569,1.0
0.518569,1.0
0.493895,0.0
0.518569,0.0
0.518569,1.0
0.518569,1.0
0.493895,1.0
0.518569,1.0
0.518569,0.0
0.493895,1.0
0.493895,1.0
0.518569,1.0
0.493895,1.0
0.493895,0.0
0.493895,0.0
0.518569,1.0
0.518569,1.0
0.518569,1.0
0.518569,0.0
0.518569,0.0
0.518569,0.0
0.493895,0.0
0.518569,1.0
0.493895,0.0
0.518569,1.0
0.493895,0.0
0.518569,1.0
0.518569,1.0
0.493895,1.0
0.493895,0.0
0.518569,0.0
0.518569,0.0
0.518569,1.0
0.493895,0.0
0.518569,1.0
0.493895,0.0
0.532489,1.0
0.532489,0.0
0.499922,1.0
0.532489,0.0
0.499922,0.0
0.532489,1.0
0.511904,1.0
0.521149,0.0
0.499922,1.0
0.532489,1.0
0.532489,0.0
0.511904,1.0
0.511904,0.0
0.499922,0.0
0.499922,1.0
0.499922,1.0
0.521149,0.0
0.511904,1.0
0.511904,0.0
0.532489,1.0
0.499922,1.0
0.532489,0.0
0.499922,0.0
0.499922,1.0
0.499922,1.0
0.499922,1.0
0.532489,1.0
0.532489,1.0
0.499922,0.0
0.499922,1.0
0.521149,1.0
0.511904,0.0
0.532489,0.0
0.532489,1.0
0.511904,1.0
0.532489,1.0
0.499922,0.0
0.499922,1.0
0.532489,0.0
0.499922,1.0
0.532489,1.0
0.499922,0.0
0.532489,0.0
0.532489,1.0
0.499922,1.0
0.511904,0.0
0.532489,0.0
0.499922,0.0
0.511904,0.0
0.532489,1.0
0.499922,1.0
0.532489,0.0
0.511904,1.0
0.532489,1.0
0.532489,1.0
0.521149,1.0
0.511904,1.0
0.511904,1.0
0.521149,0.0
0.521149,1.0
0.532489,1.0
0.521149,1.0
0.511904,1.0
0.532489,1.0
0.499922,0.0
0.499922,1.0
0.532489,0.0
0.521149,1.0
0.499922,0.0
0.499922,1.0
0.511904,1.0
0.499922,0.0
0.521149,0.0
0.511904,1.0
0.511904,0.0
0.499922,1.0
0.511904,1.0
0.532489,1.0
0.532489,1.0
0.499922,0.0
0.499922,1.0
0.499922,1.0
0.521149,1.0
0.521149,1.0
0.521149,1.0
0.532489,1.0
0.499922,1.0
0.532489,1.0
0.499922,1.0
0.532489,0.0
0.499922,1.0
0.499922,1.0
0.511904,0.0
0.532489,1.0
0.521149,0.0
0.521149,0.0
0.499922,1.0
0.532489,0.0
0.499922,1.0
0.532489,1.0
0.558531,1.0
0.576364,1.0
0.564084,0.0
0.576364,0.0
0.581833,1.0
0.558531,1.0
0.562203,0.0
0.578189,1.0
0.564084,0.0
0.558531,1.0
0.576364,1.0
0.562203,1.0
0.580036,1.0
0.581833,0.0
0.564084,1.0
0.564084,1.0
0.578189,0.0
0.562203,0.0
0.580036,1.0
0.558531,0.0
0.564084,0.0
0.576364,1.0
0.581833,1.0
0.564084,1.0
0.564084,0.0
0.564084,1.0
0.558531,0.0
0.558531,0.0
0.581833,1.0
0.564084,1.0
0.560397,0.0
0.580036,0.0
0.576364,0.0
0.558531,0.0
0.562203,1.0
0.558531,1.0
0.581833,1.0
0.564084,1.0
0.576364,1.0
0.564084,1.0
0.558531,0.0
0.581833,1.0
0.576364,0.0
0.558531,1.0
0.564084,0.0
0.580036,1.0
0.576364,1.0
0.581833,1.0
0.580036,0.0
0.558531,1.0
0.564084,0.0
0.576364,1.0
0.562203,1.0
0.558531,0.0
0.558531,1.0
0.560397,1.0
0.562203,1.0
0.562203,1.0
0.578189,1.0
0.560397,0.0
0.558531,1.0
0.560397,0.0
0.562203,1.0
0.558531,0.0
0.581833,1.0
0.564084,0.0
0.576364,1.0
0.560397,1.0
0.581833,0.0
0.564084,0.0
0.562203,1.0
0.581833,1.0
0.578189,1.0
0.562203,1.0
0.580036,1.0
0.564084,0.0
0.562203,0.0
0.558531,1.0
0.558531,1.0
0.581833,1.0
0.564084,0.0
0.564084,1.0
0.560397,1.0
0.560397,0.0
0.560397,1.0
0.558531,1.0
0.564084,0.0
0.558531,0.0
0.564084,1.0
0.576364,1.0
0.564084,1.0
0.564084,0.0
0.580036,1.0
0.558531,1.0
0.578189,0.0
0.578189,1.0
0.564084,1.0
0.576364,0.0
0.564084,1.0
0.558531,1.0
0.54565,0.0
0.544227,1.0
0.54289,1.0
0.543231,0.0
0.542573,1.0
0.54565,1.0
0.543864,1.0
0.543769,1.0
0.54289,1.0
0.54565,1.0
0.544227,1.0
0.544438,0.0
0.543012,1.0
0.541606,1.0
0.543453,1.0
0.543453,1.0
0.542794,1.0
0.543864,1.0
0.543012,0.0
0.545091,0.0
0.54289,0.0
0.544227,0.0
0.542573,0.0
0.543453,1.0
0.54289,1.0
0.543453,1.0
0.545091,1.0
0.545091,0.0
0.542573,1.0
0.543453,0.0
0.544127,1.0
0.542024,0.0
0.543231,0.0
0.545091,1.0
0.544438,0.0
0.54565,1.0
0.542573,1.0
0.543453,1.0
0.544227,1.0
0.543453,1.0
0.545091,1.0
0.542573,0.0
0.543231,0.0
0.54565,1.0
0.54289,0.0
0.543012,0.0
0.544227,1.0
0.542573,1.0
0.542024,0.0
0.54565,1.0
0.54289,1.0
0.544227,1.0
0.544438,0.0
0.545091,1.0
0.54565,0.0
0.544676,1.0
0.544438,1.0
0.544438,1.0
0.543769,0.0
0.544127,1.0
0.54565,1.0
0.544127,1.0
0.544438,1.0
0.545091,0.0
0.542573,1.0
0.54289,0.0
0.544227,0.0
0.544676,1.0
0.541606,1.0
0.54289,1.0
0.544438,1.0
0.542573,1.0
0.543769,1.0
0.544438,1.0
0.543012,0.0
0.54289,0.0
0.543864,1.0
0.54565,1.0
0.54565,0.0
0.542573,0.0
0.54289,1.0
0.543453,1.0
0.544676,1.0
0.544127,1.0
0.544676,1.0
0.54565,0.0
0.54289,1.0
0.545091,1.0
0.543453,1.0
0.544227,1.0
0.543453,1.0
0.54289,1.0
0.543012,1.0
0.54565,0.0
0.542794,1.0
0.543769,1.0
0.543453,1.0
0.543231,1.0
0.543453,1.0
0.54565,0.0
0.557866,1.0
0.592213,1.0
0.559573,0.0
0.592976,1.0
0.589872,1.0
0.560573,1.0
0.560345,0.0
0.590604,1.0
0.559573,0.0
0.560573,1.0
0.592213,1.0
0.559142,1.0
0.591435,1.0
0.59074,0.0
0.561355,1.0
0.561355,0.0
0.591543,0.0
0.560345,1.0
0.591082,1.0
0.556417,1.0
0.556741,0.0
0.591923,1.0
0.589411,1.0
0.561355,0.0
0.559573,1.0
0.561355,1.0
0.559029,0.0
0.556417,1.0
0.589872,1.0
0.558431,1.0
0.558238,0.0
0.592076,0.0
0.592976,1.0
0.559029,1.0
0.559142,1.0
0.560573,1.0
0.589872,1.0
0.561355,1.0
0.592213,1.0
0.561355,1.0
0.559029,1.0
0.589411,1.0
0.592976,0.0
0.560573,1.0
0.556741,0.0
0.591082,1.0
0.592213,1.0
0.589872,1.0
0.592076,0.0
0.560573,1.0
0.559573,1.0
0.592213,1.0
0.559142,1.0
0.559029,0.0
0.557866,1.0
0.560037,1.0
0.561874,1.0
0.561874,1.0
0.590209,1.0
0.558238,0.0
0.560573,1.0
0.558238,0.0
0.561874,1.0
0.556417,1.0
0.589872,1.0
0.556741,1.0
0.591923,1.0
0.560037,0.0
0.59074,1.0
0.559573,1.0
0.561874,0.0
0.589872,1.0
0.590604,0.0
0.561874,1.0
0.591082,1.0
0.556741,0.0
0.560345,1.0
0.560573,1.0
0.557866,1.0
0.589411,1.0
0.559573,1.0
0.561355,1.0
0.560037,1.0
0.558238,0.0
0.560037,1.0
0.557866,1.0
0.559573,0.0
0.559029,1.0
0.561355,1.0
0.592213,1.0
0.561355,1.0
0.559573,0.0
0.591435,1.0
0.557866,0.0
0.591543,1.0
0.590604,1.0
0.561355,1.0
0.593204,1.0
0.561355,1.0
0.557866,1.0
0.576448,1.0
0.579975,1.0
0.562798,1.0
0.579634,1.0
0.579748,0.0
0.579548,1.0
0.565871,0.0
0.579918,1.0
0.562798,0.0
0.579548,1.0
0.579975,1.0
0.57545,0.0
0.579776,0.0
0.577438,1.0
0.576764,1.0
0.568886,0.0
0.577803,0.0
0.572886,1.0
0.579481,1.0
0.571381,1.0
0.560491,0.0
0.579737,1.0
0.579382,1.0
0.568886,0.0
0.570444,1.0
0.576764,1.0
0.56695,1.0
0.571381,0.0
0.579748,0.0
0.573481,0.0
0.563895,1.0
0.577617,0.0
0.579634,0.0
0.573831,0.0
0.57545,1.0
0.579548,1.0
0.579748,1.0
0.576764,1.0
0.579975,0.0
0.576764,1.0
0.573831,0.0
0.579382,0.0
0.578026,0.0
0.579548,0.0
0.560491,1.0
0.579481,1.0
0.579975,1.0
0.579748,0.0
0.577617,1.0
0.579548,0.0
0.570444,1.0
0.579975,1.0
0.57545,0.0
0.56695,0.0
0.576448,0.0
0.577822,0.0
0.578497,1.0
0.578497,0.0
0.579619,0.0
0.563895,1.0
0.579548,1.0
0.563895,1.0
0.578497,0.0
0.571381,1.0
0.579748,1.0
0.567784,1.0
0.579737,1.0
0.570069,1.0
0.579497,1.0
0.570444,1.0
0.571217,1.0
0.579748,0.0
0.577871,1.0
0.578497,0.0
0.579481,1.0
0.560491,1.0
0.572886,1.0
0.579548,0.0
0.576448,1.0
0.579382,1.0
0.570444,0.0
0.576764,0.0
0.577822,1.0
0.563895,1.0
0.577822,0.0
0.576448,0.0
0.562798,1.0
0.573831,1.0
0.576764,0.0
0.579975,1.0
0.576764,1.0
0.562798,1.0
0.579776,1.0
0.569614,1.0
0.579714,0.0
0.579918,1.0
0.576764,0.0
0.57982,1.0
0.576764,0.0
0.576448,1.0
0.602951,1.0
0.595118,1.0
0.589325,1.0
0.594244,1.0
0.559451,1.0
0.606585,1.0
0.527268,1.0
0.595615,1.0
0.519723,1.0
0.606585,1.0
0.595118,1.0
0.537821,0.0
0.56025,0.0
0.594665,1.0
0.605081,0.0
0.525726,1.0
0.561071,1.0
0.599873,1.0
0.594957,1.0
0.598002,1.0
0.519562,0.0
0.594632,1.0
0.59543,1.0
0.525726,1.0
0.597795,1.0
0.605081,1.0
0.593674,1.0
0.53565,1.0
0.559451,0.0
0.532637,1.0
0.590527,1.0
0.561698,1.0
0.562045,0.0
0.536423,1.0
0.602313,1.0
0.606585,0.0
0.596012,1.0
0.605081,0.0
0.561044,0.0
0.605081,1.0
0.536423,0.0
0.560131,1.0
0.56248,1.0
0.541974,0.0
0.587066,1.0
0.594957,1.0
0.595118,1.0
0.559451,0.0
0.593851,1.0
0.541974,0.0
0.597795,1.0
0.595118,1.0
0.537821,0.0
0.529633,0.0
0.539783,0.0
0.53747,0.0
0.605897,1.0
0.539936,1.0
0.560939,1.0
0.590527,1.0
0.606585,1.0
0.590527,1.0
0.539936,1.0
0.598002,1.0
0.596012,1.0
0.594747,1.0
0.594632,1.0
0.597227,1.0
0.595539,1.0
0.597795,1.0
0.597994,1.0
0.559451,0.0
0.594763,1.0
0.539936,1.0
0.594957,1.0
0.587066,1.0
0.599873,1.0
0.541974,0.0
0.602951,1.0
0.59543,1.0
0.52822,0.0
0.535311,0.0
0.605941,1.0
0.590527,0.0
0.53747,0.0
0.539783,0.0
0.589325,1.0
0.600596,1.0
0.535311,0.0
0.595118,0.0
0.605081,1.0
0.589325,1.0
0.595483,1.0
0.596042,1.0
0.560716,0.0
0.595615,0.0
0.535311,0.0
0.5947,0.0
0.535311,0.0
0.602951,0.0
0.484064,0.0
0.579926,0.0
0.509242,1.0
0.584929,1.0
0.588545,1.0
0.491219,0.0
0.498888,1.0
0.576442,0.0
0.515886,1.0
0.491219,0.0
0.579926,0.0
0.499274,0.0
0.602854,1.0
0.579309,0.0
0.52009,1.0
0.521599,1.0
0.597411,0.0
0.495178,0.0
0.57992,0.0
0.483918,0.0
0.507603,1.0
0.582929,0.0
0.576532,1.0
0.521599,0.0
0.512742,1.0
0.518202,1.0
0.48614,1.0
0.491541,1.0
0.599264,0.0
0.513517,1.0
0.500698,1.0
0.600177,1.0
0.610618,0.0
0.494717,0.0
0.49065,1.0
0.493164,0.0
0.57293,1.0
0.52009,1.0
0.605951,0.0
0.518202,1.0
0.497327,1.0
0.591886,1.0
0.602695,0.0
0.499229,0.0
0.498917,1.0
0.57992,0.0
0.579926,1.0
0.599264,1.0
0.585574,1.0
0.499229,0.0
0.512742,1.0
0.579926,0.0
0.499274,0.0
0.495734,0.0
0.493135,0.0
0.517907,0.0
0.499268,1.0
0.504991,0.0
0.594886,0.0
0.500698,1.0
0.491219,0.0
0.500698,0.0
0.504991,1.0
0.483918,0.0
0.57293,0.0
0.502291,1.0
0.582929,0.0
0.505941,0.0
0.575514,1.0
0.512742,1.0
0.49585,1.0
0.599264,1.0
0.580237,0.0
0.504991,0.0
0.57992,1.0
0.498917,1.0
0.495178,1.0
0.499229,0.0
0.484064,0.0
0.576532,1.0
0.521731,1.0
0.52723,1.0
0.509584,1.0
0.503098,0.0
0.517907,1.0
0.493135,0.0
0.509242,0.0
0.488334,0.0
0.52723,1.0
0.592404,0.0
0.518202,1.0
0.509242,0.0
0.576683,0.0
0.482225,0.0
0.604921,0.0
0.58885,1.0
0.52723,1.0
0.594629,0.0
0.52723,1.0
0.486426,0.0
0.628024,1.0
0.416251,1.0
0.685637,0.0
0.385582,0.0
0.394917,0.0
0.650181,1.0
0.686974,1.0
0.418927,0.0
0.721977,1.0
0.650181,1.0
0.416251,0.0
0.703109,0.0
0.38256,1.0
0.416402,0.0
0.714585,1.0
0.722414,1.0
0.41216,0.0
0.654352,1.0
0.416375,1.0
0.612393,0.0
0.735888,1.0
0.41383,0.0
0.391787,0.0
0.71886,0.0
0.684337,1.0
0.686909,1.0
0.627626,1.0
0.642019,1.0
0.411597,0.0
0.712181,1.0
0.675387,0.0
0.383414,1.0
0.400619,0.0
0.674156,0.0
0.640007,1.0
0.667357,0.0
0.394841,0.0
0.714585,1.0
0.404853,1.0
0.686909,1.0
0.696024,1.0
0.391459,0.0
0.407293,0.0
0.708569,1.0
0.670771,1.0
0.416375,0.0
0.38915,1.0
0.385976,0.0
0.384552,1.0
0.708569,1.0
0.684337,1.0
0.416251,0.0
0.703109,1.0
0.68997,1.0
0.683363,1.0
0.740394,0.0
0.660099,1.0
0.695043,0.0
0.414888,1.0
0.675387,1.0
0.650181,1.0
0.676683,0.0
0.696031,1.0
0.612393,1.0
0.422098,0.0
0.671552,1.0
0.41383,0.0
0.681072,1.0
0.39301,0.0
0.684337,1.0
0.658423,1.0
0.385976,0.0
0.415156,0.0
0.695043,1.0
0.389276,0.0
0.670771,1.0
0.650515,1.0
0.708569,1.0
0.628024,1.0
0.391787,0.0
0.749626,1.0
0.750893,1.0
0.67959,0.0
0.702311,1.0
0.744323,1.0
0.683363,1.0
0.685757,1.0
0.639069,0.0
0.750893,1.0
0.405955,0.0
0.686909,1.0
0.685757,0.0
0.419081,0.0
0.621919,0.0
0.405979,0.0
0.382595,0.0
0.750893,1.0
0.404444,0.0
0.750893,1.0
0.641892,1.0
0.648694,1.0
0.422774,1.0
0.653955,0.0
0.324496,0.0
0.334031,1.0
0.668629,1.0
0.717418,1.0
0.340825,1.0
0.721353,1.0
0.668629,1.0
0.339652,0.0
0.705608,0.0
0.411604,1.0
0.33963,0.0
0.700974,1.0
0.716766,1.0
0.341934,0.0
0.674768,1.0
0.42289,0.0
0.563633,0.0
0.738169,1.0
0.338561,0.0
0.327092,1.0
0.700422,0.0
0.684411,1.0
0.681621,1.0
0.655645,1.0
0.692288,0.0
0.3478,1.0
0.713887,1.0
0.645992,1.0
0.405119,1.0
0.340893,0.0
0.664487,0.0
0.662174,1.0
0.646827,1.0
0.328494,0.0
0.700974,1.0
0.425562,0.0
0.681621,1.0
0.736066,1.0
0.331966,0.0
0.339287,0.0
0.739064,1.0
0.685988,1.0
0.339749,0.0
0.404282,0.0
0.335362,0.0
0.401497,0.0
0.739064,0.0
0.684411,1.0
0.339652,0.0
0.740539,1.0
0.740904,0.0
0.73445,1.0
0.715707,1.0
0.673102,1.0
0.679372,1.0
0.426679,0.0
0.685448,1.0
0.668629,1.0
0.649034,1.0
0.709707,1.0
0.63335,1.0
0.342383,0.0
0.682519,1.0
0.338561,1.0
0.690051,1.0
0.32776,0.0
0.684411,1.0
0.675231,1.0
0.335362,0.0
0.338909,0.0
0.715366,1.0
0.326041,0.0
0.685988,0.0
0.670662,0.0
0.739064,1.0
0.648694,1.0
0.327092,0.0
0.728243,1.0
0.723948,1.0
0.644837,0.0
0.719556,0.0
0.726409,1.0
0.73445,1.0
0.695296,0.0
0.603118,1.0
0.723948,1.0
0.34013,1.0
0.681621,1.0
0.658203,1.0
0.341007,0.0
0.577629,0.0
0.344184,0.0
0.328862,0.0
0.723948,1.0
0.33942,1.0
0.723948,0.0
0.681605,1.0
0.67078,1.0
0.44704,0.0
0.67567,0.0
0.278289,0.0
0.351078,0.0
0.685612,1.0
0.739855,1.0
0.34795,0.0
0.755727,1.0
0.685612,1.0
0.280421,1.0
0.732582,1.0
0.448877,0.0
0.280357,0.0
0.740795,1.0
0.755046,1.0
0.284054,0.0
0.691653,1.0
0.362166,0.0
0.501904,1.0
0.763013,0.0
0.280342,1.0
0.344196,0.0
0.721866,0.0
0.708791,1.0
0.707941,0.0
0.684108,0.0
0.691242,0.0
0.360193,0.0
0.746382,0.0
0.699745,0.0
0.438705,0.0
0.287732,1.0
0.683308,0.0
0.686488,0.0
0.703721,1.0
0.278646,0.0
0.740795,1.0
0.371986,0.0
0.707941,1.0
0.751374,0.0
0.283117,0.0
0.28339,0.0
0.748587,1.0
0.707737,1.0
0.280462,0.0
0.35295,0.0
0.2889,0.0
0.3517,0.0
0.732332,0.0
0.708791,0.0
0.280421,0.0
0.749071,1.0
0.732614,0.0
0.748209,0.0
0.760851,0.0
0.694747,1.0
0.725793,0.0
0.367694,0.0
0.707104,1.0
0.685612,1.0
0.695972,0.0
0.735601,0.0
0.658136,1.0
0.280655,0.0
0.704252,0.0
0.347562,0.0
0.701179,0.0
0.278637,0.0
0.708791,0.0
0.697111,1.0
0.2889,1.0
0.28018,0.0
0.728638,1.0
0.278407,0.0
0.677178,0.0
0.656272,1.0
0.748587,0.0
0.67078,1.0
0.278475,0.0
0.772963,0.0
0.775365,1.0
0.664793,1.0
0.713291,0.0
0.769625,1.0
0.748209,1.0
0.68015,1.0
0.645306,1.0
0.775365,1.0
0.353448,0.0
0.707941,1.0
0.702683,0.0
0.28057,0.0
0.53084,0.0
0.288972,0.0
0.283972,0.0
0.775365,0.0
0.353202,0.0
0.764498,0.0
0.713118,1.0
0.570145,1.0
0.593488,1.0
0.590421,0.0
0.622102,0.0
0.608736,1.0
0.57853,1.0
0.540849,0.0
0.609697,0.0
0.539701,0.0
0.57853,1.0
0.610203,1.0
0.534715,1.0
0.592185,1.0
0.622474,0.0
0.553816,1.0
0.542435,0.0
0.621918,0.0
0.577933,0.0
0.612084,1.0
0.575656,0.0
0.539011,0.0
0.610159,1.0
0.609721,1.0
0.561453,1.0
0.583821,0.0
0.59428,1.0
0.578567,0.0
0.557696,0.0
0.607578,1.0
0.552358,1.0
0.588705,0.0
0.594464,0.0
0.608619,1.0
0.568531,1.0
0.584409,0.0
0.564217,1.0
0.622229,1.0
0.553816,1.0
0.610115,1.0
0.587793,0.0
0.537918,0.0
0.62159,0.0
0.621906,1.0
0.533109,0.0
0.574844,0.0
0.622462,1.0
0.612811,1.0
0.620667,1.0
0.612899,0.0
0.538292,1.0
0.590934,1.0
0.622465,0.0
0.532478,0.0
0.535665,0.0
0.538062,1.0
0.541928,1.0
0.583114,1.0
0.570248,0.0
0.611159,1.0
0.578185,0.0
0.57853,1.0
0.587466,0.0
0.557786,0.0
0.563651,0.0
0.622557,1.0
0.587361,1.0
0.60966,1.0
0.589292,0.0
0.622196,0.0
0.590934,1.0
0.579549,0.0
0.608046,0.0
0.62247,1.0
0.551438,1.0
0.622154,0.0
0.583957,0.0
0.577523,1.0
0.53836,0.0
0.570145,1.0
0.622192,1.0
0.542268,0.0
0.538874,1.0
0.586514,1.0
0.554832,0.0
0.537515,0.0
0.532714,1.0
0.580151,0.0
0.569267,1.0
0.538874,1.0
0.608532,0.0
0.587793,1.0
0.589778,0.0
0.622505,1.0
0.584941,1.0
0.621094,0.0
0.621253,1.0
0.543435,1.0
0.608546,1.0
0.54316,0.0
0.552421,1.0
0.530057,0.0
0.538893,0.0
0.528356,0.0
0.529002,0.0
0.533865,0.0
0.526442,1.0
0.51585,1.0
0.532505,1.0
0.515534,0.0
0.526442,1.0
0.532765,1.0
0.517362,0.0
0.53935,0.0
0.528913,0.0
0.514105,0.0
0.514921,1.0
0.529046,1.0
0.525501,0.0
0.532777,0.0
0.547359,1.0
0.518848,0.0
0.532775,0.0
0.533579,0.0
0.516948,1.0
0.521996,1.0
0.522883,0.0
0.53017,0.0
0.521404,1.0
0.534185,1.0
0.514676,1.0
0.527048,1.0
0.537531,0.0
0.533142,0.0
0.525931,1.0
0.529117,0.0
0.523719,1.0
0.530024,0.0
0.514105,1.0
0.533328,1.0
0.522327,1.0
0.518742,1.0
0.529127,0.0
0.530106,0.0
0.518325,0.0
0.521385,1.0
0.529971,0.0
0.532603,1.0
0.530406,0.0
0.531495,0.0
0.517695,0.0
0.522805,1.0
0.528916,0.0
0.518486,0.0
0.519273,1.0
0.517269,0.0
0.516532,0.0
0.524139,1.0
0.519783,1.0
0.533033,0.0
0.521915,1.0
0.526442,0.0
0.528125,0.0
0.51632,0.0
0.532917,0.0
0.529946,1.0
0.523648,0.0
0.533601,0.0
0.524526,0.0
0.528979,0.0
0.522805,0.0
0.524105,0.0
0.532245,1.0
0.529969,1.0
0.515849,1.0
0.528989,0.0
0.526381,0.0
0.527969,1.0
0.518528,1.0
0.530057,0.0
0.530033,0.0
0.517628,0.0
0.515371,1.0
0.527774,1.0
0.517519,0.0
0.517052,0.0
0.517068,0.0
0.524285,1.0
0.537258,1.0
0.515371,0.0
0.532833,0.0
0.52175,0.0
0.52595,0.0
0.52996,1.0
0.549596,0.0
0.52924,0.0
0.53026,1.0
0.515785,1.0
0.53391,1.0
0.516701,1.0
0.519708,1.0
0.676507,1.0
0.375301,1.0
0.671251,0.0
0.330084,0.0
0.352585,0.0
0.675104,0.0
0.736695,1.0
0.351351,0.0
0.735955,1.0
0.675104,1.0
0.375246,0.0
0.742105,1.0
0.383802,1.0
0.328464,0.0
0.724358,1.0
0.730166,0.0
0.334266,1.0
0.683783,1.0
0.337978,0.0
0.366038,1.0
0.744987,0.0
0.36972,0.0
0.351468,0.0
0.722471,0.0
0.679308,1.0
0.673023,1.0
0.675051,1.0
0.720626,0.0
0.359011,0.0
0.730872,1.0
0.669445,1.0
0.370836,0.0
0.372937,0.0
0.693903,1.0
0.672231,1.0
0.696097,1.0
0.332946,0.0
0.720717,1.0
0.346635,1.0
0.674906,0.0
0.744256,1.0
0.330201,1.0
0.332555,0.0
0.746716,1.0
0.689005,0.0
0.331748,1.0
0.34466,0.0
0.334673,0.0
0.335416,1.0
0.748103,0.0
0.672212,1.0
0.328473,1.0
0.746955,1.0
0.746645,1.0
0.744853,0.0
0.740355,1.0
0.674701,1.0
0.709151,0.0
0.339026,0.0
0.684768,1.0
0.677957,1.0
0.671991,1.0
0.732926,1.0
0.679646,1.0
0.336714,0.0
0.676353,1.0
0.350495,0.0
0.67857,0.0
0.329718,0.0
0.675885,1.0
0.684174,1.0
0.375508,1.0
0.337121,1.0
0.728956,1.0
0.329901,0.0
0.680053,0.0
0.675357,1.0
0.745722,1.0
0.676507,1.0
0.333107,0.0
0.736538,1.0
0.725828,0.0
0.669596,0.0
0.73536,1.0
0.733536,1.0
0.744089,1.0
0.684148,1.0
0.664185,1.0
0.728684,1.0
0.347888,1.0
0.676384,1.0
0.673867,0.0
0.3369,0.0
0.310512,0.0
0.329949,0.0
0.339687,0.0
0.729936,1.0
0.358053,0.0
0.728431,0.0
0.716228,1.0
0.709044,1.0
0.398564,0.0
0.701273,0.0
0.303989,0.0
0.313531,0.0
0.700492,1.0
0.789407,1.0
0.313726,0.0
0.800214,1.0
0.715808,1.0
0.328787,0.0
0.792385,0.0
0.404962,1.0
0.303182,0.0
0.796195,1.0
0.793052,1.0
0.376439,0.0
0.721602,1.0
0.30621,0.0
0.378311,1.0
0.788469,1.0
0.323999,0.0
0.313142,1.0
0.774641,0.0
0.735865,1.0
0.732545,1.0
0.71255,1.0
0.757538,0.0
0.31804,1.0
0.79127,1.0
0.719864,1.0
0.319346,0.0
0.325625,0.0
0.7445,0.0
0.713337,0.0
0.744515,1.0
0.305769,0.0
0.793971,1.0
0.383139,0.0
0.722559,0.0
0.787419,1.0
0.372999,0.0
0.305485,0.0
0.791262,1.0
0.726576,1.0
0.374528,0.0
0.310857,0.0
0.306401,1.0
0.374588,0.0
0.780825,1.0
0.731623,1.0
0.371949,0.0
0.791193,1.0
0.783584,0.0
0.78475,1.0
0.797036,0.0
0.723858,1.0
0.760123,0.0
0.306572,0.0
0.736114,1.0
0.717743,1.0
0.718013,1.0
0.787055,1.0
0.70434,1.0
0.308448,0.0
0.730396,0.0
0.312551,0.0
0.712988,1.0
0.303809,0.0
0.733476,1.0
0.727251,1.0
0.404973,0.0
0.378903,0.0
0.784262,1.0
0.3039,0.0
0.70688,0.0
0.711432,0.0
0.78558,1.0
0.709044,1.0
0.305849,0.0
0.803141,0.0
0.80359,1.0
0.697811,0.0
0.7799,1.0
0.80638,1.0
0.79319,1.0
0.723505,0.0
0.691608,0.0
0.811902,1.0
0.3825,0.0
0.736798,1.0
0.710364,1.0
0.308544,0.0
0.276698,1.0
0.303708,0.0
0.309906,0.0
0.804513,1.0
0.317703,1.0
0.799093,1.0
0.767654,1.0
0.710189,1.0
0.57936,1.0
0.712771,1.0
0.577641,1.0
0.57812,0.0
0.717644,1.0
0.374672,0.0
0.578057,1.0
0.369584,1.0
0.717684,0.0
0.578211,1.0
0.367028,0.0
0.573153,0.0
0.577627,0.0
0.400318,0.0
0.37432,1.0
0.578406,1.0
0.707915,1.0
0.577943,0.0
0.574646,0.0
0.359649,0.0
0.578209,1.0
0.57722,1.0
0.422887,0.0
0.695977,0.0
0.717166,0.0
0.699275,1.0
0.447576,0.0
0.577139,0.0
0.383306,1.0
0.709412,1.0
0.578628,0.0
0.57826,0.0
0.583627,0.0
0.711533,0.0
0.583916,0.0
0.577675,1.0
0.400219,0.0
0.57882,0.0
0.715955,1.0
0.360496,0.0
0.57825,0.0
0.57768,1.0
0.362374,0.0
0.669508,1.0
0.578303,1.0
0.57796,1.0
0.576945,1.0
0.578472,1.0
0.366035,0.0
0.710605,1.0
0.578217,0.0
0.361535,1.0
0.362307,0.0
0.365237,0.0
0.36548,0.0
0.715506,1.0
0.494215,0.0
0.577969,1.0
0.677616,1.0
0.717141,1.0
0.711762,1.0
0.396029,0.0
0.695352,1.0
0.577694,1.0
0.710256,0.0
0.578089,1.0
0.715432,1.0
0.577638,0.0
0.709829,1.0
0.701252,1.0
0.5792,0.0
0.578483,0.0
0.399834,1.0
0.57764,1.0
0.706535,1.0
0.714081,1.0
0.362379,0.0
0.710189,1.0
0.577676,1.0
0.361944,0.0
0.363155,0.0
0.719418,1.0
0.402678,0.0
0.362367,0.0
0.363266,0.0
0.706793,0.0
0.703687,0.0
0.362826,0.0
0.578709,0.0
0.712562,1.0
0.712677,1.0
0.577696,1.0
0.579285,1.0
0.577661,1.0
0.577731,0.0
0.362085,1.0
0.577112,0.0
0.363723,0.0
0.453726,1.0
0.712143,1.0
0.365631,1.0
0.714377,1.0
0.318639,0.0
0.30397,0.0
0.717007,1.0
0.782374,1.0
0.318691,0.0
0.803839,1.0
0.700505,1.0
0.320633,0.0
0.78068,0.0
0.4488,0.0
0.304344,0.0
0.791795,1.0
0.808223,1.0
0.36152,0.0
0.724161,1.0
0.303692,1.0
0.425336,0.0
0.79128,1.0
0.319445,0.0
0.38489,1.0
0.780622,0.0
0.722659,1.0
0.717836,1.0
0.715359,0.0
0.767335,1.0
0.370383,0.0
0.796438,1.0
0.723603,1.0
0.302524,0.0
0.305115,0.0
0.742012,0.0
0.694493,1.0
0.748538,1.0
0.318869,0.0
0.789564,1.0
0.347069,0.0
0.733906,1.0
0.779305,1.0
0.344638,0.0
0.318812,0.0
0.783244,1.0
0.740407,1.0
0.360895,0.0
0.318766,0.0
0.384295,0.0
0.359961,1.0
0.784719,1.0
0.735023,1.0
0.344378,0.0
0.794436,1.0
0.771463,1.0
0.788345,1.0
0.784715,1.0
0.727463,1.0
0.771419,0.0
0.317868,0.0
0.73698,1.0
0.721165,1.0
0.721668,1.0
0.782801,1.0
0.70707,1.0
0.319387,0.0
0.710271,1.0
0.318235,0.0
0.729652,1.0
0.304377,0.0
0.736842,1.0
0.729426,1.0
0.355167,0.0
0.346757,0.0
0.791423,1.0
0.318635,0.0
0.718293,0.0
0.711786,1.0
0.777563,1.0
0.712143,1.0
0.318874,0.0
0.790291,1.0
0.805932,1.0
0.711809,0.0
0.77675,1.0
0.797877,1.0
0.785278,1.0
0.70393,1.0
0.677794,0.0
0.803227,1.0
0.346384,0.0
0.740207,1.0
0.726979,0.0
0.319394,0.0
0.368685,1.0
0.318526,1.0
0.30514,0.0
0.8072,1.0
0.370398,0.0
0.801775,1.0
0.780274,1.0
0.52521,0.0
0.534312,1.0
0.527222,1.0
0.537366,0.0
0.536071,0.0
0.525755,1.0
0.524161,0.0
0.537405,0.0
0.526682,0.0
0.52341,1.0
0.537555,0.0
0.523176,1.0
0.543775,1.0
0.53606,1.0
0.524428,1.0
0.526939,1.0
0.539915,1.0
0.525627,0.0
0.529628,1.0
0.542511,0.0
0.526102,0.0
0.537474,0.0
0.534996,0.0
0.521334,1.0
0.524104,1.0
0.525081,1.0
0.525381,0.0
0.520037,0.0
0.539518,1.0
0.525174,1.0
0.526481,1.0
0.536012,1.0
0.536159,0.0
0.517426,1.0
0.524339,1.0
0.517229,1.0
0.537384,1.0
0.524181,0.0
0.538548,1.0
0.527162,1.0
0.524562,1.0
0.538376,0.0
0.537381,0.0
0.525,1.0
0.526806,1.0
0.539871,0.0
0.5374,1.0
0.540679,0.0
0.533887,0.0
0.524955,1.0
0.52722,1.0
0.538359,1.0
0.526005,0.0
0.523355,1.0
0.525374,0.0
0.524966,1.0
0.526196,1.0
0.518704,1.0
0.537338,0.0
0.526513,1.0
0.525559,0.0
0.526267,1.0
0.523472,1.0
0.525014,0.0
0.537422,1.0
0.524397,0.0
0.537376,0.0
0.526787,1.0
0.536063,1.0
0.527363,1.0
0.526138,0.0
0.539057,1.0
0.538512,1.0
0.52393,1.0
0.537365,0.0
0.526243,1.0
0.525697,1.0
0.52428,1.0
0.52521,0.0
0.537385,1.0
0.52584,1.0
0.527718,1.0
0.526468,1.0
0.522437,1.0
0.526828,1.0
0.525147,0.0
0.523183,1.0
0.527574,1.0
0.527461,1.0
0.538505,1.0
0.527502,1.0
0.526481,1.0
0.537422,1.0
0.534007,1.0
0.531193,1.0
0.53612,0.0
0.527587,1.0
0.539517,1.0
0.527152,1.0
0.520847,1.0
0.591207,0.0
0.575932,1.0
0.603502,1.0
0.633173,1.0
0.636968,1.0
0.599922,0.0
0.659556,1.0
0.633487,0.0
0.65803,1.0
0.601093,0.0
0.633467,1.0
0.666746,0.0
0.584337,1.0
0.634311,1.0
0.666351,1.0
0.6668,1.0
0.621648,0.0
0.593476,0.0
0.596038,0.0
0.597281,1.0
0.660392,1.0
0.633622,1.0
0.563767,1.0
0.662622,1.0
0.608176,1.0
0.60382,1.0
0.592729,1.0
0.654123,0.0
0.61603,1.0
0.666694,1.0
0.602389,0.0
0.63525,1.0
0.637043,1.0
0.640754,0.0
0.602266,0.0
0.644343,0.0
0.630927,0.0
0.657324,1.0
0.625785,0.0
0.602747,1.0
0.669489,1.0
0.628133,1.0
0.633175,0.0
0.669199,1.0
0.607545,1.0
0.623815,1.0
0.631124,0.0
0.613065,1.0
0.577385,1.0
0.668844,0.0
0.602954,1.0
0.626104,0.0
0.659417,0.0
0.669108,1.0
0.659862,1.0
0.669036,0.0
0.601495,1.0
0.655735,1.0
0.633475,0.0
0.60623,1.0
0.592005,0.0
0.6012,0.0
0.666758,1.0
0.591414,1.0
0.630876,1.0
0.5975,1.0
0.63357,1.0
0.601566,0.0
0.63432,1.0
0.602859,1.0
0.594705,1.0
0.624344,1.0
0.625694,0.0
0.66516,0.0
0.633172,0.0
0.602461,1.0
0.601641,1.0
0.669155,1.0
0.591207,0.0
0.630928,1.0
0.669496,1.0
0.668702,1.0
0.601231,1.0
0.665947,0.0
0.669059,1.0
0.660159,1.0
0.605184,1.0
0.596873,0.0
0.668894,1.0
0.625951,0.0
0.602309,1.0
0.600933,1.0
0.630877,0.0
0.570521,0.0
0.59085,0.0
0.636553,1.0
0.668162,1.0
0.616013,0.0
0.668824,1.0
0.658696,1.0
0.596566,0.0
0.59166,0.0
0.604705,0.0
0.605728,0.0
0.605581,0.0
0.598949,1.0
0.540009,0.0
0.599998,0.0
0.54864,0.0
0.593624,1.0
0.60589,1.0
0.533447,1.0
0.59664,1.0
0.604851,0.0
0.543209,0.0
0.550055,0.0
0.598631,0.0
0.599511,1.0
0.587674,1.0
0.600071,0.0
0.543,0.0
0.605878,1.0
0.588873,0.0
0.537974,0.0
0.599045,1.0
0.602339,0.0
0.601375,0.0
0.531241,1.0
0.602467,0.0
0.546766,1.0
0.600783,0.0
0.605045,0.0
0.605642,1.0
0.533656,0.0
0.593357,1.0
0.53378,1.0
0.599198,1.0
0.542184,1.0
0.598177,1.0
0.607272,0.0
0.539641,1.0
0.604816,0.0
0.599916,0.0
0.540789,0.0
0.605056,0.0
0.605272,1.0
0.599253,0.0
0.603813,1.0
0.592505,1.0
0.536945,1.0
0.60738,0.0
0.598149,0.0
0.541686,0.0
0.536507,0.0
0.541852,1.0
0.536508,1.0
0.60539,1.0
0.536621,0.0
0.599957,1.0
0.605136,0.0
0.598961,1.0
0.600023,0.0
0.540495,0.0
0.598819,0.0
0.605104,1.0
0.599736,1.0
0.605814,1.0
0.601828,0.0
0.604855,1.0
0.607593,0.0
0.604876,0.0
0.604082,0.0
0.598131,0.0
0.541032,1.0
0.599906,0.0
0.603939,0.0
0.602726,0.0
0.538989,0.0
0.596566,1.0
0.605095,1.0
0.542623,0.0
0.547572,1.0
0.603447,0.0
0.534327,0.0
0.545238,0.0
0.540928,1.0
0.597773,0.0
0.591648,0.0
0.546807,1.0
0.598196,1.0
0.608148,1.0
0.605122,0.0
0.599209,1.0
0.582659,0.0
0.587543,1.0
0.605515,1.0
0.55002,1.0
0.596331,1.0
0.546348,1.0
0.542778,1.0
0.698979,1.0
0.37682,0.0
0.685025,0.0
0.333058,0.0
0.334114,0.0
0.708552,0.0
0.745808,1.0
0.34757,0.0
0.776979,1.0
0.682742,1.0
0.336125,0.0
0.758824,0.0
0.36034,1.0
0.336831,0.0
0.759216,1.0
0.784681,0.0
0.350312,1.0
0.712276,1.0
0.389941,0.0
0.344814,0.0
0.75469,0.0
0.336196,0.0
0.382173,0.0
0.741643,0.0
0.679704,1.0
0.676846,1.0
0.676219,1.0
0.754958,0.0
0.341708,0.0
0.773373,1.0
0.712664,0.0
0.336337,1.0
0.337484,1.0
0.738945,0.0
0.678532,0.0
0.752823,1.0
0.354107,0.0
0.755351,1.0
0.356301,0.0
0.701819,1.0
0.74548,1.0
0.334953,0.0
0.347766,0.0
0.748503,1.0
0.706364,1.0
0.336206,0.0
0.350203,0.0
0.338879,1.0
0.373994,0.0
0.771197,0.0
0.7035,1.0
0.352671,0.0
0.785918,1.0
0.734917,1.0
0.752868,0.0
0.769034,1.0
0.697727,1.0
0.738118,1.0
0.351435,1.0
0.702537,1.0
0.709949,1.0
0.710736,1.0
0.749762,1.0
0.673831,1.0
0.339065,0.0
0.668036,0.0
0.336402,0.0
0.71909,1.0
0.340418,0.0
0.705365,1.0
0.695056,1.0
0.337581,0.0
0.352651,0.0
0.788522,1.0
0.347795,0.0
0.680909,0.0
0.680278,1.0
0.742661,1.0
0.701025,1.0
0.339106,0.0
0.754201,1.0
0.773502,1.0
0.676425,0.0
0.763476,1.0
0.76373,1.0
0.749177,1.0
0.660214,1.0
0.667946,0.0
0.770332,1.0
0.356268,0.0
0.710802,1.0
0.689958,0.0
0.354063,0.0
0.402525,1.0
0.389486,0.0
0.33782,0.0
0.783547,1.0
0.360598,0.0
0.76925,1.0
0.762924,1.0
0.5903,0.0
0.614116,0.0
0.608641,1.0
0.635304,1.0
0.634821,1.0
0.604404,0.0
0.661146,1.0
0.62862,0.0
0.660931,1.0
0.591536,0.0
0.63309,1.0
0.673052,0.0
0.608826,1.0
0.633576,0.0
0.660666,1.0
0.671965,1.0
0.61542,0.0
0.59098,0.0
0.606224,0.0
0.630001,0.0
0.674485,1.0
0.633057,1.0
0.61142,1.0
0.673142,1.0
0.595802,1.0
0.593795,1.0
0.592932,0.0
0.67117,1.0
0.631369,1.0
0.660161,1.0
0.605559,0.0
0.622546,0.0
0.620953,0.0
0.66107,1.0
0.607603,1.0
0.648903,0.0
0.624573,1.0
0.660273,1.0
0.623537,0.0
0.593133,1.0
0.660975,1.0
0.634467,1.0
0.628531,1.0
0.661315,1.0
0.595847,1.0
0.633081,1.0
0.627382,0.0
0.620276,1.0
0.614572,0.0
0.672359,0.0
0.593183,1.0
0.626249,0.0
0.660152,0.0
0.660793,0.0
0.673908,0.0
0.660387,0.0
0.592087,1.0
0.657051,1.0
0.613628,0.0
0.594981,1.0
0.590225,0.0
0.591383,0.0
0.660639,1.0
0.591369,1.0
0.631717,1.0
0.609555,1.0
0.632961,0.0
0.591354,1.0
0.631089,1.0
0.593115,1.0
0.592929,1.0
0.633258,1.0
0.62626,0.0
0.658338,1.0
0.628517,1.0
0.609196,1.0
0.592778,1.0
0.661103,0.0
0.590045,0.0
0.631697,1.0
0.661622,1.0
0.660971,1.0
0.608912,1.0
0.659824,0.0
0.661533,1.0
0.660938,0.0
0.594244,1.0
0.60726,0.0
0.661056,1.0
0.623553,0.0
0.592465,0.0
0.607875,0.0
0.624595,0.0
0.585874,1.0
0.606472,0.0
0.632308,1.0
0.66045,1.0
0.621465,0.0
0.661045,0.0
0.657421,0.0
0.512503,0.0
0.535229,0.0
0.51591,0.0
0.532799,0.0
0.532842,0.0
0.512448,0.0
0.518074,0.0
0.534159,0.0
0.513475,0.0
0.515409,0.0
0.533074,0.0
0.51656,0.0
0.536551,0.0
0.533872,1.0
0.515833,1.0
0.512898,0.0
0.53798,0.0
0.510773,0.0
0.535958,0.0
0.534038,0.0
0.517664,0.0
0.533077,0.0
0.534305,0.0
0.518798,1.0
0.516664,0.0
0.516261,0.0
0.516481,0.0
0.516188,0.0
0.533048,1.0
0.51383,0.0
0.512018,0.0
0.53747,0.0
0.537705,0.0
0.514551,1.0
0.516565,0.0
0.512613,1.0
0.533621,0.0
0.516489,0.0
0.534707,1.0
0.512174,1.0
0.518436,1.0
0.532848,0.0
0.533209,0.0
0.517958,0.0
0.512173,0.0
0.533053,0.0
0.534245,1.0
0.535722,0.0
0.535399,0.0
0.514791,0.0
0.511971,1.0
0.534312,0.0
0.512049,0.0
0.519666,0.0
0.517655,0.0
0.514565,0.0
0.512634,0.0
0.517761,0.0
0.538266,0.0
0.512614,1.0
0.511012,0.0
0.511184,0.0
0.517277,0.0
0.515735,0.0
0.533173,0.0
0.518551,0.0
0.534064,0.0
0.509098,0.0
0.533229,1.0
0.51165,1.0
0.513006,0.0
0.532929,1.0
0.53431,0.0
0.511113,1.0
0.53321,0.0
0.516483,0.0
0.51525,0.0
0.518581,1.0
0.512351,0.0
0.533175,0.0
0.517127,0.0
0.514251,1.0
0.517176,1.0
0.51478,0.0
0.515718,1.0
0.517681,1.0
0.519051,0.0
0.519471,1.0
0.514756,0.0
0.534707,0.0
0.511559,1.0
0.515647,0.0
0.534643,1.0
0.538005,0.0
0.535902,0.0
0.53314,0.0
0.512711,1.0
0.534833,1.0
0.514724,1.0
0.514187,0.0
0.735848,1.0
0.580128,1.0
0.733413,1.0
0.578873,1.0
0.578862,1.0
0.735645,1.0
0.35359,1.0
0.579776,1.0
0.358858,0.0
0.735509,0.0
0.578876,0.0
0.352975,1.0
0.577787,1.0
0.581935,1.0
0.349509,0.0
0.359387,0.0
0.579129,1.0
0.735353,1.0
0.580331,1.0
0.579725,1.0
0.353401,0.0
0.578876,1.0
0.579541,1.0
0.345848,0.0
0.728593,1.0
0.733425,1.0
0.73471,1.0
0.357228,1.0
0.581368,0.0
0.358787,0.0
0.734771,1.0
0.578842,0.0
0.578868,1.0
0.368416,0.0
0.733304,1.0
0.366066,0.0
0.579179,1.0
0.35592,1.0
0.582274,0.0
0.729709,1.0
0.345433,1.0
0.578899,0.0
0.579127,0.0
0.353451,1.0
0.728063,1.0
0.578909,1.0
0.582201,1.0
0.577628,0.0
0.580087,1.0
0.355178,0.0
0.729239,1.0
0.579852,1.0
0.358696,1.0
0.349307,1.0
0.351566,0.0
0.355672,1.0
0.734438,0.0
0.35745,1.0
0.579114,1.0
0.725501,1.0
0.736004,1.0
0.735227,1.0
0.354882,0.0
0.734004,1.0
0.578914,1.0
0.732693,1.0
0.579551,1.0
0.73383,1.0
0.581274,1.0
0.729219,1.0
0.733443,1.0
0.581308,0.0
0.579853,1.0
0.355565,1.0
0.579127,1.0
0.733153,1.0
0.734399,1.0
0.343068,0.0
0.73589,0.0
0.578914,1.0
0.354362,0.0
0.350715,1.0
0.729482,1.0
0.356257,1.0
0.348918,0.0
0.344263,1.0
0.731872,1.0
0.727783,1.0
0.357158,0.0
0.579889,0.0
0.730603,1.0
0.734754,1.0
0.582241,1.0
0.578111,1.0
0.580363,0.0
0.57887,1.0
0.352682,0.0
0.582348,1.0
0.348042,0.0
0.359404,1.0
0.595808,0.0
0.607386,0.0
0.599975,1.0
0.615434,0.0
0.615306,1.0
0.59669,1.0
0.665529,1.0
0.608008,0.0
0.657812,1.0
0.594263,0.0
0.626681,1.0
0.665664,0.0
0.582615,1.0
0.604407,1.0
0.660773,1.0
0.657297,1.0
0.577568,0.0
0.595312,0.0
0.606844,0.0
0.608046,1.0
0.662095,1.0
0.614646,1.0
0.615272,1.0
0.662817,0.0
0.599577,1.0
0.598821,1.0
0.598627,1.0
0.664192,1.0
0.624599,1.0
0.65833,1.0
0.596989,1.0
0.589853,1.0
0.576575,1.0
0.658138,0.0
0.599572,1.0
0.658354,1.0
0.614824,1.0
0.664226,1.0
0.616134,1.0
0.596468,1.0
0.665714,1.0
0.627474,1.0
0.627734,0.0
0.665171,0.0
0.597012,1.0
0.614842,0.0
0.604822,0.0
0.597717,1.0
0.606619,1.0
0.661476,0.0
0.596144,1.0
0.608059,0.0
0.661995,0.0
0.666631,0.0
0.663239,1.0
0.664229,0.0
0.593049,1.0
0.664732,1.0
0.575305,0.0
0.596877,1.0
0.595139,0.0
0.595742,0.0
0.661809,1.0
0.597569,0.0
0.614596,1.0
0.600538,1.0
0.606957,1.0
0.593633,1.0
0.611455,1.0
0.595925,1.0
0.596544,1.0
0.624588,1.0
0.60807,0.0
0.65859,1.0
0.615689,1.0
0.600375,1.0
0.598167,1.0
0.663379,0.0
0.592247,0.0
0.614593,1.0
0.661452,1.0
0.662119,1.0
0.600525,1.0
0.664474,0.0
0.660261,1.0
0.666097,1.0
0.600104,1.0
0.600063,0.0
0.659007,1.0
0.619306,0.0
0.596314,1.0
0.599327,0.0
0.603897,0.0
0.578956,1.0
0.619289,0.0
0.614503,1.0
0.656914,1.0
0.604037,0.0
0.661504,1.0
0.663802,1.0
0.589482,0.0
0.581095,0.0
0.612795,0.0
0.58546,1.0
0.607076,0.0
0.610727,1.0
0.682045,1.0
0.581023,0.0
0.686356,1.0
0.596463,0.0
0.619455,1.0
0.661024,0.0
0.585089,1.0
0.60005,1.0
0.68842,1.0
0.686086,1.0
0.559208,0.0
0.589714,1.0
0.581037,0.0
0.603135,1.0
0.68915,1.0
0.606698,1.0
0.607637,1.0
0.666934,0.0
0.613916,1.0
0.612984,1.0
0.613271,0.0
0.680878,0.0
0.617912,0.0
0.686667,1.0
0.61111,0.0
0.598527,1.0
0.582251,0.0
0.664213,0.0
0.61283,1.0
0.68721,0.0
0.607035,1.0
0.680814,1.0
0.613591,0.0
0.610465,1.0
0.682524,1.0
0.619878,1.0
0.599921,0.0
0.660508,1.0
0.611102,1.0
0.585098,1.0
0.578009,0.0
0.602026,1.0
0.602711,1.0
0.66702,0.0
0.610395,1.0
0.581143,0.0
0.659085,0.0
0.661069,1.0
0.69,0.0
0.660345,0.0
0.618074,0.0
0.681694,1.0
0.557447,1.0
0.611365,1.0
0.589356,0.0
0.589897,0.0
0.688852,0.0
0.590411,0.0
0.606699,0.0
0.614696,1.0
0.602367,0.0
0.607406,0.0
0.604255,1.0
0.610156,1.0
0.610591,1.0
0.617865,1.0
0.58115,0.0
0.676155,0.0
0.607489,1.0
0.613381,1.0
0.611757,0.0
0.666693,0.0
0.59564,0.0
0.606697,1.0
0.688727,1.0
0.679083,1.0
0.613695,1.0
0.660351,0.0
0.688226,1.0
0.68372,1.0
0.614619,1.0
0.592571,0.0
0.687223,1.0
0.595186,0.0
0.61138,1.0
0.592117,0.0
0.577433,0.0
0.583153,1.0
0.59575,0.0
0.606621,0.0
0.686099,1.0
0.577649,0.0
0.689366,1.0
0.681322,0.0
0.745168,1.0
0.581639,1.0
0.742327,1.0
0.581466,1.0
0.579558,1.0
0.737228,1.0
0.339718,0.0
0.581601,1.0
0.336663,0.0
0.743832,0.0
0.577394,1.0
0.354422,0.0
0.581157,0.0
0.580501,1.0
0.340637,0.0
0.336288,1.0
0.582833,1.0
0.737708,1.0
0.581669,0.0
0.580374,1.0
0.341618,0.0
0.580093,1.0
0.580119,1.0
0.357038,0.0
0.735249,1.0
0.736583,0.0
0.743461,1.0
0.354021,1.0
0.576781,0.0
0.337495,0.0
0.74351,1.0
0.577316,0.0
0.581066,0.0
0.361557,1.0
0.736125,1.0
0.361892,0.0
0.580109,1.0
0.338105,0.0
0.576987,0.0
0.736104,1.0
0.339962,0.0
0.577388,1.0
0.57812,1.0
0.337111,0.0
0.7344,1.0
0.581493,1.0
0.581793,1.0
0.577154,0.0
0.580454,1.0
0.354609,0.0
0.736103,1.0
0.581602,1.0
0.350333,0.0
0.343865,0.0
0.358672,0.0
0.352274,0.0
0.742915,1.0
0.342275,1.0
0.58299,1.0
0.735181,1.0
0.745122,1.0
0.74447,1.0
0.355598,1.0
0.744559,1.0
0.579593,1.0
0.736265,0.0
0.579936,1.0
0.742765,1.0
0.580214,1.0
0.736028,1.0
0.736567,1.0
0.577366,1.0
0.581601,1.0
0.349318,1.0
0.580072,1.0
0.735744,1.0
0.743507,1.0
0.358612,0.0
0.744352,1.0
0.580098,0.0
0.340629,0.0
0.334551,0.0
0.735839,1.0
0.353571,0.0
0.339242,0.0
0.343311,0.0
0.736281,1.0
0.742561,0.0
0.337599,0.0
0.578335,0.0
0.737166,1.0
0.744025,1.0
0.581838,1.0
0.581286,1.0
0.578403,0.0
0.579594,0.0
0.335768,0.0
0.581835,1.0
0.342154,0.0
0.35565,0.0
0.593449,0.0
0.58609,0.0
0.59735,1.0
0.602574,1.0
0.595525,1.0
0.593368,0.0
0.65927,1.0
0.585757,0.0
0.658203,1.0
0.592986,0.0
0.610999,1.0
0.661019,0.0
0.616247,1.0
0.60873,1.0
0.65992,1.0
0.660481,1.0
0.579466,0.0
0.59067,0.0
0.598572,0.0
0.610008,0.0
0.660462,1.0
0.610529,0.0
0.611138,1.0
0.661825,0.0
0.595607,1.0
0.591354,1.0
0.596736,1.0
0.663946,1.0
0.607381,1.0
0.65852,1.0
0.5959,0.0
0.61551,1.0
0.600803,0.0
0.663058,0.0
0.5951,1.0
0.661151,0.0
0.610769,1.0
0.65823,1.0
0.60604,0.0
0.59305,1.0
0.65952,1.0
0.61114,1.0
0.588116,0.0
0.656602,1.0
0.593357,1.0
0.602513,1.0
0.584484,0.0
0.61575,1.0
0.610217,1.0
0.661463,0.0
0.592948,1.0
0.585843,0.0
0.658026,0.0
0.659657,1.0
0.661739,0.0
0.659804,1.0
0.597281,0.0
0.661875,1.0
0.595784,0.0
0.593568,1.0
0.593069,0.0
0.593445,0.0
0.665153,0.0
0.594339,0.0
0.59546,1.0
0.592655,1.0
0.594546,0.0
0.593498,1.0
0.609634,1.0
0.592751,1.0
0.593139,1.0
0.61021,1.0
0.585845,0.0
0.660459,0.0
0.610832,1.0
0.59558,1.0
0.596321,1.0
0.661729,1.0
0.595426,0.0
0.622652,1.0
0.660151,1.0
0.656446,1.0
0.595835,1.0
0.660141,0.0
0.659639,1.0
0.660414,0.0
0.596232,1.0
0.592408,0.0
0.658899,1.0
0.598944,0.0
0.593721,1.0
0.596096,0.0
0.58437,1.0
0.603971,1.0
0.599507,0.0
0.607665,0.0
0.657827,1.0
0.584508,1.0
0.660475,1.0
0.661555,0.0
0.745786,1.0
0.585788,1.0
0.73716,1.0
0.584601,1.0
0.585329,0.0
0.744487,1.0
0.330116,0.0
0.585812,1.0
0.327942,0.0
0.742892,1.0
0.583604,1.0
0.347999,0.0
0.57515,0.0
0.584062,0.0
0.331313,0.0
0.333276,1.0
0.586248,0.0
0.743665,1.0
0.575162,0.0
0.58347,1.0
0.3323,0.0
0.5834,1.0
0.58384,1.0
0.350665,1.0
0.736648,1.0
0.733162,1.0
0.739014,1.0
0.33894,1.0
0.574178,0.0
0.328587,0.0
0.745136,0.0
0.574165,0.0
0.575084,0.0
0.358046,0.0
0.736516,1.0
0.354483,1.0
0.583868,1.0
0.32867,0.0
0.574096,0.0
0.735473,1.0
0.33034,0.0
0.583591,1.0
0.585387,0.0
0.326605,0.0
0.734702,1.0
0.584607,1.0
0.585917,1.0
0.574076,0.0
0.583943,1.0
0.348602,0.0
0.735541,1.0
0.585805,1.0
0.344829,0.0
0.332226,0.0
0.35424,0.0
0.329302,0.0
0.745176,0.0
0.337806,0.0
0.584717,1.0
0.735412,1.0
0.745442,1.0
0.744838,1.0
0.356797,1.0
0.745524,1.0
0.585337,1.0
0.733671,0.0
0.585035,1.0
0.736128,1.0
0.583968,1.0
0.73539,1.0
0.736378,1.0
0.583674,0.0
0.585805,1.0
0.350039,1.0
0.58386,1.0
0.736016,1.0
0.738239,1.0
0.338074,0.0
0.745757,1.0
0.575007,1.0
0.331382,0.0
0.325947,0.0
0.736115,0.0
0.347165,0.0
0.330131,0.0
0.348975,1.0
0.737623,0.0
0.7411,1.0
0.328707,0.0
0.574345,0.0
0.737097,0.0
0.744956,1.0
0.586284,1.0
0.584457,1.0
0.574379,0.0
0.574765,0.0
0.327222,0.0
0.586274,0.0
0.332809,0.0
0.349925,0.0
0.6321,1.0
0.402555,1.0
0.629477,0.0
0.383428,1.0
0.369772,0.0
0.627169,1.0
0.671332,1.0
0.40272,0.0
0.66144,0.0
0.654311,0.0
0.385573,0.0
0.698376,0.0
0.366169,1.0
0.366579,0.0
0.677904,1.0
0.679104,0.0
0.385263,1.0
0.601816,1.0
0.384934,0.0
0.398978,0.0
0.685836,0.0
0.399229,0.0
0.382659,0.0
0.727456,0.0
0.618839,1.0
0.596046,1.0
0.660053,1.0
0.705707,1.0
0.372627,0.0
0.664155,1.0
0.626234,1.0
0.370809,0.0
0.384629,0.0
0.72641,0.0
0.616779,1.0
0.743452,1.0
0.382798,0.0
0.663044,1.0
0.388251,0.0
0.592414,1.0
0.674504,1.0
0.385536,0.0
0.389316,0.0
0.654521,1.0
0.590428,1.0
0.383402,0.0
0.402822,1.0
0.37117,1.0
0.382443,1.0
0.704087,0.0
0.591744,1.0
0.402695,0.0
0.669283,1.0
0.683895,0.0
0.746682,0.0
0.667549,0.0
0.645218,0.0
0.69025,1.0
0.398868,0.0
0.594931,1.0
0.622206,1.0
0.62016,1.0
0.748244,1.0
0.638358,0.0
0.386142,0.0
0.596588,1.0
0.402537,0.0
0.59302,0.0
0.383056,0.0
0.590096,1.0
0.598761,1.0
0.369568,0.0
0.402696,0.0
0.687787,1.0
0.382831,0.0
0.614255,0.0
0.630835,1.0
0.71416,0.0
0.65903,1.0
0.381602,0.0
0.680777,1.0
0.651462,0.0
0.603638,1.0
0.687411,1.0
0.674445,1.0
0.717182,1.0
0.621674,1.0
0.640178,0.0
0.666951,1.0
0.388435,0.0
0.591265,1.0
0.647453,0.0
0.38596,0.0
0.383012,0.0
0.388155,1.0
0.384907,0.0
0.658936,1.0
0.369495,0.0
0.687931,1.0
0.706436,1.0
0.779622,1.0
0.420719,0.0
0.770791,0.0
0.411236,1.0
0.325692,0.0
0.783356,1.0
0.871625,1.0
0.340066,0.0
0.8756,1.0
0.745741,1.0
0.335381,0.0
0.838611,0.0
0.403785,1.0
0.324977,0.0
0.865299,1.0
0.856717,1.0
0.409538,0.0
0.81343,1.0
0.334462,1.0
0.340252,1.0
0.851981,1.0
0.340447,1.0
0.333618,0.0
0.806604,1.0
0.796752,1.0
0.819273,1.0
0.749091,1.0
0.835586,1.0
0.330995,1.0
0.878491,1.0
0.787317,0.0
0.330385,0.0
0.334453,1.0
0.809962,0.0
0.793847,1.0
0.795792,1.0
0.333672,0.0
0.879529,1.0
0.337142,0.0
0.823623,1.0
0.868694,1.0
0.335369,0.0
0.333293,0.0
0.887604,1.0
0.827517,1.0
0.333355,0.0
0.420755,0.0
0.407872,0.0
0.411131,0.0
0.832893,1.0
0.825085,1.0
0.34006,0.0
0.872843,1.0
0.853977,1.0
0.790075,0.0
0.869943,1.0
0.758886,1.0
0.853103,1.0
0.338902,1.0
0.8229,1.0
0.790974,1.0
0.792743,1.0
0.79071,1.0
0.763756,1.0
0.334315,1.0
0.818996,0.0
0.340832,0.0
0.814476,1.0
0.333737,0.0
0.826835,1.0
0.817631,1.0
0.326863,0.0
0.34006,1.0
0.852907,1.0
0.333698,0.0
0.787406,0.0
0.780707,1.0
0.82391,1.0
0.749656,1.0
0.336048,0.0
0.862622,1.0
0.885106,1.0
0.808504,0.0
0.855144,1.0
0.868775,1.0
0.823074,1.0
0.79402,1.0
0.755278,1.0
0.875926,1.0
0.336734,0.0
0.828119,1.0
0.752226,1.0
0.333216,0.0
0.333265,0.0
0.41673,0.0
0.335101,1.0
0.883475,1.0
0.324575,1.0
0.855685,1.0
0.836137,1.0
0.634478,1.0
0.363929,0.0
0.620716,0.0
0.443489,1.0
0.285467,0.0
0.629819,1.0
0.671134,1.0
0.284668,0.0
0.660145,1.0
0.651975,1.0
0.286181,0.0
0.688966,1.0
0.445117,0.0
0.285699,0.0
0.676741,1.0
0.678521,1.0
0.363228,0.0
0.605384,1.0
0.35715,0.0
0.354234,1.0
0.680433,1.0
0.354356,1.0
0.285542,0.0
0.725273,1.0
0.619967,1.0
0.598809,0.0
0.661237,1.0
0.706545,0.0
0.357203,0.0
0.665145,1.0
0.617999,0.0
0.289371,1.0
0.357235,1.0
0.714596,0.0
0.618669,0.0
0.745399,1.0
0.285546,0.0
0.664232,1.0
0.290411,1.0
0.595617,0.0
0.67382,1.0
0.286183,1.0
0.286561,0.0
0.657318,1.0
0.593635,1.0
0.285082,0.0
0.363863,0.0
0.366301,0.0
0.360806,0.0
0.697933,0.0
0.594928,1.0
0.284671,0.0
0.670661,1.0
0.67876,0.0
0.733356,1.0
0.665121,1.0
0.637564,1.0
0.687783,1.0
0.352782,1.0
0.597674,1.0
0.624742,1.0
0.622845,1.0
0.750535,1.0
0.63634,1.0
0.352438,0.0
0.590297,1.0
0.285402,0.0
0.592554,1.0
0.285522,0.0
0.593453,1.0
0.601279,1.0
0.286544,0.0
0.352606,1.0
0.690886,1.0
0.285558,0.0
0.606703,0.0
0.631974,1.0
0.705775,1.0
0.661578,1.0
0.288063,1.0
0.679213,0.0
0.652305,1.0
0.596768,0.0
0.686371,0.0
0.673771,1.0
0.718872,1.0
0.618125,1.0
0.638819,0.0
0.667461,1.0
0.289994,0.0
0.590549,1.0
0.645406,0.0
0.284168,0.0
0.285125,0.0
0.37088,0.0
0.35787,0.0
0.660876,1.0
0.350996,0.0
0.68548,1.0
0.70367,1.0
0.583657,0.0
0.611692,1.0
0.590015,0.0
0.576935,1.0
0.6208,0.0
0.583348,1.0
0.504722,0.0
0.621817,0.0
0.499053,0.0
0.590214,1.0
0.621306,1.0
0.514415,1.0
0.592607,1.0
0.620725,0.0
0.507176,1.0
0.507433,0.0
0.610944,1.0
0.575331,1.0
0.607458,1.0
0.593813,0.0
0.508201,0.0
0.593796,1.0
0.621332,1.0
0.525895,1.0
0.582378,1.0
0.580959,0.0
0.592354,1.0
0.524783,0.0
0.607285,1.0
0.501955,0.0
0.588885,0.0
0.607626,0.0
0.59248,1.0
0.529418,0.0
0.586617,1.0
0.533015,1.0
0.621334,1.0
0.501562,1.0
0.607767,1.0
0.579213,1.0
0.505868,0.0
0.608811,0.0
0.62096,1.0
0.498275,1.0
0.572882,0.0
0.621402,1.0
0.611708,1.0
0.610193,1.0
0.611741,0.0
0.521005,1.0
0.573088,0.0
0.621816,0.0
0.504493,1.0
0.513222,0.0
0.530905,1.0
0.501364,0.0
0.586712,1.0
0.511844,0.0
0.594062,1.0
0.574297,0.0
0.58112,0.0
0.581064,0.0
0.534786,1.0
0.584274,0.0
0.608643,1.0
0.575756,1.0
0.621726,0.0
0.570812,1.0
0.621342,0.0
0.572478,0.0
0.574836,0.0
0.620661,0.0
0.594165,0.0
0.513243,1.0
0.621333,0.0
0.585989,1.0
0.584746,0.0
0.518605,0.0
0.591502,1.0
0.608426,0.0
0.513913,0.0
0.495257,1.0
0.583319,0.0
0.516923,0.0
0.505816,0.0
0.524039,1.0
0.581866,0.0
0.591674,0.0
0.502984,1.0
0.620493,1.0
0.571556,1.0
0.593653,1.0
0.621558,1.0
0.621389,0.0
0.60975,0.0
0.607349,1.0
0.499936,1.0
0.6082,1.0
0.510879,1.0
0.518287,1.0
0.616783,0.0
0.649334,1.0
0.617194,1.0
0.54665,1.0
0.664923,1.0
0.616158,1.0
0.680585,1.0
0.667138,1.0
0.677822,1.0
0.619341,0.0
0.666015,1.0
0.684376,0.0
0.596823,1.0
0.664767,1.0
0.68048,1.0
0.681796,1.0
0.647282,1.0
0.613133,0.0
0.636609,0.0
0.594271,1.0
0.682182,1.0
0.595254,1.0
0.666017,1.0
0.688177,1.0
0.617189,1.0
0.61286,1.0
0.619638,1.0
0.684245,1.0
0.636145,1.0
0.679298,1.0
0.616356,1.0
0.630416,1.0
0.59219,1.0
0.686762,1.0
0.613612,0.0
0.690332,1.0
0.666022,1.0
0.677813,1.0
0.631175,1.0
0.610793,1.0
0.681156,0.0
0.633054,1.0
0.665372,0.0
0.676276,1.0
0.61449,1.0
0.666139,1.0
0.649372,0.0
0.645535,1.0
0.648798,1.0
0.68124,0.0
0.614203,1.0
0.667137,0.0
0.679167,0.0
0.678879,1.0
0.690518,0.0
0.678912,1.0
0.618419,1.0
0.683829,1.0
0.59594,1.0
0.615023,1.0
0.616051,0.0
0.616277,0.0
0.690862,1.0
0.617366,1.0
0.639131,1.0
0.615278,1.0
0.666989,1.0
0.611662,1.0
0.66607,1.0
0.613927,1.0
0.614649,1.0
0.664687,1.0
0.595215,1.0
0.683116,1.0
0.666054,1.0
0.614558,1.0
0.618224,1.0
0.686671,0.0
0.618753,1.0
0.632206,1.0
0.679347,1.0
0.674747,1.0
0.614123,1.0
0.680652,0.0
0.681162,1.0
0.687586,0.0
0.61804,1.0
0.616411,1.0
0.678561,1.0
0.664601,0.0
0.612612,1.0
0.616436,0.0
0.666427,1.0
0.666148,1.0
0.644659,0.0
0.636372,1.0
0.677105,1.0
0.638076,0.0
0.682205,1.0
0.685274,1.0
0.744754,0.0
0.580004,1.0
0.733789,1.0
0.579848,0.0
0.57905,0.0
0.736822,1.0
0.328221,0.0
0.579218,1.0
0.326418,1.0
0.743909,1.0
0.57918,1.0
0.348724,0.0
0.579389,0.0
0.579042,1.0
0.329412,0.0
0.328802,0.0
0.579767,1.0
0.743249,1.0
0.578391,0.0
0.578409,0.0
0.328853,0.0
0.579285,1.0
0.579167,1.0
0.336907,0.0
0.735463,1.0
0.732019,0.0
0.737913,1.0
0.332684,0.0
0.579178,0.0
0.327389,0.0
0.73471,1.0
0.578135,0.0
0.579142,0.0
0.335395,0.0
0.741752,0.0
0.341176,0.0
0.579168,0.0
0.327856,0.0
0.578432,0.0
0.732443,1.0
0.346156,0.0
0.578291,0.0
0.57791,1.0
0.326862,0.0
0.733061,1.0
0.579166,1.0
0.578965,1.0
0.579695,0.0
0.579893,1.0
0.347963,0.0
0.73335,1.0
0.57792,1.0
0.346591,0.0
0.327859,0.0
0.354295,0.0
0.327028,0.0
0.73618,0.0
0.330622,1.0
0.579271,0.0
0.733538,1.0
0.7443,1.0
0.743859,1.0
0.341983,0.0
0.736924,1.0
0.579353,1.0
0.732512,0.0
0.579224,0.0
0.733083,1.0
0.579164,0.0
0.733217,0.0
0.734199,1.0
0.579055,0.0
0.578431,0.0
0.331729,1.0
0.579164,0.0
0.732792,1.0
0.736347,1.0
0.348993,0.0
0.738431,0.0
0.578274,0.0
0.328177,0.0
0.325956,0.0
0.73159,1.0
0.34688,0.0
0.328318,0.0
0.351518,0.0
0.734645,1.0
0.734642,0.0
0.327991,0.0
0.577931,0.0
0.733121,1.0
0.743093,1.0
0.579167,1.0
0.579161,1.0
0.578734,1.0
0.57923,0.0
0.327204,0.0
0.57831,0.0
0.330469,0.0
0.333706,0.0
0.530945,0.0
0.531275,1.0
0.530215,1.0
0.542938,0.0
0.531763,0.0
0.529111,1.0
0.536712,0.0
0.530647,1.0
0.533448,0.0
0.524479,0.0
0.530898,0.0
0.532635,0.0
0.535358,1.0
0.530788,1.0
0.536238,1.0
0.536238,1.0
0.531437,1.0
0.529947,0.0
0.534979,0.0
0.536687,0.0
0.536101,0.0
0.535339,0.0
0.530903,0.0
0.531896,1.0
0.531694,1.0
0.538484,0.0
0.525332,1.0
0.534112,0.0
0.533369,1.0
0.537174,0.0
0.530471,1.0
0.534302,0.0
0.537601,0.0
0.532516,0.0
0.533779,0.0
0.529552,1.0
0.531904,1.0
0.537222,0.0
0.534617,1.0
0.534259,1.0
0.534765,1.0
0.534105,0.0
0.532244,0.0
0.537751,1.0
0.534526,0.0
0.530899,0.0
0.532619,0.0
0.532587,0.0
0.531102,0.0
0.533184,1.0
0.534054,1.0
0.531927,0.0
0.535039,0.0
0.536655,1.0
0.527764,0.0
0.537307,1.0
0.533987,0.0
0.530606,1.0
0.537157,0.0
0.534104,0.0
0.527383,1.0
0.527842,0.0
0.529022,1.0
0.528331,0.0
0.532011,0.0
0.537866,0.0
0.531608,0.0
0.533612,0.0
0.531675,1.0
0.5384,1.0
0.533133,0.0
0.531771,1.0
0.536605,1.0
0.530268,1.0
0.531676,0.0
0.531823,0.0
0.529324,1.0
0.531924,1.0
0.530145,0.0
0.534157,0.0
0.536499,1.0
0.538203,0.0
0.532787,1.0
0.534116,0.0
0.536521,1.0
0.530339,0.0
0.531787,0.0
0.533198,1.0
0.536995,0.0
0.533487,1.0
0.534539,0.0
0.526031,0.0
0.530886,1.0
0.530705,0.0
0.532616,0.0
0.533337,0.0
0.53749,1.0
0.534936,1.0
0.53553,1.0
0.533867,0.0
0.733711,0.0
0.583942,1.0
0.72595,1.0
0.564351,1.0
0.574513,1.0
0.728617,1.0
0.330277,0.0
0.583478,1.0
0.33354,0.0
0.736778,0.0
0.58114,1.0
0.334284,0.0
0.576607,0.0
0.583555,1.0
0.32185,0.0
0.321709,0.0
0.584033,0.0
0.734939,1.0
0.574475,0.0
0.573188,0.0
0.330422,0.0
0.584537,1.0
0.581143,1.0
0.326574,0.0
0.72671,0.0
0.724716,0.0
0.731001,1.0
0.332555,0.0
0.576762,0.0
0.329919,1.0
0.726574,0.0
0.573908,1.0
0.57253,0.0
0.33425,1.0
0.729978,0.0
0.330041,0.0
0.576788,1.0
0.32998,0.0
0.576058,0.0
0.722758,1.0
0.32337,1.0
0.573991,1.0
0.582337,0.0
0.320748,0.0
0.730321,1.0
0.58114,1.0
0.58262,1.0
0.574668,0.0
0.581315,1.0
0.324916,0.0
0.723836,1.0
0.582103,1.0
0.33195,0.0
0.321191,0.0
0.340682,0.0
0.320928,0.0
0.730437,1.0
0.327394,0.0
0.572902,1.0
0.730866,1.0
0.730675,0.0
0.73608,1.0
0.330809,0.0
0.735072,1.0
0.581882,1.0
0.725258,1.0
0.574556,1.0
0.730039,1.0
0.576858,1.0
0.718791,1.0
0.731525,1.0
0.576831,0.0
0.575478,0.0
0.327872,0.0
0.574541,1.0
0.730366,1.0
0.728398,1.0
0.326573,0.0
0.733689,1.0
0.573978,1.0
0.321343,0.0
0.329212,1.0
0.722901,0.0
0.332765,0.0
0.321463,0.0
0.337306,0.0
0.732527,0.0
0.72275,0.0
0.329925,0.0
0.576748,0.0
0.730039,0.0
0.735775,1.0
0.583638,1.0
0.581009,1.0
0.582578,1.0
0.574475,1.0
0.320843,0.0
0.576739,0.0
0.322319,0.0
0.332956,0.0
0.728653,1.0
0.596164,1.0
0.745786,1.0
0.59355,1.0
0.592426,1.0
0.747189,1.0
0.359293,0.0
0.59587,1.0
0.359309,0.0
0.728396,1.0
0.595288,1.0
0.351656,1.0
0.556762,0.0
0.595964,1.0
0.358094,0.0
0.358045,1.0
0.559884,1.0
0.747605,1.0
0.557382,1.0
0.555878,1.0
0.358067,0.0
0.598393,1.0
0.595292,1.0
0.349874,0.0
0.726344,0.0
0.725584,1.0
0.749162,1.0
0.354528,1.0
0.55725,0.0
0.383355,0.0
0.726883,1.0
0.59328,0.0
0.554997,0.0
0.378299,1.0
0.727239,1.0
0.345582,1.0
0.593152,1.0
0.360262,0.0
0.556272,1.0
0.743556,1.0
0.380246,0.0
0.593219,0.0
0.56001,0.0
0.360866,0.0
0.744064,1.0
0.595289,1.0
0.596339,1.0
0.558135,0.0
0.595246,1.0
0.352325,0.0
0.743885,1.0
0.596053,1.0
0.356166,1.0
0.358818,1.0
0.342526,0.0
0.360018,0.0
0.745593,1.0
0.354352,1.0
0.59417,1.0
0.744372,1.0
0.72846,1.0
0.748833,1.0
0.344474,1.0
0.74819,1.0
0.595874,1.0
0.742735,0.0
0.592375,1.0
0.744665,1.0
0.593048,0.0
0.742132,1.0
0.745086,1.0
0.557668,0.0
0.555331,1.0
0.353739,1.0
0.592398,1.0
0.745319,1.0
0.74696,1.0
0.349927,0.0
0.748281,1.0
0.593235,1.0
0.358503,1.0
0.384463,0.0
0.726254,1.0
0.354525,0.0
0.358522,0.0
0.347369,1.0
0.726901,1.0
0.726814,1.0
0.359745,0.0
0.557035,1.0
0.726515,1.0
0.749215,1.0
0.596068,1.0
0.595135,1.0
0.596282,0.0
0.592952,1.0
0.360364,0.0
0.556804,1.0
0.35667,0.0
0.354051,0.0
0.750084,1.0
0.603324,1.0
0.75035,1.0
0.610164,1.0
0.601217,0.0
0.752533,1.0
0.315769,0.0
0.603179,1.0
0.315767,0.0
0.75096,1.0
0.602402,1.0
0.360762,0.0
0.549999,0.0
0.603264,0.0
0.315893,0.0
0.359918,1.0
0.590334,1.0
0.752979,1.0
0.589374,0.0
0.589293,0.0
0.315997,0.0
0.604989,1.0
0.602407,0.0
0.320133,0.0
0.71837,1.0
0.74325,0.0
0.753356,1.0
0.360357,0.0
0.550588,0.0
0.319685,0.0
0.747843,1.0
0.56284,0.0
0.548711,0.0
0.365191,1.0
0.746965,1.0
0.362318,0.0
0.602242,1.0
0.315448,0.0
0.589242,0.0
0.749335,1.0
0.321867,0.0
0.562845,0.0
0.552738,0.0
0.314887,0.0
0.750038,1.0
0.602405,1.0
0.603044,1.0
0.551995,0.0
0.602238,1.0
0.31851,0.0
0.750079,1.0
0.602946,1.0
0.360298,0.0
0.359786,1.0
0.326224,0.0
0.315087,0.0
0.750834,0.0
0.360373,0.0
0.60383,1.0
0.750374,1.0
0.751001,1.0
0.753501,1.0
0.362644,0.0
0.752934,1.0
0.602788,1.0
0.71704,0.0
0.601148,1.0
0.749884,1.0
0.562805,0.0
0.748016,1.0
0.750821,1.0
0.551095,0.0
0.58925,1.0
0.360544,1.0
0.601177,0.0
0.749586,1.0
0.752367,1.0
0.320029,0.0
0.752915,1.0
0.602285,1.0
0.359802,0.0
0.318727,0.0
0.744929,1.0
0.318021,0.0
0.315582,1.0
0.361986,0.0
0.747917,1.0
0.745681,0.0
0.315459,0.0
0.589286,0.0
0.746171,1.0
0.752777,1.0
0.603368,1.0
0.602261,1.0
0.564268,1.0
0.601764,0.0
0.314996,0.0
0.589391,0.0
0.316336,0.0
0.318343,1.0
0.589581,1.0
0.561669,0.0
0.592674,1.0
0.520624,1.0
0.576686,1.0
0.591457,0.0
0.6572,1.0
0.561797,1.0
0.657373,1.0
0.593396,0.0
0.564202,1.0
0.653631,0.0
0.590907,1.0
0.573895,1.0
0.657485,1.0
0.651364,1.0
0.569089,1.0
0.591009,0.0
0.580608,0.0
0.576461,1.0
0.657936,1.0
0.557847,1.0
0.576567,1.0
0.661982,0.0
0.598322,1.0
0.582982,1.0
0.593537,0.0
0.65187,0.0
0.592844,1.0
0.658498,1.0
0.59048,0.0
0.587893,1.0
0.587758,0.0
0.658059,1.0
0.58967,0.0
0.6565,1.0
0.561196,1.0
0.656587,1.0
0.576142,1.0
0.589742,1.0
0.660913,1.0
0.588224,1.0
0.595821,0.0
0.655723,1.0
0.590356,1.0
0.564191,1.0
0.563181,0.0
0.596785,1.0
0.564864,1.0
0.660761,0.0
0.590046,1.0
0.563116,0.0
0.650773,1.0
0.650826,0.0
0.664746,0.0
0.656262,1.0
0.587943,0.0
0.651693,1.0
0.555761,1.0
0.590614,1.0
0.590381,0.0
0.591931,0.0
0.657012,1.0
0.591363,0.0
0.563511,1.0
0.593624,1.0
0.564606,1.0
0.589114,1.0
0.588646,1.0
0.58859,0.0
0.590194,1.0
0.5945,1.0
0.561374,0.0
0.654469,1.0
0.576815,1.0
0.591861,1.0
0.592081,0.0
0.661937,0.0
0.59211,0.0
0.561123,1.0
0.648637,1.0
0.657267,1.0
0.589283,1.0
0.660047,0.0
0.65968,1.0
0.65602,0.0
0.590729,1.0
0.584435,0.0
0.656895,1.0
0.578374,0.0
0.588262,1.0
0.593812,0.0
0.561309,0.0
0.564558,1.0
0.579795,1.0
0.575198,1.0
0.656042,1.0
0.577249,0.0
0.658327,1.0
0.662829,1.0
0.73475,1.0
0.592806,1.0
0.734297,1.0
0.607182,1.0
0.574695,1.0
0.744242,1.0
0.322388,1.0
0.593394,1.0
0.32238,0.0
0.744583,1.0
0.592798,1.0
0.342996,0.0
0.565592,0.0
0.575066,1.0
0.322549,0.0
0.326222,1.0
0.591505,1.0
0.744493,1.0
0.57305,0.0
0.571813,1.0
0.322607,0.0
0.593718,1.0
0.575048,1.0
0.343764,1.0
0.733949,0.0
0.721777,1.0
0.745716,1.0
0.34266,1.0
0.566,0.0
0.323023,1.0
0.740545,1.0
0.568795,0.0
0.566251,0.0
0.33087,1.0
0.739558,0.0
0.326726,0.0
0.593757,1.0
0.322115,0.0
0.571684,0.0
0.732143,1.0
0.324851,0.0
0.568833,0.0
0.56833,0.0
0.321704,0.0
0.732688,1.0
0.592799,1.0
0.592327,1.0
0.567001,0.0
0.592659,1.0
0.342955,0.0
0.732799,1.0
0.592376,1.0
0.322665,0.0
0.346066,1.0
0.347162,1.0
0.321888,0.0
0.738158,1.0
0.323086,0.0
0.594721,1.0
0.733082,1.0
0.743926,1.0
0.745378,1.0
0.327307,1.0
0.744796,1.0
0.592873,1.0
0.727095,0.0
0.592919,1.0
0.732812,1.0
0.56873,1.0
0.738953,1.0
0.733739,1.0
0.566342,0.0
0.592686,0.0
0.328102,0.0
0.574693,1.0
0.733198,1.0
0.74407,1.0
0.343705,0.0
0.744871,0.0
0.593602,1.0
0.321759,0.0
0.322258,0.0
0.729208,1.0
0.342757,0.0
0.327018,0.0
0.344116,0.0
0.732056,1.0
0.733765,0.0
0.322149,0.0
0.572858,0.0
0.729856,1.0
0.745134,1.0
0.592895,1.0
0.592737,1.0
0.586015,0.0
0.574752,0.0
0.321807,0.0
0.572836,1.0
0.322933,0.0
0.329692,1.0
0.744057,1.0
0.60254,1.0
0.744358,1.0
0.606259,1.0
0.594272,1.0
0.747336,1.0
0.384534,0.0
0.599378,0.0
0.362982,0.0
0.748236,1.0
0.599114,1.0
0.360032,0.0
0.551099,0.0
0.594417,1.0
0.362878,0.0
0.385306,1.0
0.599368,1.0
0.747138,1.0
0.554315,1.0
0.593991,1.0
0.362453,0.0
0.599397,1.0
0.594281,0.0
0.380988,0.0
0.726052,1.0
0.738347,1.0
0.749482,1.0
0.384669,1.0
0.551489,0.0
0.383903,1.0
0.744618,1.0
0.55376,1.0
0.549806,0.0
0.381299,1.0
0.727396,1.0
0.357891,0.0
0.599631,1.0
0.363683,0.0
0.554179,1.0
0.742153,1.0
0.359348,0.0
0.553797,1.0
0.552176,1.0
0.364383,0.0
0.742039,1.0
0.599115,1.0
0.602261,1.0
0.552452,0.0
0.599054,1.0
0.357591,0.0
0.742274,1.0
0.6023,1.0
0.364353,0.0
0.385577,0.0
0.377033,0.0
0.363939,1.0
0.743654,1.0
0.363563,1.0
0.600013,1.0
0.74226,1.0
0.746768,1.0
0.748403,1.0
0.381022,1.0
0.74794,1.0
0.599127,1.0
0.725153,1.0
0.599261,1.0
0.74279,1.0
0.59262,1.0
0.742987,1.0
0.742939,1.0
0.551818,0.0
0.561092,1.0
0.361336,1.0
0.594266,1.0
0.743552,1.0
0.747113,1.0
0.355836,0.0
0.729125,1.0
0.599543,1.0
0.366073,1.0
0.363206,0.0
0.74154,1.0
0.358557,1.0
0.361323,0.0
0.356826,1.0
0.74192,1.0
0.726939,1.0
0.363403,0.0
0.553896,0.0
0.740726,1.0
0.749204,1.0
0.60259,1.0
0.599092,1.0
0.559783,1.0
0.556972,1.0
0.364121,1.0
0.59641,1.0
0.362059,1.0
0.381559,0.0
0.844488,1.0
0.425221,0.0
0.829923,1.0
0.428179,1.0
0.425712,0.0
0.810303,0.0
0.890176,1.0
0.399511,0.0
0.895951,1.0
0.79085,1.0
0.415958,1.0
0.877829,1.0
0.419999,1.0
0.424909,0.0
0.895544,1.0
0.901969,1.0
0.423293,0.0
0.814625,1.0
0.431567,1.0
0.435994,1.0
0.894213,1.0
0.41489,1.0
0.407438,1.0
0.85195,0.0
0.848772,1.0
0.882368,1.0
0.778621,1.0
0.887135,1.0
0.418226,0.0
0.895527,1.0
0.832046,1.0
0.425201,1.0
0.43116,0.0
0.8755,0.0
0.851326,1.0
0.877255,1.0
0.417767,0.0
0.898212,1.0
0.427222,0.0
0.855921,1.0
0.88307,1.0
0.425029,1.0
0.43577,0.0
0.900515,1.0
0.855277,1.0
0.415959,0.0
0.424462,0.0
0.413941,1.0
0.41588,1.0
0.868701,1.0
0.854705,0.0
0.424653,1.0
0.900241,1.0
0.881611,1.0
0.820661,1.0
0.907769,0.0
0.839092,1.0
0.906363,1.0
0.417669,1.0
0.853289,1.0
0.818896,1.0
0.799033,1.0
0.875916,1.0
0.805825,1.0
0.415713,0.0
0.866603,1.0
0.417272,1.0
0.854263,1.0
0.435323,0.0
0.849431,1.0
0.85049,1.0
0.416725,0.0
0.42781,1.0
0.898084,1.0
0.425689,0.0
0.838872,0.0
0.809438,1.0
0.861611,1.0
0.81853,1.0
0.417353,0.0
0.914026,1.0
0.896711,1.0
0.857706,0.0
0.882129,1.0
0.889253,1.0
0.875341,1.0
0.853512,1.0
0.863322,1.0
0.897361,1.0
0.418492,0.0
0.867033,1.0
0.779083,1.0
0.425343,1.0
0.415988,0.0
0.414502,0.0
0.415786,0.0
0.908327,1.0
0.443766,1.0
0.901789,1.0
0.867876,1.0
0.620278,1.0
0.601517,1.0
0.62001,0.0
0.585218,1.0
0.600552,1.0
0.620741,1.0
0.568046,0.0
0.602934,1.0
0.569206,0.0
0.616033,1.0
0.586295,1.0
0.566015,1.0
0.579675,1.0
0.60068,0.0
0.569138,0.0
0.568507,1.0
0.601362,0.0
0.617967,1.0
0.581304,1.0
0.582549,1.0
0.56891,0.0
0.586507,1.0
0.584663,1.0
0.564375,1.0
0.624824,0.0
0.625367,1.0
0.614018,0.0
0.566063,1.0
0.597042,1.0
0.567463,1.0
0.620541,0.0
0.582093,1.0
0.594857,0.0
0.567358,0.0
0.622024,1.0
0.56592,1.0
0.602174,1.0
0.569586,0.0
0.598376,1.0
0.62299,1.0
0.566972,1.0
0.582124,0.0
0.597053,0.0
0.569972,1.0
0.624029,0.0
0.602365,1.0
0.601592,1.0
0.581029,1.0
0.586301,0.0
0.564302,1.0
0.626459,1.0
0.58533,0.0
0.569938,1.0
0.566491,0.0
0.553668,1.0
0.572478,0.0
0.622063,1.0
0.569301,1.0
0.586131,1.0
0.623927,0.0
0.618128,1.0
0.615992,1.0
0.564123,1.0
0.616114,0.0
0.6024,1.0
0.625155,1.0
0.586101,1.0
0.621629,1.0
0.599028,0.0
0.622714,1.0
0.622505,1.0
0.597336,1.0
0.582683,0.0
0.568027,1.0
0.600555,0.0
0.624078,0.0
0.617971,0.0
0.562936,1.0
0.618497,1.0
0.602222,1.0
0.570448,1.0
0.569334,1.0
0.625284,1.0
0.565396,0.0
0.568057,0.0
0.564233,0.0
0.624063,0.0
0.621625,1.0
0.569445,1.0
0.597674,1.0
0.624442,1.0
0.613863,0.0
0.585254,1.0
0.602358,1.0
0.600699,0.0
0.600255,1.0
0.569594,1.0
0.581607,1.0
0.568596,0.0
0.563899,1.0
0.847484,1.0
0.329062,1.0
0.833329,0.0
0.421326,0.0
0.336559,0.0
0.812827,1.0
0.881811,1.0
0.33108,0.0
0.888087,1.0
0.799662,1.0
0.42395,0.0
0.873392,1.0
0.463476,1.0
0.33263,0.0
0.887759,1.0
0.899113,0.0
0.328684,0.0
0.821624,1.0
0.450776,1.0
0.442273,1.0
0.886677,1.0
0.422814,1.0
0.434813,0.0
0.844151,1.0
0.851257,1.0
0.876773,0.0
0.785888,1.0
0.887153,0.0
0.354344,1.0
0.894136,1.0
0.835018,0.0
0.45007,0.0
0.355075,1.0
0.873374,0.0
0.854325,0.0
0.873218,0.0
0.330157,0.0
0.889914,1.0
0.347598,1.0
0.856794,1.0
0.878083,1.0
0.445792,1.0
0.346665,0.0
0.892317,1.0
0.854756,1.0
0.330137,0.0
0.329134,0.0
0.456691,0.0
0.419863,1.0
0.865579,0.0
0.85169,1.0
0.420689,0.0
0.892075,1.0
0.874158,1.0
0.818747,1.0
0.901207,0.0
0.842803,1.0
0.90372,1.0
0.423783,1.0
0.853157,1.0
0.825408,1.0
0.807319,1.0
0.878109,1.0
0.811693,1.0
0.330045,0.0
0.86626,1.0
0.424592,0.0
0.855457,1.0
0.337742,0.0
0.851452,1.0
0.852512,1.0
0.353434,0.0
0.436601,0.0
0.897479,1.0
0.333026,0.0
0.836303,0.0
0.814998,1.0
0.859385,1.0
0.827363,1.0
0.330105,1.0
0.909295,1.0
0.88927,1.0
0.85342,0.0
0.884186,1.0
0.88257,1.0
0.878605,1.0
0.853187,1.0
0.863221,1.0
0.889794,1.0
0.349401,1.0
0.865537,1.0
0.786415,1.0
0.424838,0.0
0.330172,1.0
0.33618,0.0
0.341959,0.0
0.905178,1.0
0.442977,1.0
0.899807,1.0
0.863089,1.0
0.621397,1.0
0.600612,1.0
0.624488,0.0
0.600849,1.0
0.61341,0.0
0.618971,1.0
0.56644,1.0
0.613097,0.0
0.567362,0.0
0.618842,1.0
0.600126,1.0
0.564988,1.0
0.573379,1.0
0.614167,0.0
0.567315,1.0
0.571643,1.0
0.61467,0.0
0.62013,1.0
0.577945,1.0
0.580325,0.0
0.567157,1.0
0.583841,1.0
0.596983,1.0
0.559984,1.0
0.625733,0.0
0.627793,0.0
0.617088,0.0
0.570078,1.0
0.595107,1.0
0.568046,1.0
0.624989,0.0
0.595015,1.0
0.595386,1.0
0.568301,1.0
0.62574,1.0
0.568117,1.0
0.614103,1.0
0.567625,1.0
0.597316,1.0
0.623678,1.0
0.565702,1.0
0.578401,1.0
0.612246,0.0
0.567786,1.0
0.624692,0.0
0.614067,1.0
0.61439,1.0
0.592105,1.0
0.584318,1.0
0.56698,1.0
0.623786,0.0
0.600837,0.0
0.567761,1.0
0.565284,1.0
0.555151,1.0
0.572111,1.0
0.623281,1.0
0.569357,0.0
0.583707,1.0
0.624666,0.0
0.620131,1.0
0.618638,1.0
0.565716,1.0
0.618394,1.0
0.614074,1.0
0.625324,1.0
0.60004,1.0
0.622402,0.0
0.61373,0.0
0.623632,1.0
0.623424,1.0
0.609939,0.0
0.597494,0.0
0.568518,1.0
0.614132,1.0
0.624647,0.0
0.620122,1.0
0.562721,1.0
0.620494,1.0
0.600242,1.0
0.570093,0.0
0.567351,1.0
0.625368,1.0
0.566802,0.0
0.566554,1.0
0.565974,1.0
0.62473,0.0
0.621886,1.0
0.567427,1.0
0.596017,1.0
0.624726,1.0
0.616845,0.0
0.600183,1.0
0.600199,1.0
0.613293,0.0
0.612278,1.0
0.569549,1.0
0.580378,1.0
0.569014,0.0
0.563331,1.0
0.496195,0.0
0.535445,1.0
0.501637,0.0
0.536598,0.0
0.531478,1.0
0.501446,1.0
0.504869,1.0
0.531533,1.0
0.506057,0.0
0.503654,1.0
0.53694,0.0
0.505938,0.0
0.541956,0.0
0.531162,0.0
0.504112,1.0
0.503373,1.0
0.531027,1.0
0.49986,0.0
0.541766,1.0
0.540468,0.0
0.504245,0.0
0.540219,0.0
0.537966,0.0
0.509762,1.0
0.498857,1.0
0.495733,1.0
0.506464,0.0
0.504874,0.0
0.536758,1.0
0.503348,0.0
0.501259,1.0
0.538896,1.0
0.53655,1.0
0.506749,1.0
0.497411,0.0
0.506515,1.0
0.532368,1.0
0.503844,0.0
0.536305,1.0
0.495573,1.0
0.50529,1.0
0.541123,0.0
0.531657,0.0
0.503489,1.0
0.497563,1.0
0.53238,1.0
0.532282,1.0
0.539774,0.0
0.539746,0.0
0.507514,1.0
0.49814,1.0
0.535169,0.0
0.503575,0.0
0.505918,0.0
0.512885,0.0
0.503224,1.0
0.498082,1.0
0.504216,1.0
0.540266,1.0
0.497812,0.0
0.499311,1.0
0.501873,0.0
0.505331,1.0
0.500884,0.0
0.532378,0.0
0.495573,0.0
0.536967,0.0
0.496795,1.0
0.53127,1.0
0.496388,1.0
0.49598,0.0
0.532429,1.0
0.536248,1.0
0.502966,1.0
0.532252,0.0
0.501479,0.0
0.501148,1.0
0.507662,1.0
0.499373,0.0
0.535537,0.0
0.503547,1.0
0.503869,1.0
0.497967,1.0
0.506623,1.0
0.50478,1.0
0.505368,0.0
0.498226,0.0
0.495342,1.0
0.503802,0.0
0.536516,1.0
0.494446,0.0
0.506455,0.0
0.536879,1.0
0.535548,0.0
0.531392,0.0
0.532875,0.0
0.501965,1.0
0.541346,1.0
0.504724,0.0
0.507176,0.0
0.538402,0.0
0.537082,1.0
0.537503,1.0
0.534967,0.0
0.532839,0.0
0.539879,1.0
0.540613,1.0
0.533016,1.0
0.536722,0.0
0.539801,1.0
0.535226,0.0
0.535687,1.0
0.542909,1.0
0.532565,1.0
0.540933,1.0
0.541302,1.0
0.532599,1.0
0.537027,1.0
0.542816,0.0
0.541062,0.0
0.536591,0.0
0.540733,1.0
0.536119,0.0
0.538238,1.0
0.544135,1.0
0.543615,1.0
0.534228,0.0
0.536312,0.0
0.538289,1.0
0.53715,0.0
0.541282,1.0
0.536599,1.0
0.53808,1.0
0.539772,1.0
0.539011,0.0
0.539837,1.0
0.5331,1.0
0.53681,0.0
0.537753,1.0
0.543079,1.0
0.540439,1.0
0.541824,1.0
0.532783,1.0
0.541199,1.0
0.543481,1.0
0.533112,0.0
0.533035,1.0
0.537538,1.0
0.540308,0.0
0.539372,1.0
0.542925,1.0
0.534405,1.0
0.536995,0.0
0.535708,1.0
0.530986,1.0
0.541332,0.0
0.54277,1.0
0.54184,1.0
0.541099,0.0
0.540025,1.0
0.540715,0.0
0.535859,0.0
0.540462,0.0
0.535829,0.0
0.533002,0.0
0.541041,0.0
0.535234,0.0
0.54214,1.0
0.532666,1.0
0.543022,1.0
0.539571,0.0
0.533454,1.0
0.535174,1.0
0.541483,1.0
0.532869,0.0
0.53763,0.0
0.540601,1.0
0.539333,1.0
0.537435,0.0
0.536933,0.0
0.542105,1.0
0.541041,1.0
0.54194,1.0
0.540821,1.0
0.540657,1.0
0.536059,0.0
0.540107,1.0
0.542078,1.0
0.53684,1.0
0.538084,1.0
0.540586,0.0
0.534191,0.0
0.535268,1.0
0.536945,1.0
0.532721,0.0
0.533261,0.0
0.541853,1.0
0.541981,1.0
0.537518,1.0
0.534899,0.0
0.876323,1.0
0.409258,1.0
0.858696,0.0
0.37193,1.0
0.368807,1.0
0.850524,1.0
0.900095,1.0
0.37635,0.0
0.907624,1.0
0.842979,1.0
0.373392,1.0
0.897887,1.0
0.524839,1.0
0.369418,1.0
0.903022,1.0
0.906077,1.0
0.373578,1.0
0.858258,1.0
0.469486,1.0
0.435921,1.0
0.907692,1.0
0.43768,1.0
0.379305,0.0
0.877785,0.0
0.871865,1.0
0.879476,1.0
0.838833,1.0
0.905527,1.0
0.420483,1.0
0.911417,1.0
0.858912,1.0
0.389691,1.0
0.418326,1.0
0.892083,0.0
0.875244,0.0
0.892775,1.0
0.377592,0.0
0.909189,1.0
0.414375,1.0
0.87525,1.0
0.898467,1.0
0.459078,0.0
0.369852,1.0
0.905422,1.0
0.873705,1.0
0.372005,0.0
0.377205,1.0
0.393513,1.0
0.427972,1.0
0.888368,0.0
0.871312,1.0
0.373431,0.0
0.910397,1.0
0.898021,1.0
0.862773,1.0
0.909757,1.0
0.868215,1.0
0.909861,1.0
0.440343,0.0
0.874078,1.0
0.863963,1.0
0.854336,1.0
0.902047,1.0
0.857077,1.0
0.367591,0.0
0.883998,1.0
0.373358,0.0
0.87355,1.0
0.373335,0.0
0.872844,1.0
0.879094,1.0
0.377744,0.0
0.381238,0.0
0.90785,1.0
0.366606,0.0
0.864036,1.0
0.853112,1.0
0.888168,1.0
0.865853,1.0
0.398467,0.0
0.912205,1.0
0.903994,1.0
0.868199,1.0
0.900631,1.0
0.900486,1.0
0.903902,1.0
0.873644,1.0
0.87658,1.0
0.906018,1.0
0.418593,1.0
0.884757,1.0
0.838863,1.0
0.383335,0.0
0.404154,0.0
0.364628,1.0
0.368492,0.0
0.911198,1.0
0.453655,0.0
0.909643,1.0
0.895799,1.0
0.512932,1.0
0.512932,1.0
0.512932,1.0
0.512932,0.0
0.512932,1.0
0.512932,0.0
0.512932,0.0
0.512932,1.0
0.512932,1.0
0.512932,0.0
0.512932,1.0
0.512932,0.0
0.512932,1.0
0.512932,0.0
0.512932,0.0
0.512932,0.0
0.512932,1.0
0.512932,0.0
0.512932,0.0
0.512932,0.0
0.512932,1.0
0.512932,1.0
0.512932,1.0
0.512932,1.0
0.512932,0.0
0.512932,0.0
0.512932,0.0
0.512932,0.0
0.512932,0.0
0.512932,0.0
0.512932,0.0
0.512932,1.0
0.512932,0.0
0.512932,1.0
0.512932,0.0
0.512932,0.0
0.512932,0.0
0.512932,1.0
0.512932,0.0
0.512932,0.0
0.512932,1.0
0.512932,1.0
0.512932,0.0
0.512932,0.0
0.512932,1.0
0.512932,1.0
0.512932,0.0
0.512932,1.0
0.512932,0.0
0.512932,0.0
0.512932,0.0
0.512932,1.0
0.512932,1.0
0.512932,0.0
0.512932,1.0
0.512932,0.0
0.512932,1.0
0.512932,0.0
0.512932,0.0
0.512932,1.0
0.512932,1.0
0.512932,1.0
0.512932,1.0
0.512932,0.0
0.512932,1.0
0.512932,0.0
0.512932,1.0
0.512932,0.0
0.512932,1.0
0.512932,1.0
0.512932,1.0
0.512932,1.0
0.512932,0.0
0.512932,0.0
0.512932,1.0
0.512932,0.0
0.512932,0.0
0.512932,0.0
0.512932,0.0
0.512932,1.0
0.512932,0.0
0.512932,0.0
0.512932,1.0
0.512932,0.0
0.512932,0.0
0.512932,0.0
0.512932,0.0
0.512932,0.0
0.512932,0.0
0.512932,0.0
0.512932,0.0
0.512932,1.0
0.512932,1.0
0.512932,1.0
0.512932,1.0
0.512932,0.0
0.512932,1.0
0.512932,0.0
0.512932,0.0
0.512932,0.0
0.518569,1.0
0.518569,1.0
0.518569,0.0
0.493895,0.0
0.518569,1.0
0.493895,1.0
0.493895,1.0
0.518569,0.0
0.518569,0.0
0.493895,1.0
0.518569,1.0
0.493895,0.0
0.518569,0.0
0.493895,0.0
0.493895,0.0
0.493895,0.0
0.518569,1.0
0.493895,1.0
0.493895,0.0
0.493895,1.0
0.518569,0.0
0.518569,1.0
0.518569,0.0
0.518569,1.0
0.493895,1.0
0.493895,0.0
0.493895,1.0
0.493895,0.0
0.493895,1.0
0.493895,0.0
0.493895,0.0
0.518569,0.0
0.493895,0.0
0.518569,1.0
0.493895,0.0
0.493895,0.0
0.493895,0.0
0.518569,1.0
0.493895,0.0
0.493895,0.0
0.518569,0.0
0.518569,1.0
0.493895,0.0
0.493895,0.0
0.518569,0.0
0.518569,0.0
0.493895,0.0
0.518569,1.0
0.493895,0.0
0.493895,0.0
0.493895,0.0
0.518569,1.0
0.518569,1.0
0.493895,0.0
0.518569,1.0
0.493895,0.0
0.518569,1.0
0.493895,0.0
0.493895,0.0
0.518569,1.0
0.518569,1.0
0.518569,1.0
0.518569,1.0
0.493895,0.0
0.518569,1.0
0.493895,1.0
0.518569,1.0
0.493895,1.0
0.518569,0.0
0.518569,1.0
0.518569,0.0
0.518569,0.0
0.493895,0.0
0.493895,1.0
0.518569,1.0
0.493895,0.0
0.493895,0.0
0.493895,0.0
0.493895,0.0
0.518569,0.0
0.493895,0.0
0.493895,1.0
0.518569,1.0
0.493895,0.0
0.493895,0.0
0.493895,0.0
0.493895,0.0
0.493895,0.0
0.493895,0.0
0.493895,0.0
0.493895,0.0
0.518569,0.0
0.518569,1.0
0.518569,1.0
0.518569,1.0
0.493895,0.0
0.518569,1.0
0.493895,0.0
0.493895,0.0
0.493895,0.0
0.499922,1.0
0.499922,1.0
0.521149,1.0
0.532489,0.0
0.499922,0.0
0.511904,1.0
0.511904,1.0
0.521149,1.0
0.521149,1.0
0.511904,1.0
0.499922,1.0
0.532489,0.0
0.521149,0.0
0.532489,1.0
0.532489,1.0
0.532489,1.0
0.499922,1.0
0.511904,1.0
0.532489,1.0
0.511904,0.0
0.521149,1.0
0.499922,1.0
0.521149,1.0
0.499922,1.0
0.511904,1.0
0.532489,1.0
0.511904,0.0
0.532489,1.0
0.511904,1.0
0.532489,0.0
0.532489,1.0
0.521149,0.0
0.532489,1.0
0.499922,1.0
0.532489,1.0
0.532489,1.0
0.532489,1.0
0.499922,1.0
0.532489,0.0
0.532489,0.0
0.521149,1.0
0.499922,0.0
0.532489,0.0
0.532489,0.0
0.521149,1.0
0.521149,1.0
0.532489,1.0
0.499922,1.0
0.532489,1.0
0.532489,0.0
0.532489,0.0
0.499922,1.0
0.499922,0.0
0.532489,1.0
0.499922,1.0
0.532489,0.0
0.499922,1.0
0.532489,0.0
0.532489,0.0
0.499922,1.0
0.499922,0.0
0.499922,0.0
0.499922,0.0
0.532489,1.0
0.499922,1.0
0.511904,0.0
0.499922,1.0
0.511904,1.0
0.521149,1.0
0.499922,1.0
0.521149,1.0
0.521149,1.0
0.532489,1.0
0.511904,0.0
0.499922,1.0
0.532489,1.0
0.532489,1.0
0.532489,0.0
0.532489,1.0
0.521149,1.0
0.532489,0.0
0.511904,1.0
0.499922,1.0
0.532489,1.0
0.532489,0.0
0.532489,1.0
0.532489,1.0
0.532489,1.0
0.532489,1.0
0.532489,1.0
0.532489,1.0
0.521149,1.0
0.499922,0.0
0.499922,1.0
0.499922,1.0
0.532489,1.0
0.499922,1.0
0.532489,1.0
0.532489,1.0
0.532489,1.0
0.564084,0.0
0.564084,1.0
0.560397,1.0
0.576364,0.0
0.581833,0.0
0.562203,1.0
0.562203,1.0
0.560397,0.0
0.560397,1.0
0.562203,1.0
0.564084,1.0
0.576364,1.0
0.578189,1.0
0.558531,0.0
0.558531,1.0
0.558531,1.0
0.564084,0.0
0.562203,0.0
0.558531,0.0
0.580036,0.0
0.560397,1.0
0.564084,0.0
0.560397,0.0
0.564084,0.0
0.562203,0.0
0.558531,1.0
0.580036,0.0
0.558531,1.0
0.562203,0.0
0.576364,1.0
0.558531,0.0
0.578189,0.0
0.558531,1.0
0.564084,1.0
0.558531,1.0
0.558531,1.0
0.558531,1.0
0.564084,0.0
0.576364,0.0
0.576364,0.0
0.560397,0.0
0.581833,1.0
0.576364,1.0
0.576364,1.0
0.560397,1.0
0.560397,1.0
0.558531,0.0
0.564084,1.0
0.558531,1.0
0.576364,0.0
0.576364,0.0
0.564084,1.0
0.581833,1.0
0.558531,0.0
0.564084,1.0
0.576364,1.0
0.564084,1.0
0.576364,1.0
0.576364,1.0
0.564084,0.0
0.581833,0.0
0.581833,0.0
0.581833,1.0
0.558531,0.0
0.564084,0.0
0.580036,1.0
0.564084,1.0
0.562203,1.0
0.560397,1.0
0.564084,0.0
0.560397,1.0
0.560397,0.0
0.558531,1.0
0.580036,0.0
0.564084,0.0
0.558531,1.0
0.558531,1.0
0.576364,0.0
0.558531,0.0
0.560397,1.0
0.576364,1.0
0.562203,0.0
0.564084,1.0
0.558531,0.0
0.576364,0.0
0.558531,1.0
0.558531,1.0
0.558531,1.0
0.558531,1.0
0.558531,1.0
0.558531,1.0
0.560397,1.0
0.581833,1.0
0.564084,1.0
0.564084,1.0
0.558531,1.0
0.564084,0.0
0.558531,1.0
0.558531,1.0
0.558531,1.0
0.54289,0.0
0.543453,1.0
0.544676,1.0
0.543231,1.0
0.541606,0.0
0.544438,1.0
0.544438,1.0
0.544127,1.0
0.544676,1.0
0.544438,1.0
0.543453,0.0
0.544227,1.0
0.543769,1.0
0.545091,1.0
0.54565,1.0
0.54565,0.0
0.54289,1.0
0.543864,0.0
0.545091,0.0
0.542024,0.0
0.544676,1.0
0.54289,0.0
0.544127,1.0
0.54289,0.0
0.543864,1.0
0.54565,0.0
0.542024,1.0
0.54565,1.0
0.543864,1.0
0.544227,1.0
0.545091,1.0
0.542794,1.0
0.54565,1.0
0.543453,0.0
0.54565,0.0
0.54565,1.0
0.54565,1.0
0.54289,1.0
0.543231,0.0
0.543231,0.0
0.544127,1.0
0.542573,0.0
0.544227,1.0
0.544227,1.0
0.544676,1.0
0.544676,0.0
0.545091,1.0
0.543453,1.0
0.54565,0.0
0.543231,0.0
0.543231,1.0
0.543453,0.0
0.542573,0.0
0.545091,0.0
0.543453,1.0
0.544227,1.0
0.543453,1.0
0.544227,1.0
0.544227,1.0
0.54289,0.0
0.541606,1.0
0.541606,1.0
0.542573,1.0
0.545091,1.0
0.54289,1.0
0.543012,1.0
0.543453,0.0
0.544438,1.0
0.544676,0.0
0.54289,1.0
0.544676,1.0
0.544127,1.0
0.54565,1.0
0.542024,0.0
0.54289,1.0
0.54565,1.0
0.54565,0.0
0.543231,1.0
0.545091,1.0
0.544676,0.0
0.544227,0.0
0.543864,1.0
0.543453,1.0
0.545091,1.0
0.543231,0.0
0.54565,0.0
0.54565,0.0
0.54565,1.0
0.54565,1.0
0.54565,1.0
0.54565,1.0
0.544676,1.0
0.542573,0.0
0.543453,1.0
0.543453,0.0
0.54565,1.0
0.54289,0.0
0.54565,1.0
0.54565,1.0
0.54565,1.0
0.556741,0.0
0.561355,1.0
0.560037,0.0
0.593204,0.0
0.590347,0.0
0.561874,1.0
0.561874,1.0
0.558238,1.0
0.560037,1.0
0.561874,1.0
0.558431,1.0
0.592213,1.0
0.590604,1.0
0.559029,1.0
0.560573,1.0
0.557866,1.0
0.559573,0.0
0.557709,0.0
0.556417,0.0
0.592076,1.0
0.560037,1.0
0.556741,1.0
0.558238,0.0
0.556741,1.0
0.560345,0.0
0.557866,1.0
0.592366,1.0
0.560573,0.0
0.560345,1.0
0.592213,1.0
0.559029,1.0
0.591543,1.0
0.560573,0.0
0.558431,1.0
0.557866,1.0
0.560573,1.0
0.560573,1.0
0.559573,1.0
0.592976,1.0
0.592976,0.0
0.558238,1.0
0.589411,0.0
0.592213,0.0
0.592213,1.0
0.560037,1.0
0.557136,1.0
0.559029,0.0
0.561355,1.0
0.557866,1.0
0.592976,0.0
0.593204,0.0
0.558431,1.0
0.589411,0.0
0.556417,0.0
0.561355,0.0
0.592213,0.0
0.561355,0.0
0.592213,1.0
0.592213,1.0
0.556741,1.0
0.59074,0.0
0.59074,0.0
0.589872,1.0
0.559029,0.0
0.559573,1.0
0.591435,1.0
0.558431,1.0
0.561874,1.0
0.557136,1.0
0.559573,0.0
0.560037,1.0
0.558238,1.0
0.560573,0.0
0.592076,0.0
0.559573,0.0
0.560573,1.0
0.557866,1.0
0.593204,0.0
0.559029,1.0
0.557136,1.0
0.591923,1.0
0.560345,0.0
0.561355,1.0
0.559029,0.0
0.592976,0.0
0.557866,1.0
0.557866,1.0
0.560573,1.0
0.560573,0.0
0.560573,1.0
0.560573,1.0
0.560037,1.0
0.589411,0.0
0.561355,1.0
0.558431,0.0
0.560573,1.0
0.556741,1.0
0.560573,1.0
0.560573,1.0
0.560573,1.0
0.560491,1.0
0.576764,0.0
0.570069,0.0
0.578072,1.0
0.577314,0.0
0.578497,0.0
0.578497,1.0
0.571417,0.0
0.577822,0.0
0.578497,1.0
0.573481,1.0
0.579975,0.0
0.579918,0.0
0.573831,1.0
0.579548,1.0
0.576448,1.0
0.562798,1.0
0.563825,0.0
0.564858,0.0
0.579351,1.0
0.577822,1.0
0.567784,1.0
0.563895,1.0
0.567784,1.0
0.565871,0.0
0.576448,0.0
0.579585,1.0
0.572403,1.0
0.572886,0.0
0.579975,1.0
0.573831,1.0
0.579714,1.0
0.572403,0.0
0.573481,0.0
0.576448,0.0
0.579548,1.0
0.579548,1.0
0.570444,1.0
0.579634,0.0
0.578026,0.0
0.571417,0.0
0.577356,1.0
0.578103,1.0
0.579975,1.0
0.577822,1.0
0.574498,1.0
0.56695,0.0
0.576764,1.0
0.576448,1.0
0.578026,0.0
0.578072,0.0
0.573481,0.0
0.577356,0.0
0.564858,0.0
0.568886,1.0
0.578103,1.0
0.568886,0.0
0.579975,1.0
0.579975,0.0
0.567784,0.0
0.577438,1.0
0.577438,1.0
0.579748,1.0
0.56695,0.0
0.570444,0.0
0.579776,0.0
0.573481,1.0
0.578497,1.0
0.574498,1.0
0.562798,1.0
0.577822,1.0
0.571417,0.0
0.572403,1.0
0.577617,1.0
0.562798,1.0
0.579548,1.0
0.576448,0.0
0.578072,1.0
0.573831,1.0
0.574498,0.0
0.579737,1.0
0.565871,1.0
0.576764,0.0
0.56695,0.0
0.578026,1.0
0.576448,1.0
0.576448,0.0
0.579548,1.0
0.572403,0.0
0.579548,0.0
0.579548,0.0
0.577822,1.0
0.577356,0.0
0.576764,1.0
0.565903,1.0
0.579548,1.0
0.567784,0.0
0.579548,1.0
0.579548,0.0
0.579548,1.0
0.587066,1.0
0.535311,0.0
0.528127,0.0
0.593989,1.0
0.560933,0.0
0.539936,0.0
0.605897,1.0
0.530408,1.0
0.53747,0.0
0.605897,1.0
0.601051,1.0
0.561044,0.0
0.560279,0.0
0.600596,1.0
0.606585,1.0
0.602951,1.0
0.589325,1.0
0.527691,0.0
0.530032,1.0
0.594554,1.0
0.605941,1.0
0.594747,1.0
0.590527,1.0
0.594747,1.0
0.527268,1.0
0.539783,0.0
0.595046,1.0
0.598951,1.0
0.534381,1.0
0.595118,1.0
0.600596,1.0
0.595167,1.0
0.533963,0.0
0.532637,0.0
0.539783,0.0
0.606585,1.0
0.606585,1.0
0.597795,1.0
0.562045,1.0
0.56248,0.0
0.530408,0.0
0.594592,1.0
0.594353,1.0
0.595118,0.0
0.605941,1.0
0.601888,1.0
0.529633,1.0
0.605081,1.0
0.602951,1.0
0.56248,1.0
0.561849,1.0
0.532637,1.0
0.560463,1.0
0.530032,0.0
0.596118,1.0
0.594353,1.0
0.525726,1.0
0.595118,1.0
0.561044,0.0
0.526956,1.0
0.594665,1.0
0.594665,1.0
0.596012,1.0
0.529633,1.0
0.52822,0.0
0.56025,1.0
0.601051,1.0
0.605897,1.0
0.601888,1.0
0.589325,1.0
0.605941,1.0
0.530408,1.0
0.598951,1.0
0.593851,1.0
0.589325,1.0
0.606585,1.0
0.539783,0.0
0.593989,1.0
0.600596,1.0
0.53478,0.0
0.594632,1.0
0.592642,1.0
0.535311,0.0
0.529633,1.0
0.593601,0.0
0.602951,1.0
0.539783,1.0
0.606585,1.0
0.533963,1.0
0.541974,1.0
0.541974,0.0
0.605941,1.0
0.560463,0.0
0.605081,1.0
0.592671,1.0
0.606585,1.0
0.526956,0.0
0.606585,1.0
0.541974,1.0
0.606585,1.0
0.498917,1.0
0.52723,1.0
0.514403,0.0
0.585634,0.0
0.608396,1.0
0.50739,1.0
0.499268,0.0
0.510417,1.0
0.517907,1.0
0.499268,0.0
0.507342,1.0
0.605951,0.0
0.60265,1.0
0.488334,0.0
0.491219,0.0
0.484064,0.0
0.509242,1.0
0.497498,0.0
0.491854,1.0
0.582047,0.0
0.509584,0.0
0.502291,0.0
0.500698,0.0
0.502291,1.0
0.498888,0.0
0.493135,0.0
0.579023,1.0
0.488106,1.0
0.50137,0.0
0.579926,1.0
0.488334,0.0
0.578856,1.0
0.496631,1.0
0.515851,1.0
0.493135,0.0
0.491219,0.0
0.491219,0.0
0.512742,1.0
0.599578,0.0
0.6138,1.0
0.512749,0.0
0.580338,0.0
0.583554,0.0
0.592404,1.0
0.509584,1.0
0.498813,1.0
0.493064,0.0
0.518202,0.0
0.484064,0.0
0.602695,0.0
0.60024,0.0
0.513517,1.0
0.595407,1.0
0.494973,0.0
0.514818,1.0
0.583554,0.0
0.521599,1.0
0.579926,0.0
0.605951,0.0
0.508574,1.0
0.579309,1.0
0.579309,1.0
0.57293,1.0
0.493064,0.0
0.521731,1.0
0.592022,1.0
0.507342,1.0
0.499268,0.0
0.498813,0.0
0.509242,1.0
0.509584,0.0
0.510417,0.0
0.488106,0.0
0.585574,0.0
0.509242,1.0
0.491219,0.0
0.493135,0.0
0.585634,1.0
0.488334,1.0
0.506886,1.0
0.582929,0.0
0.492351,1.0
0.52723,1.0
0.493064,1.0
0.600928,1.0
0.484064,0.0
0.490502,1.0
0.491219,0.0
0.494183,0.0
0.496817,0.0
0.499229,0.0
0.509584,0.0
0.606326,1.0
0.518202,1.0
0.503757,1.0
0.491219,0.0
0.510938,1.0
0.491219,0.0
0.496817,1.0
0.491219,0.0
0.670771,1.0
0.750893,1.0
0.742552,1.0
0.411332,0.0
0.376714,1.0
0.724929,1.0
0.662811,1.0
0.711443,1.0
0.744323,1.0
0.662811,1.0
0.677226,0.0
0.404853,1.0
0.382419,0.0
0.639069,1.0
0.650181,0.0
0.628024,1.0
0.685637,1.0
0.678818,1.0
0.631799,1.0
0.414952,0.0
0.680171,1.0
0.673166,1.0
0.676683,1.0
0.671552,1.0
0.687357,1.0
0.683363,1.0
0.390311,0.0
0.642262,0.0
0.68902,0.0
0.38915,0.0
0.639069,0.0
0.390124,0.0
0.706531,1.0
0.742874,1.0
0.683363,1.0
0.650181,1.0
0.650181,1.0
0.684337,1.0
0.410822,0.0
0.371902,0.0
0.7378,1.0
0.415171,1.0
0.412684,0.0
0.379957,0.0
0.67959,0.0
0.666893,0.0
0.670078,1.0
0.68662,1.0
0.628024,0.0
0.407293,1.0
0.409609,0.0
0.712181,1.0
0.387432,0.0
0.6523,1.0
0.688685,0.0
0.412684,1.0
0.722414,1.0
0.416251,0.0
0.404853,1.0
0.70927,1.0
0.389298,0.0
0.389298,0.0
0.394841,0.0
0.670078,1.0
0.749626,0.0
0.391559,1.0
0.677226,1.0
0.662811,1.0
0.668964,1.0
0.685637,1.0
0.680171,1.0
0.709077,1.0
0.647072,0.0
0.411482,1.0
0.685637,0.0
0.650181,1.0
0.683363,1.0
0.384402,0.0
0.633325,1.0
0.732762,0.0
0.41383,0.0
0.647098,1.0
0.750893,0.0
0.66769,1.0
0.3731,0.0
0.628024,0.0
0.659685,1.0
0.650181,1.0
0.682371,0.0
0.683274,0.0
0.708569,1.0
0.680171,1.0
0.378362,0.0
0.686909,1.0
0.677717,1.0
0.650181,1.0
0.737473,1.0
0.650181,0.0
0.682822,1.0
0.650181,1.0
0.685988,0.0
0.723948,0.0
0.740466,1.0
0.337349,0.0
0.406674,1.0
0.732127,1.0
0.678276,1.0
0.715778,1.0
0.726409,1.0
0.678276,0.0
0.644482,1.0
0.425562,1.0
0.332974,0.0
0.661313,0.0
0.616158,1.0
0.648694,1.0
0.688604,1.0
0.737519,0.0
0.687369,1.0
0.339197,0.0
0.68715,0.0
0.687942,1.0
0.690926,1.0
0.682519,0.0
0.721261,1.0
0.73445,1.0
0.326597,0.0
0.611493,0.0
0.678388,0.0
0.325946,0.0
0.603118,1.0
0.326415,0.0
0.737399,0.0
0.729429,1.0
0.73445,1.0
0.668629,1.0
0.668629,1.0
0.684411,1.0
0.341347,0.0
0.326349,0.0
0.741247,1.0
0.421895,0.0
0.337857,1.0
0.327502,0.0
0.644837,0.0
0.63553,1.0
0.712127,1.0
0.690035,1.0
0.585715,1.0
0.421186,0.0
0.340549,0.0
0.713887,1.0
0.329533,0.0
0.720567,1.0
0.653413,0.0
0.42042,0.0
0.716766,1.0
0.339652,0.0
0.425562,1.0
0.718621,1.0
0.325921,0.0
0.325921,1.0
0.328494,0.0
0.712127,1.0
0.711453,0.0
0.411186,0.0
0.681149,1.0
0.678276,1.0
0.682698,1.0
0.688604,1.0
0.68715,1.0
0.723102,0.0
0.613128,1.0
0.419828,0.0
0.653955,1.0
0.668629,1.0
0.73445,1.0
0.323794,0.0
0.657721,1.0
0.710182,1.0
0.338561,0.0
0.671618,1.0
0.707746,0.0
0.709871,1.0
0.323846,0.0
0.585715,0.0
0.69982,1.0
0.668629,1.0
0.671844,1.0
0.668932,0.0
0.739064,1.0
0.68715,1.0
0.33028,1.0
0.681621,1.0
0.684854,1.0
0.668629,1.0
0.734524,0.0
0.616158,0.0
0.706496,0.0
0.668629,1.0
0.677178,0.0
0.764498,0.0
0.76023,0.0
0.280177,0.0
0.44446,1.0
0.758513,0.0
0.692257,1.0
0.746636,1.0
0.769625,0.0
0.657635,0.0
0.697909,0.0
0.457176,0.0
0.287815,0.0
0.635637,0.0
0.66166,0.0
0.67078,0.0
0.712451,1.0
0.731895,0.0
0.727354,1.0
0.280492,0.0
0.670887,1.0
0.700481,0.0
0.702963,1.0
0.674269,0.0
0.735481,0.0
0.748209,1.0
0.27854,0.0
0.607307,0.0
0.697882,0.0
0.278365,0.0
0.645306,0.0
0.278446,0.0
0.737905,0.0
0.768187,1.0
0.748209,1.0
0.685612,1.0
0.685612,0.0
0.708791,0.0
0.283992,0.0
0.284991,0.0
0.758112,1.0
0.361552,0.0
0.347258,0.0
0.283562,0.0
0.664793,0.0
0.688836,0.0
0.732053,1.0
0.701472,1.0
0.617409,0.0
0.364366,0.0
0.283711,0.0
0.746382,1.0
0.282285,0.0
0.751597,1.0
0.677217,1.0
0.360909,0.0
0.755046,1.0
0.280421,0.0
0.457176,0.0
0.74708,1.0
0.278303,0.0
0.34387,1.0
0.278646,0.0
0.732053,1.0
0.761094,0.0
0.36024,0.0
0.703816,0.0
0.692257,1.0
0.695444,1.0
0.712451,1.0
0.698406,0.0
0.718612,1.0
0.658501,1.0
0.36074,0.0
0.707446,0.0
0.685612,0.0
0.748209,0.0
0.278072,1.0
0.683551,1.0
0.763853,1.0
0.280342,0.0
0.696043,1.0
0.762379,0.0
0.734879,0.0
0.282374,0.0
0.548178,0.0
0.726414,1.0
0.685612,0.0
0.725398,0.0
0.68563,0.0
0.748587,1.0
0.698406,1.0
0.353871,0.0
0.707941,1.0
0.706988,1.0
0.685612,1.0
0.752802,0.0
0.607616,0.0
0.704506,1.0
0.685612,1.0
0.583957,1.0
0.54316,0.0
0.539034,1.0
0.622395,0.0
0.576016,0.0
0.539933,1.0
0.582008,0.0
0.543594,1.0
0.54219,1.0
0.586608,1.0
0.592719,1.0
0.590858,1.0
0.620747,1.0
0.579162,1.0
0.582601,1.0
0.577863,1.0
0.578655,0.0
0.535326,0.0
0.542707,0.0
0.62243,1.0
0.584576,1.0
0.586796,0.0
0.578332,0.0
0.587486,0.0
0.549709,0.0
0.532714,0.0
0.622158,1.0
0.581527,0.0
0.568259,1.0
0.622158,1.0
0.578094,1.0
0.622166,1.0
0.537238,0.0
0.536716,0.0
0.532714,1.0
0.57853,1.0
0.585061,1.0
0.590934,1.0
0.621902,1.0
0.620935,0.0
0.533957,1.0
0.612146,0.0
0.609681,1.0
0.621262,1.0
0.592994,0.0
0.589916,0.0
0.543872,0.0
0.586942,0.0
0.575947,1.0
0.611506,0.0
0.621911,1.0
0.544961,1.0
0.621619,0.0
0.532012,0.0
0.586789,0.0
0.612188,0.0
0.542435,1.0
0.622465,0.0
0.590858,1.0
0.541361,0.0
0.622166,1.0
0.595202,1.0
0.622229,1.0
0.543872,0.0
0.542643,0.0
0.61173,0.0
0.591011,1.0
0.582008,1.0
0.581745,1.0
0.578655,1.0
0.591856,0.0
0.547893,0.0
0.571553,0.0
0.612186,1.0
0.590568,0.0
0.585061,1.0
0.538062,1.0
0.609818,0.0
0.574988,1.0
0.536832,1.0
0.622426,1.0
0.574586,0.0
0.544042,1.0
0.550271,0.0
0.621299,1.0
0.582832,1.0
0.549214,1.0
0.585061,1.0
0.5647,1.0
0.574541,1.0
0.533109,1.0
0.585727,0.0
0.607944,1.0
0.587793,1.0
0.579919,0.0
0.57853,0.0
0.539382,1.0
0.58165,1.0
0.555131,1.0
0.57853,0.0
0.525955,0.0
0.516701,1.0
0.517535,0.0
0.528934,0.0
0.540043,0.0
0.517092,1.0
0.525219,0.0
0.514309,1.0
0.516217,0.0
0.530643,1.0
0.526591,0.0
0.539782,0.0
0.530385,0.0
0.539821,0.0
0.539996,0.0
0.53565,0.0
0.520846,1.0
0.519289,0.0
0.516875,0.0
0.529979,0.0
0.525378,0.0
0.524826,0.0
0.522764,0.0
0.527142,0.0
0.516465,1.0
0.518145,0.0
0.530042,0.0
0.553015,1.0
0.522517,0.0
0.530042,1.0
0.547221,1.0
0.53004,0.0
0.518944,0.0
0.517424,0.0
0.517068,0.0
0.526442,1.0
0.529215,1.0
0.522805,0.0
0.530107,0.0
0.529277,0.0
0.517363,0.0
0.531669,0.0
0.533594,0.0
0.530258,0.0
0.531026,0.0
0.529902,0.0
0.516223,1.0
0.523084,0.0
0.560096,0.0
0.531853,0.0
0.530105,0.0
0.5141,0.0
0.529119,1.0
0.518117,0.0
0.526139,0.0
0.531662,1.0
0.513918,1.0
0.528916,1.0
0.539782,0.0
0.515455,0.0
0.530039,0.0
0.536589,1.0
0.530024,0.0
0.516223,0.0
0.517243,1.0
0.531813,0.0
0.523631,0.0
0.524639,1.0
0.523905,0.0
0.520624,1.0
0.525018,1.0
0.516306,1.0
0.534301,1.0
0.532757,0.0
0.525033,1.0
0.529215,1.0
0.517269,0.0
0.531801,0.0
0.52664,1.0
0.51612,0.0
0.52998,0.0
0.524129,1.0
0.515442,0.0
0.516523,0.0
0.530246,0.0
0.557588,0.0
0.51627,1.0
0.529215,0.0
0.519884,1.0
0.526091,1.0
0.517227,0.0
0.523733,1.0
0.534081,0.0
0.52175,0.0
0.521954,0.0
0.527,0.0
0.517127,0.0
0.555023,1.0
0.517981,1.0
0.527,1.0
0.676859,1.0
0.728431,1.0
0.746305,0.0
0.328741,0.0
0.491632,1.0
0.740662,1.0
0.681501,1.0
0.731373,1.0
0.736767,1.0
0.665513,0.0
0.666691,1.0
0.384911,1.0
0.334743,0.0
0.656751,0.0
0.655495,1.0
0.66429,1.0
0.685958,1.0
0.748917,0.0
0.738058,1.0
0.331836,0.0
0.679495,1.0
0.679164,1.0
0.68849,1.0
0.676183,0.0
0.73626,1.0
0.744968,1.0
0.333193,1.0
0.620254,1.0
0.707493,0.0
0.338583,1.0
0.64116,0.0
0.333196,0.0
0.747916,1.0
0.735478,1.0
0.744089,1.0
0.675104,1.0
0.666626,1.0
0.675885,1.0
0.332395,0.0
0.331529,0.0
0.743857,1.0
0.334037,0.0
0.350527,0.0
0.334418,0.0
0.665328,1.0
0.667467,1.0
0.735052,1.0
0.681959,1.0
0.542183,1.0
0.335164,0.0
0.332446,1.0
0.733231,1.0
0.335637,0.0
0.742845,1.0
0.676558,1.0
0.339551,0.0
0.729141,1.0
0.333727,0.0
0.384911,0.0
0.73769,1.0
0.333234,0.0
0.41385,0.0
0.332946,1.0
0.738403,1.0
0.730411,1.0
0.336144,0.0
0.673885,1.0
0.675636,1.0
0.679854,1.0
0.681999,1.0
0.672982,1.0
0.734997,1.0
0.671068,1.0
0.33823,1.0
0.670475,0.0
0.666626,1.0
0.744853,1.0
0.366829,0.0
0.676681,1.0
0.734794,0.0
0.331893,0.0
0.684698,0.0
0.729871,1.0
0.736389,0.0
0.33464,0.0
0.325776,0.0
0.727251,1.0
0.668745,1.0
0.708012,1.0
0.687015,0.0
0.745947,1.0
0.677814,1.0
0.354451,1.0
0.676384,1.0
0.686938,1.0
0.680667,1.0
0.74103,0.0
0.613034,1.0
0.723045,1.0
0.677765,1.0
0.722687,1.0
0.805086,1.0
0.78716,1.0
0.303316,0.0
0.513096,1.0
0.792071,1.0
0.721718,0.0
0.795315,1.0
0.802415,1.0
0.688329,0.0
0.721924,0.0
0.40529,0.0
0.306458,0.0
0.658573,1.0
0.687248,1.0
0.69752,0.0
0.742798,1.0
0.780125,0.0
0.785023,1.0
0.305196,0.0
0.719376,0.0
0.72596,1.0
0.732826,1.0
0.703255,1.0
0.783984,1.0
0.792196,1.0
0.375512,1.0
0.647998,0.0
0.749125,0.0
0.379938,0.0
0.627632,1.0
0.305893,0.0
0.788344,0.0
0.804523,1.0
0.79319,1.0
0.715808,1.0
0.711159,1.0
0.733476,1.0
0.305395,0.0
0.304543,0.0
0.796187,1.0
0.30383,0.0
0.312576,0.0
0.306385,0.0
0.708338,1.0
0.711893,0.0
0.785123,1.0
0.730261,1.0
0.519971,1.0
0.304294,0.0
0.374914,0.0
0.797998,1.0
0.307469,0.0
0.793697,1.0
0.721289,1.0
0.307539,0.0
0.800266,0.0
0.306548,0.0
0.327033,1.0
0.795876,1.0
0.305914,0.0
0.351993,0.0
0.375349,0.0
0.787393,1.0
0.802299,0.0
0.304885,0.0
0.729458,0.0
0.721406,1.0
0.725562,1.0
0.741883,0.0
0.722291,1.0
0.784541,1.0
0.697067,1.0
0.376723,1.0
0.713473,0.0
0.711159,1.0
0.790938,1.0
0.321945,0.0
0.716309,1.0
0.797789,1.0
0.305226,0.0
0.712222,0.0
0.80782,0.0
0.780238,0.0
0.306518,0.0
0.273486,1.0
0.783519,1.0
0.713125,1.0
0.772217,1.0
0.722163,0.0
0.79217,0.0
0.725378,1.0
0.387572,0.0
0.736798,1.0
0.737418,1.0
0.716057,1.0
0.791592,1.0
0.639236,1.0
0.775554,1.0
0.714047,1.0
0.704639,1.0
0.362831,1.0
0.361436,0.0
0.57763,0.0
0.566948,0.0
0.361374,0.0
0.716862,1.0
0.376878,1.0
0.362482,0.0
0.71511,1.0
0.718669,1.0
0.579473,0.0
0.577713,1.0
0.69717,0.0
0.70613,0.0
0.7056,1.0
0.660284,1.0
0.363765,1.0
0.385216,0.0
0.577666,1.0
0.721622,0.0
0.708568,0.0
0.690591,0.0
0.711805,1.0
0.383513,0.0
0.362867,1.0
0.572974,1.0
0.67156,1.0
0.536794,0.0
0.578505,0.0
0.677844,1.0
0.577677,1.0
0.362567,0.0
0.361436,0.0
0.363266,0.0
0.717684,1.0
0.717593,1.0
0.709829,0.0
0.57768,0.0
0.57767,0.0
0.360575,0.0
0.577897,1.0
0.578088,1.0
0.5777,0.0
0.718031,0.0
0.715372,0.0
0.384671,1.0
0.714084,1.0
0.597552,0.0
0.577917,0.0
0.57832,0.0
0.37936,1.0
0.577685,1.0
0.362356,0.0
0.714487,1.0
0.577926,0.0
0.374868,1.0
0.577662,1.0
0.577765,0.0
0.373466,0.0
0.577677,1.0
0.578826,1.0
0.578321,1.0
0.385009,0.0
0.363421,1.0
0.577918,1.0
0.716862,1.0
0.717973,1.0
0.715879,1.0
0.684719,1.0
0.719613,1.0
0.387647,0.0
0.707889,1.0
0.573284,1.0
0.712026,0.0
0.717593,1.0
0.364061,1.0
0.578168,0.0
0.709059,1.0
0.364171,0.0
0.577667,1.0
0.69955,0.0
0.366049,0.0
0.391346,1.0
0.5777,0.0
0.580296,1.0
0.400356,0.0
0.717043,1.0
0.458652,0.0
0.6553,0.0
0.36383,0.0
0.716887,1.0
0.578841,0.0
0.712562,1.0
0.683671,0.0
0.715128,1.0
0.361725,0.0
0.672385,0.0
0.423089,1.0
0.715795,1.0
0.72617,1.0
0.807898,1.0
0.790092,1.0
0.304349,0.0
0.571667,1.0
0.783803,1.0
0.72047,1.0
0.799596,1.0
0.79409,1.0
0.703317,0.0
0.721456,1.0
0.351937,1.0
0.318811,1.0
0.665034,1.0
0.675628,1.0
0.700301,1.0
0.74366,1.0
0.790632,1.0
0.779711,1.0
0.318828,0.0
0.700022,1.0
0.711452,1.0
0.720209,1.0
0.720674,1.0
0.77818,1.0
0.795583,1.0
0.448531,0.0
0.659272,1.0
0.761568,1.0
0.347095,0.0
0.667148,1.0
0.318876,0.0
0.77632,0.0
0.796024,1.0
0.785278,1.0
0.719467,1.0
0.715274,1.0
0.719154,1.0
0.304536,1.0
0.304341,0.0
0.787797,0.0
0.317651,0.0
0.31824,1.0
0.304576,0.0
0.695221,0.0
0.693407,1.0
0.790537,1.0
0.733672,1.0
0.412873,0.0
0.303418,0.0
0.345309,0.0
0.802625,0.0
0.319159,0.0
0.785765,1.0
0.725786,1.0
0.304025,1.0
0.799504,1.0
0.319122,0.0
0.3695,1.0
0.788644,1.0
0.318878,0.0
0.322316,1.0
0.361148,1.0
0.781689,1.0
0.800828,0.0
0.317706,0.0
0.728046,1.0
0.725039,1.0
0.728881,1.0
0.736462,1.0
0.726434,1.0
0.779107,1.0
0.702862,1.0
0.448168,0.0
0.706567,0.0
0.715274,1.0
0.794564,1.0
0.304805,0.0
0.719479,1.0
0.800813,0.0
0.318831,0.0
0.705507,1.0
0.795306,0.0
0.793386,1.0
0.304593,1.0
0.362811,1.0
0.77997,1.0
0.716815,1.0
0.77619,1.0
0.721186,1.0
0.779811,1.0
0.728919,1.0
0.348115,1.0
0.740207,1.0
0.725949,1.0
0.719436,1.0
0.794623,1.0
0.642729,1.0
0.785985,1.0
0.717676,1.0
0.526584,1.0
0.527593,1.0
0.525904,1.0
0.536061,1.0
0.539909,1.0
0.525125,1.0
0.525519,1.0
0.52583,1.0
0.526358,0.0
0.52707,1.0
0.526806,0.0
0.532742,1.0
0.531218,1.0
0.52773,1.0
0.526126,1.0
0.527044,1.0
0.526684,1.0
0.525197,1.0
0.523246,0.0
0.53738,1.0
0.523772,0.0
0.523938,0.0
0.522987,1.0
0.526652,0.0
0.523286,1.0
0.526021,0.0
0.543827,1.0
0.537016,1.0
0.518576,1.0
0.538534,1.0
0.532617,1.0
0.537385,0.0
0.522852,1.0
0.526642,0.0
0.525147,1.0
0.525429,1.0
0.525772,1.0
0.524946,0.0
0.529671,0.0
0.536064,0.0
0.52461,1.0
0.537317,0.0
0.531204,1.0
0.536081,1.0
0.524548,0.0
0.524881,0.0
0.524207,1.0
0.526606,1.0
0.544074,1.0
0.536018,1.0
0.538419,0.0
0.525024,1.0
0.537406,0.0
0.525168,1.0
0.526508,1.0
0.52965,1.0
0.525846,1.0
0.537401,1.0
0.533597,1.0
0.52504,0.0
0.537385,1.0
0.531545,1.0
0.533957,0.0
0.523591,1.0
0.525591,1.0
0.537323,1.0
0.526649,0.0
0.525835,0.0
0.526101,0.0
0.526913,1.0
0.526175,0.0
0.523362,1.0
0.525387,0.0
0.543839,1.0
0.524797,1.0
0.525772,1.0
0.525822,0.0
0.536133,0.0
0.525589,1.0
0.525965,0.0
0.537381,0.0
0.523632,1.0
0.525158,0.0
0.524154,1.0
0.529677,0.0
0.533687,1.0
0.522896,1.0
0.525889,0.0
0.520978,1.0
0.522976,1.0
0.524406,1.0
0.526103,1.0
0.532468,0.0
0.527502,1.0
0.522979,0.0
0.525307,1.0
0.526381,0.0
0.537288,1.0
0.522538,1.0
0.525174,1.0
0.603168,1.0
0.668,0.0
0.66923,0.0
0.634313,0.0
0.543362,1.0
0.669428,1.0
0.600822,1.0
0.667145,0.0
0.659954,0.0
0.600075,1.0
0.594338,1.0
0.581231,1.0
0.590829,1.0
0.598125,0.0
0.597738,0.0
0.596963,0.0
0.609224,1.0
0.668802,1.0
0.658817,0.0
0.63092,1.0
0.595024,0.0
0.596834,1.0
0.608484,0.0
0.594916,1.0
0.667666,1.0
0.659148,0.0
0.584645,1.0
0.584263,0.0
0.653696,0.0
0.625637,0.0
0.58834,0.0
0.633171,1.0
0.667158,0.0
0.660006,1.0
0.66913,1.0
0.599803,0.0
0.599458,0.0
0.597527,1.0
0.596556,1.0
0.636599,0.0
0.66742,1.0
0.633444,1.0
0.591241,0.0
0.634344,1.0
0.594549,1.0
0.595603,1.0
0.666632,0.0
0.601795,1.0
0.630198,0.0
0.634581,0.0
0.628011,0.0
0.664913,1.0
0.633147,1.0
0.669319,1.0
0.602202,1.0
0.595956,1.0
0.667551,1.0
0.630886,1.0
0.571172,0.0
0.659436,1.0
0.630929,1.0
0.59108,1.0
0.576887,1.0
0.667479,0.0
0.666786,1.0
0.631216,1.0
0.594348,1.0
0.592815,1.0
0.59281,1.0
0.606178,1.0
0.593135,0.0
0.667308,1.0
0.591111,1.0
0.585,1.0
0.603694,1.0
0.599458,1.0
0.659075,1.0
0.637007,0.0
0.601282,0.0
0.657626,1.0
0.633162,1.0
0.606203,1.0
0.657997,1.0
0.665992,1.0
0.596568,1.0
0.572857,0.0
0.666449,1.0
0.591856,1.0
0.661706,1.0
0.620478,0.0
0.669144,1.0
0.601233,1.0
0.582206,1.0
0.602309,1.0
0.603216,0.0
0.599717,0.0
0.660043,1.0
0.583743,0.0
0.662831,0.0
0.599882,0.0
0.605352,0.0
0.545785,0.0
0.538699,1.0
0.598943,0.0
0.531945,0.0
0.541053,0.0
0.603556,0.0
0.543327,0.0
0.539431,1.0
0.601992,1.0
0.604793,1.0
0.591189,1.0
0.594261,0.0
0.590622,1.0
0.590791,0.0
0.595574,0.0
0.604033,0.0
0.544753,0.0
0.534806,0.0
0.605091,0.0
0.594328,1.0
0.598979,0.0
0.591866,0.0
0.604717,0.0
0.539022,0.0
0.541933,1.0
0.600084,0.0
0.591621,0.0
0.533421,1.0
0.598128,0.0
0.591848,1.0
0.605738,0.0
0.532193,0.0
0.544359,1.0
0.541367,1.0
0.598986,1.0
0.598507,1.0
0.601427,0.0
0.594997,0.0
0.599662,1.0
0.540632,0.0
0.605757,0.0
0.587684,1.0
0.60487,0.0
0.598191,1.0
0.597908,0.0
0.540583,1.0
0.606617,0.0
0.60217,1.0
0.598988,0.0
0.598912,0.0
0.547027,0.0
0.605745,0.0
0.541549,0.0
0.605614,1.0
0.594353,0.0
0.547291,1.0
0.605095,0.0
0.580868,0.0
0.541973,0.0
0.605096,1.0
0.59458,0.0
0.592395,0.0
0.535799,0.0
0.546318,0.0
0.605123,1.0
0.605757,1.0
0.604444,1.0
0.605026,0.0
0.606168,1.0
0.600934,0.0
0.539335,0.0
0.599253,0.0
0.600163,0.0
0.600206,0.0
0.602599,1.0
0.545922,1.0
0.599798,0.0
0.599147,0.0
0.544049,1.0
0.605734,1.0
0.597455,0.0
0.541948,1.0
0.545401,0.0
0.595005,0.0
0.583248,1.0
0.539528,1.0
0.602473,1.0
0.538826,1.0
0.578437,1.0
0.539222,0.0
0.605579,1.0
0.592015,0.0
0.608148,0.0
0.589348,0.0
0.598694,0.0
0.543937,0.0
0.588459,1.0
0.539769,1.0
0.598506,0.0
0.69458,1.0
0.802562,0.0
0.776417,1.0
0.35162,0.0
0.725024,1.0
0.749114,0.0
0.687482,1.0
0.7946,1.0
0.777805,1.0
0.672559,1.0
0.690469,1.0
0.384626,0.0
0.369378,0.0
0.667179,1.0
0.668487,0.0
0.69184,0.0
0.708647,1.0
0.764028,1.0
0.763314,1.0
0.335532,0.0
0.680006,0.0
0.667843,1.0
0.695015,1.0
0.688999,1.0
0.74438,1.0
0.788218,0.0
0.342459,0.0
0.672512,0.0
0.760726,0.0
0.352648,0.0
0.678888,0.0
0.333025,0.0
0.753136,0.0
0.760262,1.0
0.751702,1.0
0.709978,1.0
0.706715,1.0
0.675529,1.0
0.364744,0.0
0.352775,1.0
0.746808,1.0
0.333018,0.0
0.388972,1.0
0.336774,1.0
0.654029,1.0
0.655113,1.0
0.786664,1.0
0.701694,1.0
0.343588,0.0
0.351526,0.0
0.349741,0.0
0.772428,1.0
0.333,0.0
0.751399,1.0
0.696713,1.0
0.370019,1.0
0.774392,0.0
0.335512,0.0
0.412221,0.0
0.752199,1.0
0.339104,0.0
0.368004,0.0
0.37042,0.0
0.767623,1.0
0.768127,0.0
0.339065,0.0
0.69606,1.0
0.693586,1.0
0.695298,1.0
0.703262,1.0
0.713693,1.0
0.745372,1.0
0.671725,1.0
0.34227,0.0
0.660489,0.0
0.686488,0.0
0.767811,1.0
0.348685,0.0
0.707671,1.0
0.75938,0.0
0.336591,0.0
0.662848,0.0
0.75179,0.0
0.768924,0.0
0.364716,0.0
0.404337,0.0
0.748053,0.0
0.686154,0.0
0.747916,0.0
0.703786,0.0
0.743333,0.0
0.698932,1.0
0.37362,0.0
0.708754,1.0
0.69975,0.0
0.707668,1.0
0.758307,1.0
0.669487,1.0
0.78502,1.0
0.705986,1.0
0.593352,1.0
0.669885,1.0
0.660285,0.0
0.626712,0.0
0.638291,1.0
0.674538,1.0
0.592094,0.0
0.659148,1.0
0.660276,1.0
0.593393,0.0
0.592577,1.0
0.608835,0.0
0.617916,0.0
0.591835,0.0
0.606361,0.0
0.604745,0.0
0.597205,1.0
0.661325,1.0
0.660512,0.0
0.634172,1.0
0.607198,0.0
0.593737,0.0
0.595823,0.0
0.593127,1.0
0.660783,1.0
0.670954,1.0
0.631204,0.0
0.602487,0.0
0.666998,0.0
0.626262,0.0
0.602911,0.0
0.635319,0.0
0.673826,0.0
0.661218,1.0
0.660973,0.0
0.590376,0.0
0.590416,0.0
0.594444,1.0
0.620304,1.0
0.612936,1.0
0.661394,1.0
0.635322,0.0
0.592582,0.0
0.622328,0.0
0.593554,1.0
0.593326,1.0
0.65888,0.0
0.592466,1.0
0.62962,0.0
0.626755,1.0
0.627643,1.0
0.660717,1.0
0.635331,1.0
0.661505,0.0
0.592545,1.0
0.604614,0.0
0.672468,0.0
0.634181,0.0
0.594782,0.0
0.6613,1.0
0.631698,1.0
0.618614,1.0
0.617493,0.0
0.660303,0.0
0.673608,1.0
0.631716,0.0
0.592574,1.0
0.591588,1.0
0.591866,0.0
0.594635,1.0
0.591116,0.0
0.660646,1.0
0.591085,0.0
0.63129,1.0
0.61095,1.0
0.606139,0.0
0.660799,1.0
0.628095,1.0
0.591464,0.0
0.673753,1.0
0.632875,1.0
0.610741,1.0
0.674059,0.0
0.672621,0.0
0.620318,0.0
0.598117,0.0
0.673287,0.0
0.605982,0.0
0.671594,0.0
0.621559,0.0
0.674513,0.0
0.59187,0.0
0.615816,1.0
0.592781,1.0
0.611731,0.0
0.590598,0.0
0.661629,1.0
0.588632,0.0
0.657686,0.0
0.590704,0.0
0.513297,0.0
0.510323,1.0
0.51352,0.0
0.534308,1.0
0.512333,1.0
0.518452,1.0
0.514587,0.0
0.510508,1.0
0.513428,0.0
0.517658,0.0
0.513921,0.0
0.535948,0.0
0.534999,0.0
0.518468,1.0
0.518791,1.0
0.515367,1.0
0.512289,1.0
0.515444,0.0
0.514852,0.0
0.532877,0.0
0.516924,0.0
0.518064,0.0
0.514383,0.0
0.513998,0.0
0.518171,1.0
0.512407,0.0
0.533883,0.0
0.521362,1.0
0.513932,0.0
0.534309,1.0
0.519153,1.0
0.533723,0.0
0.517381,0.0
0.516291,0.0
0.51729,0.0
0.511086,1.0
0.511747,1.0
0.516643,0.0
0.533796,0.0
0.536257,0.0
0.518259,1.0
0.533724,0.0
0.539881,1.0
0.537487,0.0
0.519614,0.0
0.519192,1.0
0.511472,1.0
0.511968,0.0
0.534237,0.0
0.533335,0.0
0.533255,0.0
0.51398,0.0
0.532797,0.0
0.517228,0.0
0.513019,0.0
0.538885,0.0
0.514362,1.0
0.533811,1.0
0.536491,0.0
0.517179,0.0
0.533175,1.0
0.533904,1.0
0.534949,0.0
0.514315,0.0
0.515582,0.0
0.534164,0.0
0.513047,0.0
0.513065,0.0
0.513348,0.0
0.512705,1.0
0.510549,0.0
0.518062,1.0
0.516779,1.0
0.532961,0.0
0.519795,1.0
0.515767,0.0
0.515,0.0
0.533248,0.0
0.511466,1.0
0.516982,0.0
0.53309,0.0
0.519373,0.0
0.517872,0.0
0.514714,0.0
0.534824,0.0
0.536471,0.0
0.517869,1.0
0.51573,0.0
0.517355,1.0
0.516341,1.0
0.519043,1.0
0.513111,1.0
0.534076,1.0
0.511039,0.0
0.514838,0.0
0.511215,0.0
0.516484,0.0
0.520307,1.0
0.511307,0.0
0.5115,1.0
0.733379,1.0
0.355351,0.0
0.356852,1.0
0.582197,1.0
0.373444,0.0
0.345135,0.0
0.73592,1.0
0.35565,0.0
0.358686,0.0
0.734627,0.0
0.734436,1.0
0.580159,0.0
0.580006,0.0
0.728981,1.0
0.729012,1.0
0.730452,0.0
0.72028,1.0
0.356381,1.0
0.355797,1.0
0.578907,1.0
0.735136,0.0
0.733604,1.0
0.728315,0.0
0.734051,1.0
0.346247,0.0
0.359738,1.0
0.579754,1.0
0.723936,1.0
0.363263,1.0
0.582237,1.0
0.727146,1.0
0.579521,1.0
0.351866,0.0
0.355369,0.0
0.352325,0.0
0.731835,1.0
0.731841,1.0
0.73215,1.0
0.579252,0.0
0.577729,0.0
0.345676,0.0
0.579521,1.0
0.581815,1.0
0.578847,0.0
0.733487,1.0
0.729068,1.0
0.352974,1.0
0.734104,1.0
0.579736,1.0
0.579157,0.0
0.579157,0.0
0.358528,0.0
0.578873,1.0
0.35237,0.0
0.734174,1.0
0.579098,0.0
0.348773,1.0
0.581941,1.0
0.580612,1.0
0.354612,0.0
0.581283,1.0
0.581696,0.0
0.580053,1.0
0.356438,0.0
0.355981,1.0
0.579589,1.0
0.734306,1.0
0.734887,1.0
0.735873,1.0
0.726482,1.0
0.735665,1.0
0.346462,0.0
0.731111,1.0
0.579114,1.0
0.727781,1.0
0.735664,1.0
0.356985,0.0
0.579114,0.0
0.731067,1.0
0.354242,0.0
0.57888,1.0
0.730952,1.0
0.351255,1.0
0.356008,0.0
0.579919,0.0
0.580575,1.0
0.344542,0.0
0.735664,1.0
0.346615,1.0
0.682173,0.0
0.34214,1.0
0.731376,1.0
0.581746,1.0
0.733563,1.0
0.725106,1.0
0.735903,1.0
0.355075,0.0
0.724965,0.0
0.361363,1.0
0.73177,1.0
0.597127,1.0
0.653796,1.0
0.663372,0.0
0.604687,0.0
0.65842,1.0
0.662706,1.0
0.59751,0.0
0.654236,1.0
0.65732,0.0
0.595616,1.0
0.597596,1.0
0.617962,1.0
0.619429,1.0
0.598997,0.0
0.599123,0.0
0.593735,0.0
0.597531,1.0
0.663205,1.0
0.664899,0.0
0.615404,1.0
0.595487,0.0
0.599216,0.0
0.596008,1.0
0.597732,1.0
0.662588,1.0
0.659712,1.0
0.608516,0.0
0.599287,0.0
0.66322,0.0
0.604876,1.0
0.598515,0.0
0.607773,1.0
0.663116,1.0
0.66065,1.0
0.663007,0.0
0.595256,1.0
0.595707,0.0
0.599176,1.0
0.627044,0.0
0.595504,1.0
0.662383,1.0
0.607768,1.0
0.565754,0.0
0.589797,1.0
0.600643,1.0
0.600071,1.0
0.661998,0.0
0.595658,1.0
0.607416,0.0
0.627616,1.0
0.627796,1.0
0.658507,1.0
0.615437,1.0
0.663114,0.0
0.596731,1.0
0.583995,0.0
0.664542,1.0
0.60455,0.0
0.607598,0.0
0.661753,1.0
0.611602,1.0
0.624192,1.0
0.607651,1.0
0.661298,0.0
0.663423,1.0
0.606904,1.0
0.596875,1.0
0.596226,1.0
0.596741,1.0
0.59699,1.0
0.595233,1.0
0.662376,0.0
0.597605,0.0
0.61618,1.0
0.601805,1.0
0.598211,0.0
0.659356,1.0
0.627607,0.0
0.595879,0.0
0.661438,1.0
0.614637,0.0
0.601076,1.0
0.666296,1.0
0.661815,0.0
0.61943,1.0
0.607133,0.0
0.663246,1.0
0.598112,0.0
0.665423,1.0
0.606649,1.0
0.66642,1.0
0.596714,0.0
0.611947,1.0
0.595196,1.0
0.599923,1.0
0.595303,1.0
0.660892,1.0
0.593571,0.0
0.661379,0.0
0.595491,1.0
0.61086,1.0
0.684231,1.0
0.659894,0.0
0.577929,1.0
0.685898,1.0
0.689736,1.0
0.59078,0.0
0.684328,0.0
0.665567,0.0
0.620801,1.0
0.610878,1.0
0.615667,1.0
0.616223,0.0
0.591707,0.0
0.59177,0.0
0.596884,0.0
0.611974,1.0
0.679785,0.0
0.66057,0.0
0.607159,0.0
0.597378,0.0
0.59179,0.0
0.620991,0.0
0.611102,1.0
0.689557,0.0
0.676944,0.0
0.581287,0.0
0.592122,1.0
0.659359,0.0
0.600585,0.0
0.591348,0.0
0.602806,1.0
0.689967,1.0
0.688238,1.0
0.66698,0.0
0.609988,0.0
0.589801,0.0
0.613393,1.0
0.599674,0.0
0.600745,0.0
0.68952,1.0
0.602803,1.0
0.548576,0.0
0.598498,1.0
0.614591,0.0
0.6144,1.0
0.659127,0.0
0.609896,1.0
0.580582,0.0
0.620129,0.0
0.620213,1.0
0.686777,1.0
0.607151,1.0
0.667048,0.0
0.6105,1.0
0.571696,0.0
0.682048,1.0
0.577559,0.0
0.581957,0.0
0.688829,1.0
0.604343,1.0
0.617938,1.0
0.603254,1.0
0.666867,0.0
0.680075,1.0
0.602371,1.0
0.610537,1.0
0.610192,1.0
0.611518,0.0
0.61145,1.0
0.609761,0.0
0.667106,0.0
0.590555,0.0
0.607738,1.0
0.616012,1.0
0.591042,0.0
0.687398,0.0
0.599847,0.0
0.590173,0.0
0.688773,0.0
0.584951,0.0
0.615317,1.0
0.683668,1.0
0.666937,0.0
0.616158,1.0
0.581546,0.0
0.690123,0.0
0.590918,0.0
0.683447,0.0
0.631812,1.0
0.684246,1.0
0.590796,0.0
0.604962,1.0
0.609448,1.0
0.614603,0.0
0.609769,0.0
0.688379,1.0
0.597294,0.0
0.658584,1.0
0.610251,0.0
0.736178,1.0
0.333363,0.0
0.351291,0.0
0.58197,0.0
0.350252,0.0
0.343309,0.0
0.745195,1.0
0.349812,1.0
0.350336,0.0
0.736003,1.0
0.736346,1.0
0.577638,0.0
0.577008,0.0
0.743329,1.0
0.74336,1.0
0.742896,1.0
0.733369,0.0
0.351142,1.0
0.353592,1.0
0.579556,1.0
0.743131,0.0
0.744263,1.0
0.73927,1.0
0.736351,1.0
0.356741,0.0
0.348903,0.0
0.581578,1.0
0.733613,1.0
0.356893,0.0
0.580063,1.0
0.741871,1.0
0.580369,1.0
0.345695,0.0
0.339534,0.0
0.356928,0.0
0.744485,0.0
0.744883,1.0
0.736273,1.0
0.578153,0.0
0.576858,0.0
0.342644,0.0
0.580369,1.0
0.583508,1.0
0.577317,0.0
0.7425,1.0
0.736548,0.0
0.351151,0.0
0.736584,1.0
0.581627,0.0
0.576785,0.0
0.577422,0.0
0.337572,1.0
0.580062,1.0
0.356928,0.0
0.736339,1.0
0.578386,0.0
0.339587,1.0
0.581797,1.0
0.58164,0.0
0.34137,0.0
0.580208,0.0
0.577431,1.0
0.580413,1.0
0.354736,1.0
0.336028,0.0
0.580407,1.0
0.736432,0.0
0.737111,1.0
0.744449,1.0
0.735289,1.0
0.744264,1.0
0.355537,0.0
0.744897,1.0
0.580051,1.0
0.735653,0.0
0.744765,1.0
0.352693,0.0
0.578122,0.0
0.744893,0.0
0.354526,0.0
0.58127,1.0
0.735799,1.0
0.343341,0.0
0.355584,0.0
0.577574,0.0
0.581663,1.0
0.360235,0.0
0.744792,1.0
0.358636,0.0
0.690423,0.0
0.345576,1.0
0.745243,1.0
0.580228,0.0
0.736053,1.0
0.741175,1.0
0.744505,1.0
0.339802,0.0
0.739663,0.0
0.335132,0.0
0.744511,1.0
0.593406,1.0
0.656185,1.0
0.659096,0.0
0.612997,0.0
0.659612,1.0
0.660757,1.0
0.594977,0.0
0.662498,1.0
0.659129,1.0
0.597506,1.0
0.593529,1.0
0.622342,0.0
0.607607,1.0
0.595969,0.0
0.596128,0.0
0.596681,0.0
0.59026,1.0
0.663152,1.0
0.662777,0.0
0.595566,1.0
0.593823,0.0
0.596377,0.0
0.59816,1.0
0.593669,1.0
0.662431,0.0
0.658622,0.0
0.585775,0.0
0.593988,0.0
0.660029,0.0
0.593741,1.0
0.595384,0.0
0.609816,1.0
0.660805,1.0
0.659757,1.0
0.661877,0.0
0.591125,0.0
0.593486,1.0
0.595356,1.0
0.600213,0.0
0.599752,1.0
0.660616,1.0
0.609815,1.0
0.574897,0.0
0.615503,1.0
0.598012,1.0
0.592152,1.0
0.658138,0.0
0.592602,1.0
0.597904,0.0
0.608607,1.0
0.623249,1.0
0.661134,0.0
0.610622,1.0
0.661942,0.0
0.59316,1.0
0.589928,0.0
0.661672,1.0
0.584188,0.0
0.599067,1.0
0.660298,1.0
0.621762,1.0
0.610447,1.0
0.610285,1.0
0.663959,0.0
0.657452,1.0
0.60978,1.0
0.589168,1.0
0.592879,1.0
0.595774,1.0
0.59369,1.0
0.594888,0.0
0.661683,1.0
0.595102,1.0
0.610862,0.0
0.593506,1.0
0.595335,0.0
0.66187,0.0
0.60016,0.0
0.589976,1.0
0.662364,1.0
0.5864,1.0
0.596798,1.0
0.660456,1.0
0.661631,1.0
0.622279,1.0
0.586597,0.0
0.661342,1.0
0.595229,0.0
0.661855,0.0
0.6039,0.0
0.663489,1.0
0.594721,0.0
0.622202,1.0
0.592228,1.0
0.597664,1.0
0.594756,0.0
0.659875,1.0
0.592773,0.0
0.653785,1.0
0.595008,0.0
0.735914,1.0
0.32541,1.0
0.34549,0.0
0.574958,0.0
0.337185,0.0
0.333929,0.0
0.745977,1.0
0.334551,1.0
0.327752,0.0
0.737609,0.0
0.735961,1.0
0.573983,0.0
0.574271,0.0
0.744773,0.0
0.744825,0.0
0.744668,1.0
0.729383,1.0
0.335821,0.0
0.352636,1.0
0.585326,1.0
0.742315,0.0
0.74569,0.0
0.737378,1.0
0.736114,1.0
0.352199,0.0
0.344835,0.0
0.58581,1.0
0.741481,1.0
0.348773,0.0
0.5855,0.0
0.7438,1.0
0.583965,1.0
0.336275,0.0
0.330387,0.0
0.350768,0.0
0.74278,1.0
0.737884,1.0
0.737065,1.0
0.574298,0.0
0.57392,0.0
0.333285,0.0
0.583966,1.0
0.586555,1.0
0.574165,0.0
0.738081,0.0
0.733924,0.0
0.345407,0.0
0.735974,1.0
0.575128,0.0
0.574228,0.0
0.574331,1.0
0.350912,0.0
0.583875,1.0
0.350776,1.0
0.735837,1.0
0.574268,0.0
0.335918,0.0
0.585938,1.0
0.575245,0.0
0.332053,0.0
0.575009,1.0
0.58366,1.0
0.583934,0.0
0.354243,0.0
0.32703,0.0
0.583972,1.0
0.731661,1.0
0.736739,0.0
0.739255,1.0
0.735317,1.0
0.745645,1.0
0.333889,1.0
0.739294,1.0
0.583369,1.0
0.733148,1.0
0.745696,1.0
0.348352,0.0
0.574286,0.0
0.733888,1.0
0.335049,0.0
0.586113,1.0
0.737283,1.0
0.33347,1.0
0.333803,0.0
0.574369,0.0
0.585752,1.0
0.342368,0.0
0.745739,1.0
0.353141,0.0
0.69527,1.0
0.342167,0.0
0.745849,1.0
0.575032,0.0
0.735196,1.0
0.737692,1.0
0.746004,0.0
0.33062,0.0
0.739473,0.0
0.325188,0.0
0.746046,1.0
0.597977,1.0
0.655935,1.0
0.676897,1.0
0.381514,0.0
0.689434,1.0
0.693843,1.0
0.646052,1.0
0.684738,1.0
0.660582,0.0
0.649753,0.0
0.600639,0.0
0.383327,0.0
0.372201,1.0
0.644093,1.0
0.649404,0.0
0.672388,1.0
0.574287,1.0
0.683895,0.0
0.710845,1.0
0.386163,0.0
0.644424,0.0
0.653701,0.0
0.675433,1.0
0.601881,0.0
0.72944,1.0
0.670851,0.0
0.402758,0.0
0.634454,0.0
0.69274,0.0
0.369594,1.0
0.652736,0.0
0.38271,0.0
0.706054,0.0
0.675639,1.0
0.720181,1.0
0.619872,1.0
0.607611,0.0
0.619683,1.0
0.388371,1.0
0.375141,0.0
0.690551,1.0
0.38271,0.0
0.401945,0.0
0.37081,0.0
0.642609,0.0
0.600665,0.0
0.670398,1.0
0.592469,1.0
0.385237,0.0
0.372158,0.0
0.384146,0.0
0.693087,0.0
0.382912,0.0
0.729954,1.0
0.596322,1.0
0.390412,0.0
0.683686,1.0
0.402897,0.0
0.369344,1.0
0.682525,1.0
0.381815,0.0
0.385731,1.0
0.366152,0.0
0.716646,1.0
0.657391,0.0
0.382662,0.0
0.578621,0.0
0.586087,1.0
0.639872,1.0
0.594183,1.0
0.636434,1.0
0.699392,1.0
0.644637,1.0
0.399179,1.0
0.616281,0.0
0.653152,1.0
0.7025,1.0
0.388438,0.0
0.587546,1.0
0.699446,0.0
0.386316,1.0
0.641061,0.0
0.699601,0.0
0.689524,1.0
0.368248,0.0
0.402367,0.0
0.735509,1.0
0.653512,1.0
0.733523,1.0
0.664555,0.0
0.71898,1.0
0.637097,1.0
0.365566,0.0
0.586355,1.0
0.648302,1.0
0.625771,1.0
0.67704,1.0
0.638497,0.0
0.64191,1.0
0.646284,1.0
0.817484,1.0
0.88498,1.0
0.865541,1.0
0.333422,0.0
0.852523,1.0
0.849797,1.0
0.764843,1.0
0.856922,1.0
0.876551,1.0
0.749115,1.0
0.804123,1.0
0.335216,0.0
0.408154,1.0
0.764459,1.0
0.749913,1.0
0.731575,1.0
0.845338,1.0
0.85381,0.0
0.829341,1.0
0.334336,0.0
0.756544,1.0
0.750766,1.0
0.735838,1.0
0.803257,1.0
0.812892,1.0
0.865698,1.0
0.34009,1.0
0.758954,0.0
0.844018,1.0
0.402255,0.0
0.741697,1.0
0.333545,0.0
0.831957,0.0
0.867607,1.0
0.822475,1.0
0.792789,1.0
0.798215,1.0
0.794535,1.0
0.416959,0.0
0.332175,0.0
0.853084,1.0
0.333545,0.0
0.338556,1.0
0.330385,0.0
0.758824,1.0
0.804168,1.0
0.871672,1.0
0.824658,1.0
0.334604,1.0
0.330764,0.0
0.33776,0.0
0.843535,0.0
0.33373,1.0
0.809874,1.0
0.819047,1.0
0.33736,0.0
0.859641,1.0
0.340015,0.0
0.405264,1.0
0.860817,1.0
0.336135,0.0
0.413661,0.0
0.324847,1.0
0.825746,1.0
0.879517,0.0
0.333513,0.0
0.828907,1.0
0.832501,1.0
0.773136,1.0
0.823421,1.0
0.775567,1.0
0.842257,1.0
0.765908,0.0
0.420682,1.0
0.784138,0.0
0.755349,0.0
0.840182,1.0
0.336824,0.0
0.829216,1.0
0.838562,1.0
0.411888,0.0
0.760696,1.0
0.836277,1.0
0.853984,1.0
0.32912,0.0
0.339942,0.0
0.807861,0.0
0.754874,1.0
0.808859,1.0
0.745067,0.0
0.824604,1.0
0.775771,1.0
0.327399,1.0
0.831238,1.0
0.765176,1.0
0.788918,1.0
0.866243,1.0
0.756134,1.0
0.899036,1.0
0.764768,1.0
0.600687,1.0
0.661355,1.0
0.677161,1.0
0.289007,0.0
0.686922,1.0
0.690746,1.0
0.648243,1.0
0.686793,1.0
0.659496,1.0
0.640801,0.0
0.599521,0.0
0.290098,1.0
0.448895,0.0
0.641358,1.0
0.641894,0.0
0.675811,1.0
0.57933,1.0
0.675503,0.0
0.712869,0.0
0.285077,0.0
0.636665,0.0
0.645692,1.0
0.676637,1.0
0.600594,0.0
0.725459,1.0
0.669028,1.0
0.352615,0.0
0.627878,0.0
0.687818,1.0
0.360221,0.0
0.65167,0.0
0.285462,0.0
0.694395,0.0
0.674789,1.0
0.716545,1.0
0.622401,1.0
0.605755,1.0
0.620937,0.0
0.37108,0.0
0.289778,1.0
0.687802,1.0
0.285462,0.0
0.351238,0.0
0.289371,0.0
0.633802,0.0
0.595229,1.0
0.671604,1.0
0.595541,1.0
0.357214,0.0
0.289342,0.0
0.288798,1.0
0.684557,0.0
0.352933,0.0
0.731646,1.0
0.599215,1.0
0.289985,1.0
0.681959,1.0
0.284565,0.0
0.446059,0.0
0.680739,1.0
0.288074,0.0
0.362477,0.0
0.352277,0.0
0.713477,1.0
0.653983,1.0
0.285449,0.0
0.579985,1.0
0.586152,1.0
0.6406,1.0
0.597022,1.0
0.638633,1.0
0.700269,1.0
0.639181,1.0
0.44959,1.0
0.608516,0.0
0.648906,1.0
0.700002,1.0
0.290074,0.0
0.591125,1.0
0.692415,0.0
0.360208,0.0
0.637661,1.0
0.697002,0.0
0.686936,1.0
0.288944,0.0
0.284678,0.0
0.7253,0.0
0.656042,1.0
0.729408,0.0
0.652335,0.0
0.714229,1.0
0.639161,1.0
0.355302,1.0
0.590082,1.0
0.648882,1.0
0.623361,1.0
0.675988,1.0
0.632392,0.0
0.647464,1.0
0.648475,1.0
0.574967,0.0
0.500181,0.0
0.50735,1.0
0.620517,0.0
0.511515,0.0
0.513078,1.0
0.588666,0.0
0.511507,0.0
0.498713,1.0
0.593352,1.0
0.579897,1.0
0.607731,1.0
0.591885,1.0
0.586835,1.0
0.592035,1.0
0.595043,0.0
0.567767,0.0
0.514359,0.0
0.527189,1.0
0.621452,0.0
0.592488,1.0
0.588794,1.0
0.597646,0.0
0.580278,0.0
0.526382,0.0
0.503178,0.0
0.608906,1.0
0.590262,0.0
0.511341,1.0
0.611146,0.0
0.59347,1.0
0.621343,0.0
0.52203,0.0
0.506275,1.0
0.52314,1.0
0.581171,1.0
0.57481,1.0
0.587869,1.0
0.609721,1.0
0.607635,0.0
0.511857,0.0
0.621343,0.0
0.609085,1.0
0.620303,1.0
0.591445,1.0
0.573774,0.0
0.50495,0.0
0.572859,0.0
0.607451,1.0
0.620327,0.0
0.608364,0.0
0.518175,1.0
0.608518,1.0
0.528562,0.0
0.574381,0.0
0.607869,0.0
0.50945,0.0
0.621832,0.0
0.592453,1.0
0.508916,0.0
0.620989,0.0
0.611551,0.0
0.607969,0.0
0.522057,0.0
0.498709,1.0
0.621344,1.0
0.566994,1.0
0.569186,1.0
0.586753,1.0
0.574354,1.0
0.586072,0.0
0.516999,1.0
0.587912,0.0
0.575899,0.0
0.587691,0.0
0.590921,1.0
0.516827,1.0
0.620483,0.0
0.570694,0.0
0.518809,1.0
0.611907,1.0
0.587356,0.0
0.520679,1.0
0.511544,1.0
0.62032,0.0
0.621809,1.0
0.533607,1.0
0.590236,0.0
0.532781,1.0
0.599246,1.0
0.52227,1.0
0.586564,1.0
0.592562,0.0
0.571037,1.0
0.590692,0.0
0.58125,1.0
0.506793,0.0
0.590319,1.0
0.493483,0.0
0.588375,0.0
0.614735,1.0
0.678505,1.0
0.680515,0.0
0.664579,0.0
0.683502,1.0
0.683193,1.0
0.619211,1.0
0.683704,1.0
0.676415,0.0
0.616993,0.0
0.610783,1.0
0.63107,1.0
0.594602,1.0
0.617452,0.0
0.615472,0.0
0.621082,1.0
0.612944,1.0
0.680182,1.0
0.683954,1.0
0.666294,1.0
0.616696,0.0
0.618989,1.0
0.623305,1.0
0.611996,1.0
0.6897,1.0
0.679745,1.0
0.639893,1.0
0.616015,0.0
0.682175,1.0
0.64725,1.0
0.615428,0.0
0.666068,1.0
0.683831,0.0
0.680104,1.0
0.687244,1.0
0.61542,1.0
0.612759,0.0
0.61464,1.0
0.644833,1.0
0.630453,1.0
0.683917,1.0
0.666068,1.0
0.64026,1.0
0.66411,1.0
0.616127,1.0
0.614324,1.0
0.680613,1.0
0.613934,1.0
0.636598,1.0
0.664165,1.0
0.632098,1.0
0.680728,1.0
0.638833,1.0
0.69038,0.0
0.614429,1.0
0.631064,0.0
0.682763,1.0
0.667166,1.0
0.59639,1.0
0.682565,1.0
0.665489,1.0
0.648489,1.0
0.637223,1.0
0.68806,0.0
0.677132,1.0
0.666036,1.0
0.610542,1.0
0.611172,1.0
0.617676,1.0
0.614036,1.0
0.618363,1.0
0.684825,0.0
0.619417,1.0
0.541217,1.0
0.61684,1.0
0.61952,1.0
0.684742,0.0
0.664596,0.0
0.612549,0.0
0.6803,1.0
0.649371,1.0
0.620091,1.0
0.681152,1.0
0.682442,1.0
0.664118,1.0
0.667073,0.0
0.687331,1.0
0.619464,1.0
0.686189,1.0
0.62286,0.0
0.686942,1.0
0.617588,1.0
0.591359,1.0
0.612279,1.0
0.621183,1.0
0.615375,1.0
0.681621,1.0
0.615024,1.0
0.675137,0.0
0.618947,1.0
0.733854,0.0
0.32681,0.0
0.347065,0.0
0.577831,0.0
0.331295,0.0
0.331244,0.0
0.737746,1.0
0.3304,1.0
0.345323,0.0
0.741459,0.0
0.732057,1.0
0.578416,1.0
0.579385,1.0
0.743739,1.0
0.742429,1.0
0.737976,1.0
0.730995,1.0
0.328631,0.0
0.334354,1.0
0.57917,0.0
0.74162,0.0
0.736814,1.0
0.737356,1.0
0.731968,1.0
0.336715,1.0
0.327554,0.0
0.579423,1.0
0.741341,1.0
0.330889,0.0
0.579691,0.0
0.743175,1.0
0.579163,1.0
0.347904,0.0
0.328947,0.0
0.335582,0.0
0.736467,1.0
0.742475,1.0
0.734694,0.0
0.579794,0.0
0.578153,0.0
0.330298,0.0
0.579163,1.0
0.579411,1.0
0.57907,0.0
0.734189,0.0
0.731335,1.0
0.328454,1.0
0.73366,1.0
0.57923,1.0
0.579073,0.0
0.578286,0.0
0.330579,0.0
0.579341,0.0
0.352639,0.0
0.733689,1.0
0.57749,0.0
0.329711,1.0
0.579218,1.0
0.579406,0.0
0.329432,1.0
0.579172,1.0
0.579918,1.0
0.579121,0.0
0.350471,0.0
0.326973,0.0
0.579167,0.0
0.730955,0.0
0.732759,1.0
0.737506,1.0
0.733678,1.0
0.737263,1.0
0.349388,0.0
0.737442,1.0
0.576189,1.0
0.731887,1.0
0.737948,1.0
0.349197,0.0
0.577855,0.0
0.741317,1.0
0.330162,0.0
0.579901,1.0
0.735527,0.0
0.330994,0.0
0.330924,0.0
0.579058,0.0
0.577998,1.0
0.337969,0.0
0.737949,1.0
0.336943,0.0
0.738836,0.0
0.335154,1.0
0.737547,1.0
0.578045,0.0
0.733292,1.0
0.736797,1.0
0.736572,1.0
0.328607,0.0
0.733357,1.0
0.344751,0.0
0.73787,1.0
0.537516,0.0
0.537462,1.0
0.534472,0.0
0.533246,1.0
0.535155,1.0
0.535067,1.0
0.527148,1.0
0.53073,1.0
0.536073,0.0
0.531551,0.0
0.533392,0.0
0.533186,0.0
0.533975,0.0
0.525126,0.0
0.525902,1.0
0.523029,1.0
0.536313,1.0
0.536219,0.0
0.528404,0.0
0.531662,1.0
0.532505,0.0
0.528065,0.0
0.524281,0.0
0.533449,1.0
0.526292,1.0
0.537016,0.0
0.531956,1.0
0.525631,1.0
0.535423,0.0
0.532229,1.0
0.524046,1.0
0.530707,0.0
0.532631,1.0
0.536417,0.0
0.532666,0.0
0.530187,1.0
0.5296,1.0
0.536451,0.0
0.532573,1.0
0.534294,0.0
0.535357,0.0
0.530707,0.0
0.531945,1.0
0.532023,1.0
0.534533,0.0
0.533657,0.0
0.532271,1.0
0.533822,0.0
0.53214,1.0
0.531783,0.0
0.534157,0.0
0.535403,1.0
0.53319,0.0
0.529006,0.0
0.533292,0.0
0.535955,0.0
0.531238,1.0
0.530646,0.0
0.535375,0.0
0.531353,0.0
0.530724,0.0
0.531103,1.0
0.532991,1.0
0.530957,0.0
0.537524,0.0
0.531904,1.0
0.539078,0.0
0.534403,0.0
0.528152,0.0
0.534185,1.0
0.528448,0.0
0.532238,1.0
0.526269,1.0
0.53955,0.0
0.532178,1.0
0.52504,1.0
0.532304,1.0
0.533234,0.0
0.53173,1.0
0.535525,0.0
0.531316,0.0
0.534214,0.0
0.535114,0.0
0.535383,1.0
0.531791,0.0
0.532135,0.0
0.531221,1.0
0.525768,0.0
0.531892,1.0
0.531365,1.0
0.52763,1.0
0.528527,1.0
0.537084,0.0
0.534423,0.0
0.52811,1.0
0.530015,1.0
0.53634,0.0
0.529177,1.0
0.53688,0.0
0.526976,1.0
0.726709,1.0
0.320846,0.0
0.332452,0.0
0.576808,0.0
0.323295,0.0
0.322744,0.0
0.730363,1.0
0.327231,0.0
0.330826,0.0
0.730677,0.0
0.729183,1.0
0.582704,0.0
0.583189,0.0
0.736417,1.0
0.729901,0.0
0.731886,1.0
0.721081,0.0
0.330301,0.0
0.338399,1.0
0.576859,1.0
0.730572,0.0
0.735164,0.0
0.736803,1.0
0.72285,1.0
0.332269,0.0
0.32993,0.0
0.584364,1.0
0.72956,1.0
0.331326,1.0
0.577065,0.0
0.731166,1.0
0.581011,1.0
0.325453,0.0
0.330318,0.0
0.33414,0.0
0.727876,1.0
0.728358,1.0
0.728067,0.0
0.577011,0.0
0.573916,0.0
0.331173,0.0
0.581011,1.0
0.584356,1.0
0.576762,0.0
0.727942,1.0
0.728712,0.0
0.325982,1.0
0.730849,1.0
0.584477,1.0
0.574522,0.0
0.573982,0.0
0.322356,0.0
0.57451,0.0
0.339136,0.0
0.730971,0.0
0.573923,0.0
0.326772,1.0
0.580977,1.0
0.574338,0.0
0.33529,0.0
0.581022,1.0
0.583817,1.0
0.576877,1.0
0.336597,0.0
0.329507,0.0
0.576787,1.0
0.722999,0.0
0.729564,1.0
0.735648,0.0
0.724001,1.0
0.735484,1.0
0.326379,0.0
0.730395,1.0
0.590699,1.0
0.723638,0.0
0.731102,1.0
0.326198,0.0
0.574507,0.0
0.726756,0.0
0.330789,0.0
0.581458,1.0
0.729983,1.0
0.331251,1.0
0.322634,0.0
0.574518,0.0
0.582269,1.0
0.327375,0.0
0.736589,0.0
0.326558,0.0
0.723742,0.0
0.330533,0.0
0.729538,1.0
0.572824,0.0
0.730181,1.0
0.729439,1.0
0.728023,0.0
0.330351,0.0
0.725979,1.0
0.330535,0.0
0.730499,1.0
0.743271,1.0
0.36029,1.0
0.355088,1.0
0.557162,1.0
0.35684,0.0
0.355804,0.0
0.748395,1.0
0.354455,1.0
0.358081,0.0
0.727161,1.0
0.744527,1.0
0.559675,1.0
0.56009,0.0
0.749932,1.0
0.727913,1.0
0.750152,1.0
0.72505,1.0
0.358329,0.0
0.37818,1.0
0.593044,1.0
0.726922,0.0
0.727866,0.0
0.750012,1.0
0.743966,1.0
0.347086,0.0
0.359789,0.0
0.596648,1.0
0.748613,1.0
0.381498,1.0
0.557812,0.0
0.749651,1.0
0.595136,1.0
0.351266,0.0
0.358668,0.0
0.351613,0.0
0.746559,1.0
0.747084,1.0
0.726149,1.0
0.557662,0.0
0.557065,0.0
0.356669,1.0
0.595136,1.0
0.596644,1.0
0.557523,1.0
0.744742,1.0
0.726663,0.0
0.381424,1.0
0.744622,1.0
0.596774,1.0
0.558167,0.0
0.557154,0.0
0.356513,0.0
0.557857,1.0
0.344882,0.0
0.727024,1.0
0.556701,0.0
0.380373,1.0
0.595099,1.0
0.557332,0.0
0.355869,0.0
0.595142,1.0
0.596011,1.0
0.59348,1.0
0.348622,0.0
0.360748,1.0
0.593152,1.0
0.725753,1.0
0.744192,1.0
0.728307,1.0
0.743765,1.0
0.748204,1.0
0.350622,1.0
0.748707,1.0
0.605038,1.0
0.725847,0.0
0.749308,1.0
0.350658,1.0
0.557696,0.0
0.727308,1.0
0.356999,0.0
0.59542,1.0
0.745338,1.0
0.381002,0.0
0.3565,1.0
0.558161,0.0
0.596212,1.0
0.348638,1.0
0.728889,1.0
0.349918,1.0
0.723549,0.0
0.349243,1.0
0.747604,1.0
0.555435,0.0
0.744195,1.0
0.747563,1.0
0.727603,1.0
0.358512,1.0
0.746373,1.0
0.359675,1.0
0.74852,1.0
0.748641,0.0
0.360031,0.0
0.360361,1.0
0.589274,1.0
0.317013,0.0
0.316711,0.0
0.753435,1.0
0.360309,1.0
0.31615,1.0
0.747241,1.0
0.749182,1.0
0.590532,0.0
0.552714,0.0
0.753177,1.0
0.749621,1.0
0.75329,0.0
0.744774,1.0
0.315881,0.0
0.365723,1.0
0.602084,1.0
0.718138,0.0
0.721332,0.0
0.753169,0.0
0.749191,1.0
0.322483,0.0
0.315459,0.0
0.60376,1.0
0.751964,1.0
0.364136,1.0
0.551216,0.0
0.752888,0.0
0.602262,1.0
0.319021,0.0
0.315857,0.0
0.319545,0.0
0.752264,1.0
0.752495,1.0
0.745713,1.0
0.551042,0.0
0.550937,0.0
0.359995,0.0
0.602262,1.0
0.603759,1.0
0.589148,1.0
0.748873,1.0
0.714108,0.0
0.364161,1.0
0.750408,1.0
0.603872,1.0
0.552055,0.0
0.551026,0.0
0.316372,0.0
0.589198,0.0
0.324523,0.0
0.746807,1.0
0.550543,0.0
0.364324,1.0
0.602231,1.0
0.551173,0.0
0.31743,0.0
0.602264,1.0
0.603177,1.0
0.602534,1.0
0.321842,1.0
0.359978,0.0
0.602242,1.0
0.74207,0.0
0.749597,1.0
0.750396,0.0
0.750199,1.0
0.753139,1.0
0.360902,0.0
0.753204,0.0
0.612601,1.0
0.715444,0.0
0.753327,1.0
0.360789,0.0
0.551546,0.0
0.748354,1.0
0.316373,0.0
0.6024,1.0
0.750466,1.0
0.321522,0.0
0.360078,0.0
0.55205,0.0
0.603082,1.0
0.361141,0.0
0.750989,0.0
0.360905,0.0
0.718162,0.0
0.361202,0.0
0.753136,1.0
0.549204,0.0
0.749979,1.0
0.752885,0.0
0.749154,1.0
0.359943,0.0
0.750113,1.0
0.360266,0.0
0.753542,1.0
0.584803,1.0
0.64741,1.0
0.653868,0.0
0.5672,0.0
0.658341,1.0
0.658838,0.0
0.59256,1.0
0.653993,1.0
0.660435,0.0
0.592038,0.0
0.589612,1.0
0.580552,1.0
0.595227,1.0
0.593147,1.0
0.592063,1.0
0.589739,0.0
0.587995,1.0
0.657776,0.0
0.658569,0.0
0.561691,1.0
0.594924,0.0
0.595237,1.0
0.591723,1.0
0.589608,1.0
0.663329,0.0
0.656866,1.0
0.560572,0.0
0.592658,0.0
0.654621,0.0
0.594647,1.0
0.588519,1.0
0.564557,1.0
0.661299,1.0
0.657571,1.0
0.661535,0.0
0.591059,1.0
0.59067,0.0
0.589028,1.0
0.59413,0.0
0.593885,0.0
0.650403,1.0
0.564557,1.0
0.560571,0.0
0.56877,0.0
0.591658,0.0
0.591878,1.0
0.654258,0.0
0.589869,1.0
0.560291,1.0
0.597157,0.0
0.594126,0.0
0.658431,1.0
0.582455,1.0
0.664178,0.0
0.588465,1.0
0.592454,0.0
0.655427,1.0
0.564628,0.0
0.594142,1.0
0.659471,1.0
0.564558,1.0
0.56205,1.0
0.560492,1.0
0.665521,0.0
0.647584,1.0
0.561196,0.0
0.5812,1.0
0.588998,1.0
0.587193,1.0
0.590733,1.0
0.592119,0.0
0.653789,1.0
0.588533,0.0
0.53438,1.0
0.594242,1.0
0.59327,0.0
0.653732,1.0
0.595473,0.0
0.588649,0.0
0.658577,1.0
0.564447,0.0
0.592268,1.0
0.660819,1.0
0.650035,0.0
0.597143,1.0
0.562788,0.0
0.654929,0.0
0.587588,0.0
0.654192,0.0
0.598723,0.0
0.654765,1.0
0.592433,0.0
0.589058,1.0
0.589697,1.0
0.590455,1.0
0.58949,1.0
0.649144,1.0
0.591914,0.0
0.648387,0.0
0.592341,1.0
0.726306,1.0
0.321556,0.0
0.346854,0.0
0.59155,1.0
0.323389,0.0
0.342185,0.0
0.737826,1.0
0.327684,0.0
0.346341,0.0
0.740186,1.0
0.732342,1.0
0.572618,0.0
0.567461,0.0
0.738413,1.0
0.735344,0.0
0.743147,1.0
0.728298,1.0
0.341802,0.0
0.349155,0.0
0.593648,1.0
0.737056,0.0
0.731877,1.0
0.735281,1.0
0.732276,1.0
0.345023,1.0
0.322147,0.0
0.592983,1.0
0.744543,1.0
0.347091,1.0
0.566417,0.0
0.734837,1.0
0.592737,1.0
0.325132,0.0
0.322482,0.0
0.343429,0.0
0.735812,1.0
0.744129,1.0
0.729524,1.0
0.567375,1.0
0.567431,0.0
0.322352,1.0
0.592737,1.0
0.592984,1.0
0.591267,0.0
0.740407,1.0
0.725979,0.0
0.347072,1.0
0.733189,1.0
0.593625,1.0
0.567934,0.0
0.567474,1.0
0.322961,1.0
0.57227,0.0
0.346168,0.0
0.730677,1.0
0.567266,0.0
0.328642,1.0
0.592178,1.0
0.566521,1.0
0.323733,0.0
0.592736,1.0
0.593318,1.0
0.593885,1.0
0.349816,0.0
0.321518,0.0
0.593145,1.0
0.720635,1.0
0.732355,1.0
0.730844,1.0
0.732865,1.0
0.744927,1.0
0.32428,0.0
0.741987,1.0
0.598211,1.0
0.726781,0.0
0.745749,1.0
0.324164,0.0
0.567719,0.0
0.740741,0.0
0.322924,0.0
0.592183,1.0
0.733847,0.0
0.32455,0.0
0.342491,0.0
0.567032,1.0
0.592424,1.0
0.343438,1.0
0.740492,1.0
0.343209,0.0
0.737275,1.0
0.324901,0.0
0.744881,1.0
0.565208,1.0
0.732659,1.0
0.733248,1.0
0.733514,1.0
0.321936,0.0
0.742221,1.0
0.342534,0.0
0.737957,1.0
0.740023,1.0
0.366948,0.0
0.36042,0.0
0.603,1.0
0.362129,1.0
0.359972,0.0
0.746436,1.0
0.361824,1.0
0.358961,1.0
0.745236,1.0
0.742838,1.0
0.555431,0.0
0.552875,1.0
0.747975,1.0
0.727946,1.0
0.748824,1.0
0.739641,1.0
0.361109,0.0
0.354722,1.0
0.599585,1.0
0.726564,1.0
0.743584,1.0
0.74588,1.0
0.742662,1.0
0.379538,0.0
0.363426,0.0
0.602609,1.0
0.74943,1.0
0.383542,1.0
0.551887,1.0
0.746504,1.0
0.599092,1.0
0.35861,0.0
0.362794,0.0
0.356502,1.0
0.744625,0.0
0.747229,1.0
0.740649,1.0
0.594268,0.0
0.551212,0.0
0.385475,0.0
0.599092,1.0
0.602609,1.0
0.561011,0.0
0.745068,1.0
0.72548,1.0
0.383766,1.0
0.742556,1.0
0.599447,1.0
0.55183,0.0
0.594281,0.0
0.383832,0.0
0.555096,1.0
0.351051,0.0
0.741419,0.0
0.551002,0.0
0.383161,1.0
0.602242,1.0
0.591982,0.0
0.360891,1.0
0.599092,1.0
0.599339,1.0
0.599679,1.0
0.351635,1.0
0.366836,0.0
0.602838,1.0
0.738389,1.0
0.74235,1.0
0.742202,1.0
0.742083,1.0
0.747806,1.0
0.361437,0.0
0.746996,1.0
0.600755,1.0
0.725185,0.0
0.749695,1.0
0.361473,0.0
0.551556,0.0
0.727579,1.0
0.361825,0.0
0.60223,1.0
0.72651,1.0
0.35952,0.0
0.363677,0.0
0.591949,1.0
0.602317,1.0
0.382594,0.0
0.745624,1.0
0.359407,1.0
0.743955,1.0
0.360291,1.0
0.747599,1.0
0.591917,0.0
0.742214,1.0
0.743556,1.0
0.743079,1.0
0.365692,0.0
0.747177,1.0
0.365036,0.0
0.746559,1.0
0.872858,1.0
0.908292,1.0
0.877971,0.0
0.434564,0.0
0.901493,1.0
0.877829,1.0
0.815534,1.0
0.899812,1.0
0.882482,1.0
0.819444,0.0
0.851744,1.0
0.405949,1.0
0.427676,1.0
0.795134,1.0
0.838608,1.0
0.784884,1.0
0.872808,1.0
0.882072,1.0
0.865085,1.0
0.417732,0.0
0.836237,1.0
0.831548,1.0
0.809209,1.0
0.85291,1.0
0.840517,1.0
0.897422,1.0
0.425122,0.0
0.779862,1.0
0.877367,0.0
0.431548,0.0
0.813179,0.0
0.415988,0.0
0.880481,1.0
0.895331,1.0
0.874361,1.0
0.817412,1.0
0.814595,1.0
0.864939,1.0
0.433149,1.0
0.424753,1.0
0.895571,1.0
0.415988,0.0
0.425125,0.0
0.408622,0.0
0.824046,1.0
0.869888,1.0
0.878786,1.0
0.853794,1.0
0.416055,1.0
0.421886,1.0
0.432614,0.0
0.885894,1.0
0.422592,0.0
0.841101,1.0
0.845646,1.0
0.425746,0.0
0.888331,1.0
0.424984,1.0
0.424507,1.0
0.897835,1.0
0.415984,1.0
0.416216,0.0
0.41771,1.0
0.852385,1.0
0.907976,1.0
0.426836,0.0
0.88509,1.0
0.857184,1.0
0.855331,1.0
0.853831,1.0
0.803806,1.0
0.890388,1.0
0.811645,1.0
0.412211,1.0
0.844682,1.0
0.777326,1.0
0.890584,1.0
0.423182,0.0
0.855613,1.0
0.892099,1.0
0.42483,0.0
0.854198,1.0
0.883824,1.0
0.890795,1.0
0.438606,1.0
0.42461,1.0
0.8633,1.0
0.825867,1.0
0.885076,1.0
0.806037,0.0
0.895626,1.0
0.804308,1.0
0.429755,1.0
0.856201,1.0
0.836434,0.0
0.850885,1.0
0.904518,1.0
0.805341,1.0
0.895333,1.0
0.815466,1.0
0.624323,1.0
0.571247,1.0
0.569453,0.0
0.600212,0.0
0.568516,0.0
0.566007,1.0
0.618589,1.0
0.568299,0.0
0.565454,1.0
0.622215,1.0
0.621218,1.0
0.582961,1.0
0.581579,0.0
0.614867,1.0
0.619641,0.0
0.61375,1.0
0.625996,0.0
0.566773,0.0
0.562393,0.0
0.602173,1.0
0.622211,0.0
0.621804,0.0
0.620267,1.0
0.621649,0.0
0.558224,1.0
0.569454,1.0
0.601541,1.0
0.611118,0.0
0.567669,1.0
0.597465,1.0
0.618996,1.0
0.602358,0.0
0.566501,0.0
0.569103,1.0
0.564051,1.0
0.619334,1.0
0.617083,1.0
0.624675,1.0
0.57975,1.0
0.579033,0.0
0.568998,1.0
0.602358,1.0
0.601541,0.0
0.600141,1.0
0.619426,1.0
0.623949,1.0
0.56462,0.0
0.622884,1.0
0.586322,1.0
0.57968,1.0
0.596946,0.0
0.567277,1.0
0.599114,1.0
0.558744,0.0
0.622845,0.0
0.595981,0.0
0.566281,1.0
0.585267,1.0
0.581031,1.0
0.567978,1.0
0.586289,0.0
0.602355,0.0
0.586081,1.0
0.559977,1.0
0.571194,1.0
0.601322,1.0
0.624229,1.0
0.622351,0.0
0.623021,1.0
0.624267,0.0
0.617151,0.0
0.568266,0.0
0.617131,0.0
0.587164,0.0
0.62425,0.0
0.613134,1.0
0.568299,1.0
0.596493,0.0
0.622445,1.0
0.568547,1.0
0.601534,1.0
0.623926,0.0
0.567101,1.0
0.568326,0.0
0.581944,0.0
0.58534,0.0
0.562988,1.0
0.618951,0.0
0.565898,1.0
0.62561,1.0
0.567636,1.0
0.617896,0.0
0.579945,0.0
0.623257,1.0
0.626459,0.0
0.621736,1.0
0.570637,0.0
0.615184,1.0
0.569104,1.0
0.618296,1.0
0.869866,1.0
0.898424,1.0
0.868911,1.0
0.327891,0.0
0.899635,1.0
0.873411,1.0
0.82264,1.0
0.898256,1.0
0.885025,1.0
0.820796,0.0
0.853308,1.0
0.446635,1.0
0.448849,1.0
0.803912,1.0
0.84253,1.0
0.794065,1.0
0.868496,1.0
0.876364,1.0
0.869905,1.0
0.330196,0.0
0.840487,1.0
0.834936,1.0
0.817005,1.0
0.852634,0.0
0.837755,1.0
0.889845,0.0
0.328943,0.0
0.787326,1.0
0.875327,1.0
0.351526,1.0
0.815443,0.0
0.326698,0.0
0.875295,1.0
0.888161,1.0
0.878444,1.0
0.815896,1.0
0.821547,1.0
0.863819,1.0
0.454325,0.0
0.460179,0.0
0.886892,1.0
0.330171,0.0
0.325485,1.0
0.340444,0.0
0.829782,0.0
0.868545,1.0
0.879549,1.0
0.855191,1.0
0.423561,1.0
0.461111,0.0
0.342712,0.0
0.878803,1.0
0.345551,0.0
0.840133,1.0
0.838654,1.0
0.351634,0.0
0.888317,1.0
0.425122,0.0
0.451714,1.0
0.897351,1.0
0.419878,0.0
0.326518,1.0
0.42432,0.0
0.859529,1.0
0.898185,1.0
0.329203,1.0
0.878679,1.0
0.856184,1.0
0.856348,1.0
0.853576,1.0
0.809817,1.0
0.883533,1.0
0.817038,1.0
0.414519,0.0
0.838923,0.0
0.786683,1.0
0.884286,1.0
0.350136,0.0
0.857969,1.0
0.885545,1.0
0.329294,0.0
0.855302,1.0
0.878725,0.0
0.883611,1.0
0.442404,0.0
0.420632,1.0
0.858747,0.0
0.829703,1.0
0.887151,1.0
0.808987,1.0
0.895645,1.0
0.810279,1.0
0.452636,0.0
0.857117,1.0
0.834703,1.0
0.852728,1.0
0.894926,1.0
0.81308,1.0
0.88789,1.0
0.822582,1.0
0.624376,1.0
0.568642,1.0
0.564425,0.0
0.615052,0.0
0.568965,0.0
0.564985,1.0
0.620712,1.0
0.568809,1.0
0.566746,1.0
0.623311,1.0
0.622024,1.0
0.577216,1.0
0.577741,1.0
0.617524,1.0
0.620693,1.0
0.616697,1.0
0.626002,0.0
0.565617,0.0
0.56463,0.0
0.614097,0.0
0.623277,1.0
0.623207,1.0
0.622584,1.0
0.625319,1.0
0.558896,1.0
0.570433,1.0
0.61443,1.0
0.613907,0.0
0.565262,1.0
0.596728,1.0
0.62034,1.0
0.614767,1.0
0.565449,0.0
0.567192,1.0
0.565764,1.0
0.619917,1.0
0.619205,0.0
0.624995,1.0
0.593327,1.0
0.590755,0.0
0.567014,1.0
0.614063,0.0
0.601463,1.0
0.611761,1.0
0.624199,1.0
0.624,1.0
0.56612,1.0
0.623684,1.0
0.583718,1.0
0.591188,0.0
0.612227,0.0
0.565806,1.0
0.611905,0.0
0.559519,0.0
0.622336,1.0
0.610544,0.0
0.567228,0.0
0.600125,0.0
0.57662,1.0
0.568492,1.0
0.600759,0.0
0.601064,0.0
0.600097,0.0
0.56276,0.0
0.568607,1.0
0.60063,1.0
0.623817,1.0
0.622928,1.0
0.623739,1.0
0.624978,0.0
0.619523,0.0
0.566704,1.0
0.619179,0.0
0.601637,0.0
0.626593,1.0
0.616365,1.0
0.566635,1.0
0.610731,0.0
0.62316,1.0
0.566809,1.0
0.614378,1.0
0.624546,0.0
0.568904,1.0
0.56672,0.0
0.596951,0.0
0.584395,1.0
0.565928,1.0
0.620532,1.0
0.567058,1.0
0.623932,1.0
0.568262,1.0
0.620263,1.0
0.59312,1.0
0.623966,1.0
0.624162,1.0
0.62262,1.0
0.568342,0.0
0.617358,1.0
0.567166,1.0
0.620432,1.0
0.493779,0.0
0.502765,1.0
0.508619,1.0
0.530911,1.0
0.504638,1.0
0.505894,1.0
0.500012,1.0
0.502935,1.0
0.504516,0.0
0.502635,0.0
0.495783,0.0
0.541319,0.0
0.541285,0.0
0.502416,1.0
0.497674,1.0
0.503833,0.0
0.495842,1.0
0.507505,0.0
0.508344,0.0
0.53129,0.0
0.499363,0.0
0.49924,0.0
0.501887,1.0
0.49681,0.0
0.510421,1.0
0.504409,0.0
0.53227,1.0
0.50534,1.0
0.505885,1.0
0.53647,1.0
0.501915,1.0
0.532085,0.0
0.507599,0.0
0.504005,0.0
0.505298,1.0
0.500846,1.0
0.501143,1.0
0.495099,0.0
0.539269,1.0
0.538431,0.0
0.504213,1.0
0.531301,1.0
0.535117,1.0
0.532975,1.0
0.500892,0.0
0.494904,0.0
0.505312,1.0
0.495612,0.0
0.540259,0.0
0.539047,1.0
0.531642,0.0
0.505178,0.0
0.531895,0.0
0.511909,0.0
0.497896,1.0
0.532101,0.0
0.506103,1.0
0.535803,1.0
0.541663,0.0
0.502923,0.0
0.535229,0.0
0.534193,1.0
0.535844,0.0
0.509523,1.0
0.502782,1.0
0.535441,1.0
0.492376,0.0
0.495156,0.0
0.495649,0.0
0.497927,1.0
0.503103,0.0
0.504681,1.0
0.501979,1.0
0.534938,1.0
0.500719,1.0
0.504825,1.0
0.504535,0.0
0.53205,0.0
0.495249,1.0
0.50432,0.0
0.532285,0.0
0.498077,1.0
0.505806,1.0
0.506676,0.0
0.536502,0.0
0.539751,1.0
0.50839,0.0
0.498964,0.0
0.504234,1.0
0.504934,1.0
0.503168,1.0
0.501849,1.0
0.538723,1.0
0.495412,0.0
0.499527,1.0
0.495816,0.0
0.50527,0.0
0.501379,1.0
0.504142,1.0
0.499874,1.0
0.540522,0.0
0.541509,1.0
0.539871,0.0
0.532506,1.0
0.541604,1.0
0.540175,1.0
0.541062,0.0
0.541493,1.0
0.536543,0.0
0.536755,0.0
0.53892,1.0
0.542361,0.0
0.541993,1.0
0.539015,1.0
0.541134,1.0
0.534576,0.0
0.544365,1.0
0.535899,0.0
0.535455,0.0
0.532684,0.0
0.539369,0.0
0.539051,0.0
0.542207,1.0
0.538603,0.0
0.537887,1.0
0.536477,0.0
0.533027,1.0
0.536514,1.0
0.540245,0.0
0.537866,0.0
0.538322,1.0
0.532823,0.0
0.535819,0.0
0.536729,1.0
0.540484,0.0
0.540542,1.0
0.539972,1.0
0.540713,0.0
0.537089,0.0
0.536876,0.0
0.540918,1.0
0.53279,0.0
0.536822,1.0
0.533537,1.0
0.537474,1.0
0.540422,0.0
0.540522,1.0
0.539771,0.0
0.540763,0.0
0.537405,1.0
0.532856,0.0
0.536073,0.0
0.532969,0.0
0.532996,0.0
0.542108,0.0
0.53313,1.0
0.54107,1.0
0.534855,1.0
0.542557,1.0
0.53736,0.0
0.534485,1.0
0.536452,1.0
0.5348,1.0
0.539416,1.0
0.541496,1.0
0.537074,1.0
0.540502,0.0
0.539361,1.0
0.539845,0.0
0.543654,1.0
0.536178,0.0
0.540711,1.0
0.539883,1.0
0.534466,0.0
0.542582,1.0
0.538192,1.0
0.536465,1.0
0.53311,1.0
0.542769,1.0
0.536549,0.0
0.532928,0.0
0.543405,0.0
0.540162,1.0
0.536417,1.0
0.53504,0.0
0.540568,0.0
0.5341,1.0
0.537481,1.0
0.540955,1.0
0.542991,1.0
0.541391,1.0
0.540656,1.0
0.536819,0.0
0.539969,0.0
0.543142,0.0
0.539172,0.0
0.537181,0.0
0.538989,1.0
0.540975,0.0
0.540887,1.0
0.886276,1.0
0.908178,1.0
0.895385,0.0
0.372983,1.0
0.907877,1.0
0.896015,1.0
0.862473,1.0
0.907942,1.0
0.907249,1.0
0.855514,0.0
0.874257,1.0
0.482081,1.0
0.462452,1.0
0.845531,0.0
0.867246,1.0
0.844986,1.0
0.87985,1.0
0.901899,1.0
0.898683,1.0
0.364613,0.0
0.871643,1.0
0.86999,1.0
0.854519,1.0
0.875007,1.0
0.874386,1.0
0.90677,1.0
0.377163,1.0
0.832629,1.0
0.900012,1.0
0.409624,0.0
0.84656,0.0
0.366782,1.0
0.90137,1.0
0.905255,1.0
0.902228,1.0
0.853436,1.0
0.855609,1.0
0.883775,1.0
0.388372,1.0
0.383075,1.0
0.902826,1.0
0.368978,0.0
0.407351,0.0
0.380139,0.0
0.857629,1.0
0.884598,1.0
0.899044,1.0
0.880364,1.0
0.432812,1.0
0.395939,0.0
0.365141,0.0
0.904115,1.0
0.365383,0.0
0.880817,1.0
0.870832,1.0
0.372062,1.0
0.902861,1.0
0.379539,0.0
0.484819,1.0
0.912842,1.0
0.374114,0.0
0.403873,0.0
0.375201,1.0
0.887606,1.0
0.908076,1.0
0.40915,0.0
0.889248,1.0
0.876091,1.0
0.880663,1.0
0.873145,1.0
0.855005,1.0
0.900955,1.0
0.852907,1.0
0.372963,1.0
0.861075,0.0
0.833973,1.0
0.903392,1.0
0.372043,0.0
0.875712,1.0
0.907407,1.0
0.36713,0.0
0.877669,1.0
0.895804,0.0
0.902058,1.0
0.369254,0.0
0.433829,0.0
0.886249,1.0
0.862423,1.0
0.903081,1.0
0.848024,1.0
0.907037,1.0
0.850546,1.0
0.387651,1.0
0.881235,1.0
0.868637,1.0
0.878893,1.0
0.910722,1.0
0.850618,1.0
0.906693,1.0
0.857647,1.0
0.512932,0.0
0.512932,1.0
0.512932,0.0
0.512932,0.0
0.512932,0.0
0.512932,0.0
0.512932,0.0
0.512932,1.0
0.512932,0.0
0.512932,0.0
0.512932,0.0
0.512932,1.0
0.512932,1.0
0.512932,1.0
0.512932,0.0
0.512932,0.0
0.512932,0.0
0.512932,1.0
0.512932,0.0
0.512932,0.0
0.512932,1.0
0.512932,0.0
0.512932,1.0
0.512932,0.0
0.512932,0.0
0.512932,1.0
0.512932,0.0
0.512932,0.0
0.512932,0.0
0.512932,1.0
0.512932,0.0
0.512932,1.0
0.512932,0.0
0.512932,0.0
0.512932,0.0
0.512932,0.0
0.512932,0.0
0.512932,1.0
0.512932,0.0
0.512932,0.0
0.512932,0.0
0.512932,1.0
0.512932,1.0
0.512932,1.0
0.512932,1.0
0.512932,0.0
0.512932,1.0
0.512932,0.0
0.512932,1.0
0.512932,0.0
0.512932,1.0
0.512932,0.0
0.512932,1.0
0.512932,0.0
0.512932,1.0
0.512932,1.0
0.512932,1.0
0.512932,1.0
0.512932,1.0
0.512932,0.0
0.512932,0.0
0.512932,0.0
0.512932,0.0
0.512932,0.0
0.512932,0.0
0.512932,0.0
0.512932,1.0
0.512932,0.0
0.512932,1.0
0.512932,0.0
0.512932,1.0
0.512932,0.0
0.512932,0.0
0.512932,0.0
0.512932,0.0
0.512932,0.0
0.512932,1.0
0.512932,1.0
0.512932,0.0
0.512932,1.0
0.512932,0.0
0.512932,0.0
0.512932,0.0
0.512932,0.0
0.512932,0.0
0.512932,0.0
0.512932,1.0
0.512932,1.0
0.512932,0.0
0.512932,0.0
0.512932,0.0
0.512932,0.0
0.512932,1.0
0.512932,0.0
0.512932,0.0
0.512932,0.0
0.512932,0.0
0.512932,1.0
0.512932,1.0
0.512932,0.0
0.493895,0.0
0.518569,1.0
0.493895,1.0
0.493895,0.0
0.493895,0.0
0.493895,0.0
0.493895,0.0
0.518569,0.0
0.493895,0.0
0.493895,1.0
0.493895,0.0
0.518569,1.0
0.518569,0.0
0.518569,1.0
0.493895,1.0
0.493895,1.0
0.493895,1.0
0.518569,1.0
0.493895,0.0
0.493895,0.0
0.518569,0.0
0.493895,0.0
0.518569,1.0
0.493895,0.0
0.493895,0.0
0.518569,1.0
0.493895,0.0
0.493895,0.0
0.493895,1.0
0.518569,0.0
0.493895,0.0
0.518569,1.0
0.493895,0.0
0.493895,0.0
0.493895,1.0
0.493895,0.0
0.493895,0.0
0.518569,1.0
0.493895,1.0
0.493895,0.0
0.493895,1.0
0.518569,0.0
0.518569,1.0
0.518569,1.0
0.518569,1.0
0.493895,1.0
0.518569,1.0
0.493895,0.0
0.518569,0.0
0.493895,0.0
0.518569,0.0
0.493895,0.0
0.518569,1.0
0.493895,0.0
0.518569,1.0
0.518569,1.0
0.518569,1.0
0.518569,0.0
0.518569,1.0
0.493895,0.0
0.493895,1.0
0.493895,0.0
0.493895,0.0
0.493895,1.0
0.493895,0.0
0.493895,1.0
0.518569,1.0
0.493895,1.0
0.518569,1.0
0.493895,0.0
0.518569,0.0
0.493895,0.0
0.493895,0.0
0.493895,0.0
0.493895,0.0
0.493895,0.0
0.518569,1.0
0.518569,1.0
0.493895,0.0
0.518569,0.0
0.493895,0.0
0.493895,1.0
0.493895,0.0
0.493895,0.0
0.493895,0.0
0.493895,0.0
0.518569,0.0
0.518569,0.0
0.493895,1.0
0.493895,0.0
0.493895,1.0
0.493895,1.0
0.518569,1.0
0.493895,0.0
0.493895,0.0
0.493895,0.0
0.493895,0.0
0.518569,1.0
0.518569,1.0
0.493895,0.0
0.532489,1.0
0.499922,0.0
0.511904,0.0
0.532489,0.0
0.532489,1.0
0.532489,1.0
0.532489,1.0
0.521149,1.0
0.532489,1.0
0.511904,0.0
0.532489,1.0
0.499922,0.0
0.521149,0.0
0.499922,1.0
0.511904,0.0
0.511904,1.0
0.511904,1.0
0.499922,0.0
0.532489,0.0
0.532489,1.0
0.521149,1.0
0.532489,1.0
0.499922,1.0
0.532489,0.0
0.532489,1.0
0.499922,1.0
0.532489,0.0
0.532489,1.0
0.511904,1.0
0.521149,0.0
0.532489,0.0
0.499922,1.0
0.532489,1.0
0.532489,0.0
0.511904,0.0
0.532489,1.0
0.532489,1.0
0.499922,1.0
0.511904,1.0
0.532489,0.0
0.511904,0.0
0.521149,0.0
0.499922,1.0
0.499922,1.0
0.499922,1.0
0.511904,1.0
0.499922,1.0
0.532489,1.0
0.521149,1.0
0.532489,1.0
0.521149,1.0
0.532489,0.0
0.499922,0.0
0.532489,1.0
0.499922,1.0
0.499922,0.0
0.499922,1.0
0.521149,1.0
0.499922,0.0
0.532489,0.0
0.511904,1.0
0.532489,1.0
0.532489,1.0
0.511904,1.0
0.532489,1.0
0.511904,1.0
0.499922,1.0
0.511904,0.0
0.499922,1.0
0.532489,1.0
0.521149,0.0
0.532489,1.0
0.532489,1.0
0.532489,0.0
0.532489,1.0
0.532489,1.0
0.499922,1.0
0.499922,0.0
0.532489,1.0
0.521149,1.0
0.532489,0.0
0.511904,0.0
0.532489,0.0
0.532489,1.0
0.532489,1.0
0.532489,0.0
0.521149,1.0
0.521149,1.0
0.511904,1.0
0.532489,1.0
0.511904,1.0
0.511904,0.0
0.499922,0.0
0.532489,0.0
0.532489,1.0
0.532489,0.0
0.532489,1.0
0.499922,1.0
0.499922,1.0
0.532489,1.0
0.558531,0.0
0.581833,1.0
0.580036,1.0
0.576364,1.0
0.558531,1.0
0.558531,0.0
0.558531,0.0
0.560397,1.0
0.558531,1.0
0.580036,0.0
0.558531,1.0
0.581833,0.0
0.578189,0.0
0.564084,1.0
0.580036,0.0
0.562203,1.0
0.562203,1.0
0.581833,1.0
0.576364,1.0
0.558531,1.0
0.560397,1.0
0.558531,1.0
0.564084,0.0
0.576364,0.0
0.558531,0.0
0.564084,1.0
0.576364,0.0
0.558531,1.0
0.562203,0.0
0.578189,0.0
0.576364,1.0
0.564084,1.0
0.558531,0.0
0.576364,1.0
0.580036,1.0
0.558531,0.0
0.558531,1.0
0.564084,1.0
0.562203,1.0
0.576364,0.0
0.580036,0.0
0.578189,1.0
0.564084,1.0
0.564084,1.0
0.564084,0.0
0.562203,1.0
0.564084,0.0
0.558531,0.0
0.560397,1.0
0.558531,1.0
0.560397,0.0
0.576364,0.0
0.581833,0.0
0.558531,1.0
0.564084,1.0
0.581833,1.0
0.564084,1.0
0.560397,1.0
0.581833,1.0
0.576364,1.0
0.562203,1.0
0.558531,1.0
0.558531,1.0
0.562203,0.0
0.558531,0.0
0.562203,0.0
0.564084,1.0
0.580036,0.0
0.564084,0.0
0.558531,0.0
0.578189,1.0
0.558531,0.0
0.558531,1.0
0.576364,1.0
0.558531,1.0
0.558531,1.0
0.564084,1.0
0.581833,1.0
0.558531,1.0
0.560397,1.0
0.576364,1.0
0.580036,1.0
0.576364,0.0
0.558531,1.0
0.558531,1.0
0.576364,1.0
0.560397,0.0
0.560397,0.0
0.562203,0.0
0.558531,1.0
0.562203,0.0
0.580036,1.0
0.581833,0.0
0.576364,1.0
0.558531,0.0
0.576364,1.0
0.558531,1.0
0.564084,1.0
0.564084,0.0
0.558531,1.0
0.545091,1.0
0.542573,1.0
0.543012,0.0
0.544227,1.0
0.54565,1.0
0.545091,1.0
0.545091,1.0
0.544676,1.0
0.54565,1.0
0.542024,0.0
0.54565,1.0
0.541606,1.0
0.542794,1.0
0.543453,0.0
0.542024,1.0
0.544438,1.0
0.544438,1.0
0.542573,1.0
0.544227,1.0
0.54565,1.0
0.544676,1.0
0.54565,1.0
0.54289,1.0
0.543231,0.0
0.545091,1.0
0.543453,1.0
0.543231,1.0
0.54565,0.0
0.543864,1.0
0.542794,0.0
0.544227,1.0
0.543453,1.0
0.545091,1.0
0.544227,0.0
0.543012,1.0
0.545091,1.0
0.54565,0.0
0.543453,1.0
0.544438,1.0
0.543231,0.0
0.542024,1.0
0.543769,1.0
0.543453,1.0
0.543453,1.0
0.54289,1.0
0.544438,1.0
0.54289,1.0
0.545091,0.0
0.544676,0.0
0.54565,0.0
0.544127,0.0
0.543231,1.0
0.541606,1.0
0.54565,1.0
0.543453,1.0
0.542573,1.0
0.543453,1.0
0.544676,1.0
0.542573,1.0
0.544227,1.0
0.544438,1.0
0.54565,1.0
0.54565,1.0
0.543864,1.0
0.545091,1.0
0.543864,1.0
0.543453,0.0
0.542024,1.0
0.54289,1.0
0.545091,0.0
0.543769,1.0
0.545091,1.0
0.54565,0.0
0.544227,1.0
0.54565,0.0
0.54565,1.0
0.543453,1.0
0.542573,1.0
0.54565,0.0
0.544676,1.0
0.544227,1.0
0.543012,1.0
0.543231,1.0
0.54565,0.0
0.54565,1.0
0.544227,0.0
0.544127,1.0
0.544127,1.0
0.543864,0.0
0.54565,0.0
0.543864,0.0
0.543012,1.0
0.541606,1.0
0.544227,0.0
0.545091,0.0
0.544227,1.0
0.54565,0.0
0.543453,1.0
0.54289,0.0
0.54565,0.0
0.559029,0.0
0.589872,0.0
0.591082,0.0
0.592213,0.0
0.560573,1.0
0.559029,0.0
0.559029,0.0
0.560037,1.0
0.560573,1.0
0.592076,1.0
0.560573,1.0
0.59074,1.0
0.591543,0.0
0.558431,1.0
0.592366,0.0
0.561874,1.0
0.561874,1.0
0.589872,0.0
0.592213,0.0
0.560573,0.0
0.560037,1.0
0.560573,0.0
0.559573,1.0
0.592976,0.0
0.559029,0.0
0.561355,1.0
0.593204,0.0
0.557866,1.0
0.560345,1.0
0.591215,1.0
0.592213,1.0
0.561355,1.0
0.559029,0.0
0.591923,0.0
0.591435,1.0
0.559029,0.0
0.557866,1.0
0.561355,1.0
0.561874,1.0
0.592976,0.0
0.592366,0.0
0.590604,1.0
0.561355,1.0
0.561355,1.0
0.559573,0.0
0.561874,1.0
0.559573,0.0
0.556417,0.0
0.557136,1.0
0.557866,1.0
0.555428,1.0
0.593204,0.0
0.59074,0.0
0.560573,1.0
0.561355,1.0
0.589872,1.0
0.561355,1.0
0.560037,1.0
0.589872,1.0
0.592213,1.0
0.561874,1.0
0.560573,1.0
0.560573,1.0
0.560345,0.0
0.559029,0.0
0.560345,0.0
0.558431,1.0
0.592366,0.0
0.559573,1.0
0.556417,0.0
0.590604,1.0
0.559029,0.0
0.557866,1.0
0.592213,1.0
0.557866,1.0
0.560573,1.0
0.561355,0.0
0.589872,0.0
0.557866,1.0
0.560037,1.0
0.592213,1.0
0.591435,1.0
0.593204,1.0
0.557866,1.0
0.560573,1.0
0.591923,1.0
0.558238,1.0
0.558238,0.0
0.557709,0.0
0.557866,0.0
0.557709,1.0
0.591435,1.0
0.59074,0.0
0.591923,0.0
0.556417,1.0
0.592213,1.0
0.557866,1.0
0.561355,1.0
0.556741,1.0
0.557866,1.0
0.56695,1.0
0.577546,1.0
0.577627,1.0
0.578103,0.0
0.579548,0.0
0.56695,0.0
0.56695,0.0
0.577822,1.0
0.579548,1.0
0.579351,0.0
0.579548,0.0
0.579497,0.0
0.577803,1.0
0.573481,0.0
0.5777,1.0
0.578497,1.0
0.578497,1.0
0.577546,1.0
0.578103,0.0
0.572403,1.0
0.577822,1.0
0.572403,0.0
0.570444,1.0
0.578026,1.0
0.56695,1.0
0.576764,1.0
0.578072,0.0
0.576448,1.0
0.572886,0.0
0.579481,0.0
0.579975,0.0
0.576764,1.0
0.56695,1.0
0.578015,0.0
0.579776,1.0
0.56695,1.0
0.576448,1.0
0.576764,0.0
0.578497,1.0
0.578026,1.0
0.5777,1.0
0.579918,1.0
0.576764,1.0
0.576764,1.0
0.562798,0.0
0.578497,0.0
0.562798,0.0
0.564858,1.0
0.574498,0.0
0.576448,1.0
0.568724,0.0
0.578072,0.0
0.577438,1.0
0.579548,1.0
0.576764,0.0
0.579748,1.0
0.576764,1.0
0.577822,0.0
0.579748,1.0
0.579975,0.0
0.578497,1.0
0.579548,0.0
0.579548,1.0
0.565871,0.0
0.56695,1.0
0.565871,0.0
0.573481,1.0
0.5777,1.0
0.570444,1.0
0.564858,0.0
0.579918,0.0
0.56695,1.0
0.576448,0.0
0.579975,0.0
0.576448,1.0
0.579548,0.0
0.568886,0.0
0.577546,0.0
0.576448,1.0
0.577822,1.0
0.579975,0.0
0.579776,1.0
0.57982,1.0
0.576448,1.0
0.579548,1.0
0.579737,1.0
0.571417,1.0
0.563895,1.0
0.563825,1.0
0.569614,0.0
0.570479,1.0
0.579776,1.0
0.577438,0.0
0.578015,1.0
0.571381,0.0
0.579975,0.0
0.576448,0.0
0.576764,1.0
0.567784,0.0
0.576448,0.0
0.593674,1.0
0.595062,1.0
0.594202,1.0
0.561411,0.0
0.541974,1.0
0.529633,1.0
0.529633,0.0
0.605941,1.0
0.606585,1.0
0.561291,0.0
0.541974,0.0
0.559901,1.0
0.594379,0.0
0.532637,1.0
0.594262,1.0
0.605897,1.0
0.605897,1.0
0.595062,1.0
0.561411,1.0
0.598951,0.0
0.605941,1.0
0.533963,1.0
0.597795,1.0
0.593601,1.0
0.593674,1.0
0.605081,1.0
0.561849,0.0
0.602951,1.0
0.534381,1.0
0.561354,1.0
0.561044,1.0
0.605081,0.0
0.593674,1.0
0.562077,1.0
0.595483,0.0
0.593674,1.0
0.602951,1.0
0.535311,1.0
0.605897,0.0
0.593601,1.0
0.594262,1.0
0.595615,1.0
0.605081,0.0
0.605081,1.0
0.519723,0.0
0.539936,1.0
0.519723,1.0
0.591959,0.0
0.53478,1.0
0.602951,1.0
0.529161,0.0
0.561849,1.0
0.594665,1.0
0.606585,1.0
0.535311,0.0
0.596012,1.0
0.605081,1.0
0.53747,1.0
0.596012,1.0
0.561044,0.0
0.605897,1.0
0.541974,0.0
0.606585,1.0
0.527268,0.0
0.593674,1.0
0.527268,0.0
0.601051,1.0
0.594262,1.0
0.597795,1.0
0.530032,1.0
0.560279,0.0
0.593674,1.0
0.539783,1.0
0.561044,0.0
0.602951,1.0
0.541974,0.0
0.525726,1.0
0.559695,1.0
0.602951,0.0
0.605941,1.0
0.561044,0.0
0.595483,1.0
0.5947,1.0
0.602951,1.0
0.606585,1.0
0.594632,1.0
0.598706,1.0
0.590527,0.0
0.590942,1.0
0.532874,1.0
0.597311,1.0
0.595483,1.0
0.560198,1.0
0.593945,1.0
0.53565,1.0
0.561044,0.0
0.539783,0.0
0.605081,1.0
0.526956,1.0
0.539783,0.0
0.48614,0.0
0.576852,1.0
0.58356,0.0
0.609369,0.0
0.496817,0.0
0.493064,0.0
0.495734,0.0
0.509584,1.0
0.491219,0.0
0.607903,0.0
0.499229,0.0
0.590932,1.0
0.595037,0.0
0.513517,1.0
0.582654,1.0
0.499268,0.0
0.499268,0.0
0.576852,0.0
0.598355,1.0
0.490361,1.0
0.509584,0.0
0.494183,0.0
0.512742,1.0
0.588343,1.0
0.48614,0.0
0.518202,1.0
0.611292,0.0
0.484064,0.0
0.50137,0.0
0.596884,1.0
0.595016,0.0
0.52009,1.0
0.48614,1.0
0.600991,0.0
0.589087,0.0
0.48614,1.0
0.484064,1.0
0.524859,0.0
0.501244,1.0
0.588343,0.0
0.582654,0.0
0.576442,0.0
0.52009,1.0
0.518202,1.0
0.518144,1.0
0.504991,0.0
0.515886,1.0
0.486737,0.0
0.50458,0.0
0.484064,0.0
0.502948,0.0
0.60024,0.0
0.579309,1.0
0.491219,1.0
0.52723,1.0
0.57293,1.0
0.518202,1.0
0.5156,0.0
0.57293,1.0
0.605951,0.0
0.499268,0.0
0.499229,0.0
0.491219,0.0
0.50142,0.0
0.48614,1.0
0.50142,0.0
0.507342,0.0
0.582654,0.0
0.512742,1.0
0.491854,0.0
0.60265,0.0
0.48614,1.0
0.490502,0.0
0.605951,0.0
0.484064,0.0
0.499229,0.0
0.521599,1.0
0.592198,1.0
0.486426,0.0
0.509584,0.0
0.605951,0.0
0.576683,1.0
0.582122,0.0
0.484064,0.0
0.491219,0.0
0.582929,0.0
0.504268,1.0
0.503098,0.0
0.48713,0.0
0.489353,0.0
0.488666,1.0
0.576683,1.0
0.594451,1.0
0.586453,1.0
0.491541,0.0
0.605951,0.0
0.493135,0.0
0.518202,1.0
0.508574,1.0
0.493135,0.0
0.634112,1.0
0.390973,0.0
0.412782,0.0
0.400934,0.0
0.683274,0.0
0.670078,1.0
0.68997,1.0
0.67959,0.0
0.650181,0.0
0.403325,0.0
0.708569,1.0
0.392792,0.0
0.403258,1.0
0.712181,1.0
0.386816,0.0
0.662811,1.0
0.662811,1.0
0.418135,0.0
0.384736,0.0
0.661787,1.0
0.680171,1.0
0.682371,1.0
0.684337,1.0
0.38238,0.0
0.634112,0.0
0.686909,1.0
0.399384,0.0
0.628024,1.0
0.68902,1.0
0.386776,0.0
0.414984,0.0
0.714585,0.0
0.627626,1.0
0.408614,0.0
0.408863,1.0
0.627626,0.0
0.620937,1.0
0.714522,1.0
0.681715,1.0
0.409224,1.0
0.413833,0.0
0.418927,0.0
0.714585,0.0
0.686909,0.0
0.750831,1.0
0.695043,1.0
0.721977,1.0
0.615623,0.0
0.701729,1.0
0.628024,0.0
0.722337,0.0
0.409609,0.0
0.389298,0.0
0.645874,0.0
0.750893,1.0
0.394841,0.0
0.686909,1.0
0.709428,0.0
0.394841,1.0
0.404853,1.0
0.662811,1.0
0.708569,1.0
0.650181,1.0
0.709965,1.0
0.627626,1.0
0.709965,1.0
0.678105,1.0
0.413833,1.0
0.684337,1.0
0.638092,0.0
0.407945,0.0
0.627626,1.0
0.662711,1.0
0.404853,0.0
0.628024,1.0
0.708569,1.0
0.722414,0.0
0.390647,1.0
0.641892,1.0
0.680171,1.0
0.404853,0.0
0.391901,0.0
0.414774,1.0
0.628024,1.0
0.650181,1.0
0.41383,0.0
0.675319,0.0
0.702311,1.0
0.625789,1.0
0.657526,1.0
0.625344,1.0
0.391901,0.0
0.388723,0.0
0.383493,0.0
0.647055,0.0
0.404853,0.0
0.683363,0.0
0.686909,1.0
0.70927,0.0
0.683363,1.0
0.658892,0.0
0.326574,0.0
0.337935,1.0
0.34092,0.0
0.668932,1.0
0.712127,1.0
0.740904,1.0
0.644837,0.0
0.616158,1.0
0.342576,0.0
0.739064,1.0
0.332831,0.0
0.42029,1.0
0.713887,1.0
0.324876,0.0
0.678276,0.0
0.678276,1.0
0.340339,0.0
0.328042,0.0
0.69816,0.0
0.68715,0.0
0.714779,1.0
0.684411,0.0
0.322938,1.0
0.59753,1.0
0.681621,1.0
0.340037,0.0
0.648694,1.0
0.717688,1.0
0.329319,0.0
0.343639,0.0
0.673188,1.0
0.655645,1.0
0.33994,1.0
0.424399,0.0
0.596196,0.0
0.644897,1.0
0.720592,1.0
0.699938,1.0
0.418456,0.0
0.338506,0.0
0.340825,0.0
0.673188,0.0
0.65031,0.0
0.731277,0.0
0.715366,1.0
0.721353,1.0
0.590969,0.0
0.719218,1.0
0.585715,0.0
0.716862,1.0
0.340549,0.0
0.325921,1.0
0.614007,1.0
0.723948,1.0
0.328494,0.0
0.681621,1.0
0.689422,1.0
0.407718,1.0
0.425562,0.0
0.678276,1.0
0.739064,1.0
0.668629,1.0
0.745664,1.0
0.655645,1.0
0.745664,0.0
0.687788,1.0
0.42125,0.0
0.684411,1.0
0.62711,1.0
0.345377,1.0
0.655645,1.0
0.701959,0.0
0.34345,0.0
0.648694,1.0
0.739064,0.0
0.693721,1.0
0.41035,0.0
0.681605,1.0
0.68715,1.0
0.34345,1.0
0.327213,1.0
0.421973,0.0
0.648694,1.0
0.668629,1.0
0.338561,0.0
0.643684,0.0
0.719556,1.0
0.652223,1.0
0.702057,1.0
0.652833,1.0
0.327213,0.0
0.330348,0.0
0.323316,0.0
0.636036,0.0
0.34345,0.0
0.691562,0.0
0.681621,1.0
0.689894,0.0
0.73445,1.0
0.63329,0.0
0.278309,0.0
0.347305,1.0
0.287661,0.0
0.719883,0.0
0.732053,0.0
0.750612,1.0
0.664793,1.0
0.66166,1.0
0.288378,0.0
0.748587,1.0
0.283442,0.0
0.450593,0.0
0.746382,1.0
0.278219,0.0
0.657635,0.0
0.692257,1.0
0.280347,0.0
0.281836,0.0
0.693839,0.0
0.670887,0.0
0.729773,1.0
0.683083,1.0
0.343178,0.0
0.638127,1.0
0.707941,0.0
0.287362,0.0
0.67078,1.0
0.731527,1.0
0.282302,0.0
0.28457,0.0
0.735819,1.0
0.684108,1.0
0.351356,0.0
0.368725,0.0
0.579444,0.0
0.671703,1.0
0.737996,0.0
0.725113,0.0
0.360111,0.0
0.280298,0.0
0.280471,0.0
0.711634,0.0
0.674551,0.0
0.76197,1.0
0.728638,1.0
0.755727,0.0
0.576704,0.0
0.732641,1.0
0.548178,0.0
0.758064,0.0
0.283711,0.0
0.34387,0.0
0.664739,0.0
0.775365,0.0
0.278646,0.0
0.707941,1.0
0.73117,1.0
0.437151,1.0
0.371986,1.0
0.692257,1.0
0.748587,0.0
0.685612,1.0
0.751416,1.0
0.684108,0.0
0.736764,1.0
0.699293,0.0
0.361377,0.0
0.708791,1.0
0.69644,1.0
0.358766,0.0
0.684108,1.0
0.690829,1.0
0.288674,0.0
0.67078,1.0
0.732332,1.0
0.751887,0.0
0.359652,0.0
0.713118,1.0
0.698406,0.0
0.357694,0.0
0.344282,1.0
0.361794,0.0
0.67078,1.0
0.685612,0.0
0.280342,1.0
0.660979,0.0
0.735463,0.0
0.679114,0.0
0.72763,1.0
0.681169,0.0
0.278538,0.0
0.282585,0.0
0.277955,0.0
0.649967,0.0
0.288674,0.0
0.723473,0.0
0.707941,1.0
0.722966,0.0
0.748209,0.0
0.576095,1.0
0.622196,0.0
0.595094,1.0
0.621169,0.0
0.571702,1.0
0.552143,1.0
0.531703,0.0
0.586514,1.0
0.575132,1.0
0.621122,1.0
0.533109,1.0
0.621575,1.0
0.592292,0.0
0.544961,1.0
0.622131,0.0
0.586608,0.0
0.582008,1.0
0.62251,0.0
0.621627,1.0
0.561556,0.0
0.590819,0.0
0.547075,1.0
0.584535,0.0
0.609715,0.0
0.565169,0.0
0.59428,1.0
0.62118,0.0
0.570145,1.0
0.546543,0.0
0.621607,0.0
0.621913,1.0
0.562761,0.0
0.570493,0.0
0.608983,1.0
0.610749,1.0
0.579597,0.0
0.57192,1.0
0.556402,1.0
0.564388,1.0
0.612231,0.0
0.62243,0.0
0.622513,1.0
0.577116,1.0
0.595271,0.0
0.536517,0.0
0.551438,1.0
0.54565,0.0
0.563968,0.0
0.547767,1.0
0.582832,1.0
0.539758,0.0
0.621911,0.0
0.609726,0.0
0.58501,1.0
0.543435,0.0
0.622229,0.0
0.587793,0.0
0.559322,1.0
0.578103,1.0
0.595136,1.0
0.582008,0.0
0.53836,1.0
0.57853,1.0
0.531731,0.0
0.578567,0.0
0.530739,0.0
0.590064,1.0
0.612143,0.0
0.583821,0.0
0.546485,0.0
0.607738,0.0
0.570493,0.0
0.553844,1.0
0.621112,1.0
0.570145,1.0
0.532629,1.0
0.554687,0.0
0.611799,1.0
0.552421,0.0
0.591856,0.0
0.607853,1.0
0.59518,1.0
0.612104,0.0
0.570145,0.0
0.585061,1.0
0.610159,1.0
0.590286,1.0
0.551004,0.0
0.574105,0.0
0.546094,0.0
0.579665,0.0
0.622187,0.0
0.621606,1.0
0.622103,0.0
0.563701,1.0
0.621112,1.0
0.541219,1.0
0.587793,1.0
0.55893,1.0
0.538062,1.0
0.541094,0.0
0.528978,0.0
0.536672,0.0
0.529221,1.0
0.521847,1.0
0.516539,1.0
0.518653,1.0
0.527774,1.0
0.533242,0.0
0.530291,0.0
0.517227,1.0
0.530186,1.0
0.53824,1.0
0.5141,0.0
0.528995,1.0
0.53126,1.0
0.524639,1.0
0.528904,1.0
0.530171,1.0
0.521327,0.0
0.527667,1.0
0.515706,1.0
0.52421,1.0
0.532503,0.0
0.539098,1.0
0.522883,0.0
0.529218,1.0
0.530057,0.0
0.516068,0.0
0.529122,0.0
0.530104,0.0
0.516072,1.0
0.526602,0.0
0.533792,0.0
0.533148,1.0
0.56314,1.0
0.529169,0.0
0.515622,1.0
0.518065,1.0
0.531656,1.0
0.528925,0.0
0.529958,1.0
0.520838,0.0
0.528643,0.0
0.517371,1.0
0.515849,1.0
0.515801,1.0
0.556437,0.0
0.515233,0.0
0.557588,0.0
0.51825,0.0
0.529049,1.0
0.532499,1.0
0.537444,0.0
0.517007,1.0
0.52897,0.0
0.522327,1.0
0.516369,1.0
0.540698,0.0
0.536915,0.0
0.525219,1.0
0.51746,0.0
0.526442,0.0
0.519008,1.0
0.53017,1.0
0.519155,0.0
0.524217,0.0
0.531672,0.0
0.521996,0.0
0.522112,0.0
0.533058,0.0
0.526602,1.0
0.520469,0.0
0.530293,1.0
0.530057,0.0
0.517449,1.0
0.515082,1.0
0.532883,1.0
0.519705,0.0
0.525018,1.0
0.534106,1.0
0.5366,0.0
0.531682,1.0
0.530496,0.0
0.529215,1.0
0.532775,0.0
0.53135,1.0
0.516132,0.0
0.532507,0.0
0.516771,0.0
0.530899,0.0
0.528981,1.0
0.530178,0.0
0.529001,0.0
0.533667,0.0
0.530293,1.0
0.518542,1.0
0.52175,1.0
0.516806,0.0
0.517269,1.0
0.656056,0.0
0.329807,0.0
0.40741,1.0
0.335388,1.0
0.69589,1.0
0.7284,1.0
0.743252,1.0
0.669596,0.0
0.669335,1.0
0.333431,0.0
0.742894,1.0
0.338878,0.0
0.380347,1.0
0.733231,1.0
0.335299,0.0
0.667719,0.0
0.675636,1.0
0.333615,0.0
0.339183,0.0
0.719983,1.0
0.671531,1.0
0.731148,1.0
0.678709,1.0
0.347423,0.0
0.665497,0.0
0.673023,1.0
0.335443,1.0
0.676507,1.0
0.738532,0.0
0.33038,1.0
0.332193,0.0
0.712299,0.0
0.687005,1.0
0.351553,0.0
0.345643,0.0
0.496321,1.0
0.676819,1.0
0.732261,1.0
0.713683,1.0
0.339745,0.0
0.328608,0.0
0.336903,0.0
0.696093,0.0
0.667313,0.0
0.729327,0.0
0.728956,1.0
0.735626,1.0
0.570498,1.0
0.735868,1.0
0.325776,0.0
0.742568,0.0
0.334386,0.0
0.352694,0.0
0.657775,1.0
0.730578,1.0
0.329619,0.0
0.674906,0.0
0.717307,1.0
0.479377,0.0
0.397841,1.0
0.678156,1.0
0.747957,0.0
0.677957,1.0
0.745039,1.0
0.672789,1.0
0.749001,0.0
0.674946,1.0
0.334128,0.0
0.683486,1.0
0.729444,1.0
0.348768,0.0
0.683811,1.0
0.723485,1.0
0.338721,0.0
0.676507,1.0
0.743882,1.0
0.727219,1.0
0.345663,0.0
0.725381,1.0
0.672982,1.0
0.358935,0.0
0.408234,1.0
0.339474,0.0
0.679613,1.0
0.666626,1.0
0.36972,0.0
0.661785,0.0
0.738233,0.0
0.675246,1.0
0.735769,0.0
0.673238,1.0
0.335047,0.0
0.333684,0.0
0.330169,0.0
0.687607,0.0
0.338721,0.0
0.737648,1.0
0.672495,0.0
0.726352,0.0
0.74186,0.0
0.65449,1.0
0.303858,0.0
0.426853,1.0
0.377119,0.0
0.758356,0.0
0.783861,1.0
0.789646,0.0
0.697811,1.0
0.701428,1.0
0.30581,0.0
0.789837,1.0
0.309499,0.0
0.403573,1.0
0.797998,1.0
0.307381,1.0
0.68625,1.0
0.721406,1.0
0.306494,0.0
0.309688,0.0
0.767709,1.0
0.713431,1.0
0.784924,1.0
0.725124,1.0
0.310593,0.0
0.658573,0.0
0.732545,1.0
0.377162,0.0
0.709044,1.0
0.780423,1.0
0.373132,0.0
0.305286,1.0
0.779567,1.0
0.720285,1.0
0.312992,0.0
0.310958,0.0
0.46174,0.0
0.711166,1.0
0.784838,1.0
0.7748,0.0
0.30766,0.0
0.303251,0.0
0.308547,1.0
0.75049,0.0
0.699658,1.0
0.799754,1.0
0.784262,1.0
0.79344,1.0
0.607825,0.0
0.788788,1.0
0.273486,0.0
0.788356,1.0
0.306811,0.0
0.314553,0.0
0.692864,1.0
0.803636,1.0
0.303763,0.0
0.722559,1.0
0.785134,1.0
0.406156,1.0
0.418434,1.0
0.719812,1.0
0.782788,0.0
0.717743,1.0
0.788613,1.0
0.710109,1.0
0.78317,0.0
0.726292,1.0
0.303878,0.0
0.737955,1.0
0.767921,0.0
0.310842,0.0
0.717705,1.0
0.766754,1.0
0.309317,0.0
0.709044,1.0
0.787441,1.0
0.795143,1.0
0.31121,0.0
0.771448,1.0
0.722291,1.0
0.318068,0.0
0.427691,1.0
0.307475,0.0
0.707567,1.0
0.711159,1.0
0.323999,0.0
0.688029,0.0
0.778412,1.0
0.707298,1.0
0.776677,1.0
0.709806,1.0
0.307247,0.0
0.306046,0.0
0.304036,0.0
0.708826,0.0
0.309317,0.0
0.78578,0.0
0.723682,0.0
0.779962,0.0
0.782452,1.0
0.691136,1.0
0.577638,0.0
0.572369,1.0
0.57843,0.0
0.556718,1.0
0.396006,1.0
0.361236,0.0
0.719721,0.0
0.713261,0.0
0.577699,1.0
0.362253,0.0
0.577722,0.0
0.573242,0.0
0.37936,0.0
0.576853,1.0
0.715078,1.0
0.717973,1.0
0.57766,1.0
0.577722,1.0
0.449072,0.0
0.720577,1.0
0.393549,0.0
0.708768,1.0
0.578042,1.0
0.687869,1.0
0.717166,1.0
0.57843,0.0
0.710189,1.0
0.389753,0.0
0.578252,1.0
0.576936,0.0
0.434885,0.0
0.68979,0.0
0.57811,0.0
0.578009,0.0
0.580427,0.0
0.708866,1.0
0.392573,0.0
0.454806,0.0
0.577926,1.0
0.577629,0.0
0.576837,1.0
0.589359,0.0
0.7186,1.0
0.361294,0.0
0.399834,1.0
0.370438,0.0
0.564653,0.0
0.390603,1.0
0.579198,1.0
0.363365,0.0
0.577675,0.0
0.578058,1.0
0.70923,1.0
0.361826,0.0
0.577637,1.0
0.713411,1.0
0.421187,0.0
0.575341,1.0
0.572634,0.0
0.71594,0.0
0.36559,0.0
0.717141,1.0
0.359175,0.0
0.700772,0.0
0.362105,0.0
0.717764,0.0
0.577898,1.0
0.69406,1.0
0.429252,0.0
0.578098,0.0
0.69207,1.0
0.450695,0.0
0.577731,0.0
0.710189,1.0
0.363394,0.0
0.383002,1.0
0.577987,0.0
0.437801,0.0
0.719613,1.0
0.578159,0.0
0.57232,1.0
0.577927,1.0
0.707436,1.0
0.717593,0.0
0.578209,1.0
0.713779,0.0
0.393389,0.0
0.69535,1.0
0.398601,1.0
0.702419,1.0
0.577671,0.0
0.577691,0.0
0.577642,1.0
0.62798,1.0
0.577731,0.0
0.371242,0.0
0.71801,1.0
0.411267,0.0
0.36473,0.0
0.681328,1.0
0.304382,0.0
0.48211,0.0
0.346016,1.0
0.760034,1.0
0.790934,1.0
0.776988,1.0
0.697021,1.0
0.687195,1.0
0.318779,1.0
0.781617,1.0
0.305119,0.0
0.448548,0.0
0.79128,1.0
0.384927,0.0
0.705221,1.0
0.725039,1.0
0.31912,1.0
0.319458,0.0
0.770925,1.0
0.718631,1.0
0.780204,1.0
0.728519,1.0
0.317996,1.0
0.683149,1.0
0.736634,1.0
0.346032,0.0
0.712143,1.0
0.786717,0.0
0.360337,1.0
0.367909,0.0
0.791486,1.0
0.707659,1.0
0.303942,0.0
0.304303,0.0
0.313738,0.0
0.714446,1.0
0.780009,1.0
0.771604,1.0
0.318298,0.0
0.304346,0.0
0.385373,0.0
0.758754,1.0
0.718399,1.0
0.802157,1.0
0.791423,1.0
0.78581,1.0
0.617613,1.0
0.7948,1.0
0.305571,0.0
0.791667,1.0
0.30482,1.0
0.318802,1.0
0.699813,1.0
0.794976,1.0
0.318628,0.0
0.739283,0.0
0.784023,1.0
0.418611,1.0
0.460264,1.0
0.704805,1.0
0.781946,1.0
0.721165,1.0
0.780153,1.0
0.69683,1.0
0.782006,1.0
0.711269,1.0
0.317655,1.0
0.739779,1.0
0.763991,1.0
0.303562,0.0
0.719504,1.0
0.770087,0.0
0.305064,1.0
0.712143,1.0
0.77953,1.0
0.800199,1.0
0.304423,1.0
0.772392,1.0
0.726434,1.0
0.304755,0.0
0.482909,1.0
0.318266,0.0
0.710748,1.0
0.696006,1.0
0.319445,1.0
0.684308,1.0
0.785223,1.0
0.710037,1.0
0.795329,1.0
0.713178,1.0
0.304889,0.0
0.304572,1.0
0.318644,0.0
0.719096,0.0
0.305064,0.0
0.774946,1.0
0.735352,1.0
0.784761,1.0
0.785823,1.0
0.528394,1.0
0.536064,1.0
0.545592,1.0
0.532312,1.0
0.521424,1.0
0.523857,1.0
0.52413,1.0
0.524845,0.0
0.524237,1.0
0.531215,0.0
0.524808,1.0
0.536118,1.0
0.543759,1.0
0.525155,0.0
0.540714,1.0
0.526192,1.0
0.525835,1.0
0.531238,1.0
0.53743,1.0
0.520343,1.0
0.525908,1.0
0.523201,1.0
0.526428,1.0
0.531183,0.0
0.529594,1.0
0.527348,0.0
0.538467,1.0
0.52521,0.0
0.522963,1.0
0.5339,0.0
0.539333,1.0
0.523283,1.0
0.52236,0.0
0.536068,0.0
0.536083,1.0
0.536912,1.0
0.525398,1.0
0.523405,1.0
0.520368,1.0
0.537364,0.0
0.53606,1.0
0.540742,1.0
0.51917,0.0
0.527147,1.0
0.527335,1.0
0.52393,1.0
0.524863,1.0
0.543855,1.0
0.524647,0.0
0.536596,1.0
0.525909,0.0
0.529692,1.0
0.531244,1.0
0.526569,1.0
0.526499,1.0
0.537365,1.0
0.526806,1.0
0.522967,1.0
0.537229,1.0
0.538885,0.0
0.523368,1.0
0.524544,1.0
0.525559,0.0
0.52478,1.0
0.523469,1.0
0.524709,1.0
0.524371,0.0
0.531146,0.0
0.527224,1.0
0.5198,0.0
0.536043,1.0
0.525246,1.0
0.519136,1.0
0.529712,1.0
0.52521,1.0
0.52448,0.0
0.525634,1.0
0.529682,1.0
0.520624,0.0
0.526175,1.0
0.536125,1.0
0.539778,1.0
0.537362,1.0
0.524973,1.0
0.524016,1.0
0.531303,1.0
0.526375,1.0
0.523748,1.0
0.525434,1.0
0.524114,0.0
0.525681,0.0
0.5361,1.0
0.529675,0.0
0.537366,0.0
0.526586,1.0
0.536115,1.0
0.523385,1.0
0.527375,1.0
0.523173,1.0
0.525088,1.0
0.595912,0.0
0.63432,1.0
0.564604,0.0
0.582535,0.0
0.638878,0.0
0.665502,0.0
0.669372,0.0
0.595785,1.0
0.599017,0.0
0.591555,0.0
0.669206,0.0
0.634297,1.0
0.584382,0.0
0.65883,0.0
0.611097,1.0
0.600436,0.0
0.600665,0.0
0.590716,1.0
0.630896,1.0
0.661888,1.0
0.600898,1.0
0.66682,1.0
0.60304,1.0
0.592027,0.0
0.594541,1.0
0.593761,0.0
0.625835,0.0
0.591207,1.0
0.665062,1.0
0.577152,1.0
0.616427,0.0
0.66343,1.0
0.599725,1.0
0.636959,0.0
0.634552,0.0
0.63964,1.0
0.599795,1.0
0.66713,1.0
0.662094,1.0
0.633395,0.0
0.634312,1.0
0.61098,1.0
0.635647,1.0
0.602336,1.0
0.669026,1.0
0.66516,1.0
0.668771,0.0
0.575843,1.0
0.656374,0.0
0.633477,1.0
0.659859,0.0
0.595646,0.0
0.591095,1.0
0.598445,1.0
0.669263,1.0
0.630928,1.0
0.601067,1.0
0.664806,0.0
0.551696,1.0
0.526451,0.0
0.602287,1.0
0.668988,0.0
0.592005,0.0
0.669563,1.0
0.603819,1.0
0.669358,0.0
0.595376,1.0
0.591938,1.0
0.604327,1.0
0.655028,0.0
0.634733,1.0
0.603055,1.0
0.659718,0.0
0.595628,1.0
0.598506,0.0
0.660244,0.0
0.666421,1.0
0.595917,1.0
0.654036,0.0
0.601017,0.0
0.634647,0.0
0.51734,0.0
0.631151,0.0
0.598595,1.0
0.600637,1.0
0.591158,1.0
0.603614,1.0
0.666693,1.0
0.600312,1.0
0.655312,0.0
0.59353,1.0
0.63429,1.0
0.596562,0.0
0.633173,1.0
0.611521,1.0
0.634306,1.0
0.66832,0.0
0.602595,1.0
0.665699,1.0
0.668961,0.0
0.593726,0.0
0.604856,0.0
0.590651,1.0
0.584524,0.0
0.547299,1.0
0.540729,0.0
0.534163,0.0
0.599344,1.0
0.591576,1.0
0.588367,1.0
0.536057,1.0
0.604878,0.0
0.590079,0.0
0.538436,0.0
0.603057,0.0
0.597908,1.0
0.600398,1.0
0.594238,0.0
0.605113,1.0
0.537107,0.0
0.604075,0.0
0.539565,1.0
0.605949,0.0
0.588497,0.0
0.597397,0.0
0.603318,1.0
0.598141,0.0
0.600626,1.0
0.539978,1.0
0.592435,0.0
0.596328,1.0
0.543262,0.0
0.593096,0.0
0.599751,0.0
0.599017,1.0
0.606491,0.0
0.601843,1.0
0.53974,1.0
0.537243,1.0
0.599954,1.0
0.604852,0.0
0.603051,1.0
0.54191,1.0
0.605256,0.0
0.546517,0.0
0.545325,1.0
0.537314,0.0
0.543579,0.0
0.541569,1.0
0.605211,0.0
0.538622,1.0
0.587577,0.0
0.594366,0.0
0.600257,1.0
0.54444,0.0
0.605084,1.0
0.607309,0.0
0.536685,1.0
0.585565,1.0
0.560744,1.0
0.59853,0.0
0.535672,0.0
0.598961,1.0
0.539948,0.0
0.595944,1.0
0.535781,0.0
0.60034,1.0
0.59505,0.0
0.607196,0.0
0.529444,0.0
0.604941,0.0
0.602479,0.0
0.530923,0.0
0.594282,1.0
0.596847,1.0
0.534893,1.0
0.547787,0.0
0.594361,1.0
0.532547,1.0
0.601094,1.0
0.599064,0.0
0.565933,1.0
0.599237,0.0
0.60044,0.0
0.597587,0.0
0.594429,0.0
0.598942,0.0
0.541133,0.0
0.600563,0.0
0.54156,0.0
0.601646,1.0
0.604867,1.0
0.588396,0.0
0.605729,0.0
0.59843,1.0
0.604879,0.0
0.533257,0.0
0.60765,1.0
0.540788,1.0
0.537269,1.0
0.681878,0.0
0.336819,0.0
0.366754,1.0
0.39679,0.0
0.773728,0.0
0.786993,0.0
0.759898,1.0
0.660765,1.0
0.67468,1.0
0.383634,0.0
0.76733,1.0
0.336737,0.0
0.372237,1.0
0.774685,1.0
0.338532,0.0
0.699356,0.0
0.715507,1.0
0.369452,0.0
0.339038,0.0
0.74133,1.0
0.687925,1.0
0.747777,1.0
0.696476,0.0
0.379283,1.0
0.663399,0.0
0.726368,1.0
0.352643,0.0
0.680886,1.0
0.748489,0.0
0.370331,0.0
0.360692,0.0
0.761348,1.0
0.662696,1.0
0.348822,0.0
0.3552,1.0
0.332083,0.0
0.684876,1.0
0.747454,1.0
0.741637,1.0
0.351427,0.0
0.33683,0.0
0.342158,0.0
0.742597,0.0
0.689799,1.0
0.768588,0.0
0.769106,1.0
0.771159,0.0
0.716624,0.0
0.788973,1.0
0.335607,0.0
0.77576,0.0
0.386295,0.0
0.368983,0.0
0.674836,0.0
0.760718,1.0
0.339144,0.0
0.70138,0.0
0.772632,0.0
0.403076,1.0
0.532963,0.0
0.663721,1.0
0.765585,0.0
0.709949,0.0
0.745224,1.0
0.659065,1.0
0.765549,0.0
0.670888,0.0
0.363604,0.0
0.706893,1.0
0.748555,1.0
0.336602,0.0
0.686109,1.0
0.753229,1.0
0.374145,0.0
0.70277,1.0
0.762692,1.0
0.776453,1.0
0.373863,0.0
0.75962,1.0
0.717381,1.0
0.351295,0.0
0.503185,1.0
0.35026,0.0
0.679166,1.0
0.658582,1.0
0.368711,0.0
0.652806,0.0
0.752488,1.0
0.678654,1.0
0.789782,1.0
0.682259,1.0
0.340372,0.0
0.380549,0.0
0.333057,0.0
0.680074,0.0
0.336738,0.0
0.758571,0.0
0.705517,0.0
0.752769,0.0
0.772307,1.0
0.605187,0.0
0.633581,1.0
0.60583,0.0
0.603698,0.0
0.655712,0.0
0.670357,0.0
0.661031,1.0
0.593192,0.0
0.59104,0.0
0.609707,1.0
0.66045,0.0
0.633619,1.0
0.603827,0.0
0.660372,0.0
0.632867,1.0
0.605369,0.0
0.590673,0.0
0.617879,1.0
0.631729,1.0
0.658668,1.0
0.59218,1.0
0.660148,0.0
0.60751,1.0
0.599784,1.0
0.60673,1.0
0.591175,1.0
0.626263,0.0
0.590858,0.0
0.673494,1.0
0.617537,1.0
0.621418,0.0
0.659707,1.0
0.595461,1.0
0.628031,0.0
0.61163,1.0
0.63573,0.0
0.591533,0.0
0.660266,1.0
0.65846,1.0
0.625867,0.0
0.633577,0.0
0.630315,0.0
0.662482,1.0
0.593176,1.0
0.673749,1.0
0.6597,1.0
0.672777,1.0
0.646561,0.0
0.658589,0.0
0.634129,0.0
0.672154,0.0
0.609408,0.0
0.618117,1.0
0.606674,0.0
0.6616,1.0
0.631679,1.0
0.607306,1.0
0.670955,0.0
0.583554,1.0
0.510325,0.0
0.592635,0.0
0.673142,1.0
0.604032,1.0
0.661376,1.0
0.593528,1.0
0.673286,0.0
0.608252,1.0
0.620875,1.0
0.593863,1.0
0.658982,0.0
0.63368,0.0
0.593214,0.0
0.658378,0.0
0.614436,0.0
0.590113,0.0
0.660472,0.0
0.660449,1.0
0.614583,1.0
0.658293,0.0
0.590839,0.0
0.626863,0.0
0.510433,1.0
0.627355,0.0
0.591194,1.0
0.592191,1.0
0.618255,1.0
0.610726,1.0
0.660643,0.0
0.592245,1.0
0.658577,0.0
0.592132,0.0
0.63111,0.0
0.612515,0.0
0.635305,1.0
0.61443,0.0
0.633619,0.0
0.673227,0.0
0.606755,1.0
0.672902,1.0
0.660282,0.0
0.517323,1.0
0.532928,1.0
0.538733,0.0
0.535833,1.0
0.50851,1.0
0.511899,1.0
0.516004,0.0
0.519256,0.0
0.516669,0.0
0.534545,0.0
0.514828,1.0
0.532925,0.0
0.538812,0.0
0.513466,0.0
0.532925,1.0
0.514278,1.0
0.51032,1.0
0.533958,1.0
0.533172,0.0
0.51787,0.0
0.513988,0.0
0.517476,1.0
0.513829,0.0
0.537031,0.0
0.519018,0.0
0.508186,0.0
0.53431,0.0
0.515438,0.0
0.518098,0.0
0.53392,0.0
0.534838,1.0
0.515124,1.0
0.518649,0.0
0.534217,1.0
0.536354,1.0
0.533707,1.0
0.515035,0.0
0.517789,1.0
0.517924,1.0
0.53455,0.0
0.533871,0.0
0.534217,0.0
0.514788,0.0
0.514046,0.0
0.515602,1.0
0.514264,0.0
0.514778,1.0
0.512796,0.0
0.511204,0.0
0.533823,0.0
0.514196,0.0
0.535458,0.0
0.533942,0.0
0.517778,1.0
0.516148,0.0
0.533176,0.0
0.513103,1.0
0.514041,0.0
0.538416,0.0
0.548172,1.0
0.51842,0.0
0.515737,0.0
0.51116,0.0
0.518468,0.0
0.518957,0.0
0.515607,0.0
0.517754,1.0
0.533736,1.0
0.511622,1.0
0.516526,0.0
0.533864,0.0
0.515079,1.0
0.515675,0.0
0.535526,1.0
0.51214,0.0
0.515503,1.0
0.513366,1.0
0.534394,1.0
0.514937,0.0
0.510193,1.0
0.534298,1.0
0.545011,0.0
0.534247,0.0
0.514861,1.0
0.518437,0.0
0.533932,0.0
0.520804,0.0
0.516692,1.0
0.515277,0.0
0.51078,0.0
0.515562,0.0
0.534226,1.0
0.535214,0.0
0.532799,0.0
0.519104,0.0
0.533868,1.0
0.516484,0.0
0.512645,1.0
0.517297,0.0
0.513998,0.0
0.729095,1.0
0.581266,0.0
0.57944,1.0
0.582819,0.0
0.381654,1.0
0.352551,1.0
0.355741,0.0
0.734748,1.0
0.735095,1.0
0.579613,0.0
0.348065,1.0
0.578898,1.0
0.579332,0.0
0.357321,0.0
0.581366,1.0
0.731102,0.0
0.731571,1.0
0.581707,1.0
0.578914,1.0
0.355492,1.0
0.734836,1.0
0.345195,1.0
0.733702,1.0
0.578009,1.0
0.731379,1.0
0.733595,1.0
0.579853,0.0
0.735929,1.0
0.353536,0.0
0.57939,0.0
0.582347,0.0
0.351097,0.0
0.727041,1.0
0.582152,0.0
0.58016,0.0
0.581878,0.0
0.735697,1.0
0.346927,1.0
0.348139,0.0
0.579814,1.0
0.579552,1.0
0.579681,0.0
0.374095,1.0
0.734268,1.0
0.348726,1.0
0.358763,1.0
0.350092,0.0
0.403482,0.0
0.360461,1.0
0.57955,0.0
0.355822,1.0
0.580292,0.0
0.579333,1.0
0.730294,1.0
0.355546,0.0
0.578914,1.0
0.729649,1.0
0.35738,1.0
0.577938,1.0
0.580922,1.0
0.734893,1.0
0.355842,0.0
0.734675,1.0
0.352805,0.0
0.732006,1.0
0.354089,1.0
0.729379,1.0
0.581645,1.0
0.727688,0.0
0.354751,1.0
0.579549,0.0
0.729654,1.0
0.356553,0.0
0.582399,0.0
0.735845,1.0
0.347189,0.0
0.352358,1.0
0.581684,0.0
0.357071,0.0
0.731471,1.0
0.582193,0.0
0.577755,1.0
0.579818,1.0
0.730573,1.0
0.734189,0.0
0.579331,1.0
0.732146,1.0
0.346143,0.0
0.733707,1.0
0.361105,0.0
0.735181,1.0
0.581968,0.0
0.580222,1.0
0.578873,1.0
0.724259,1.0
0.581935,0.0
0.353118,0.0
0.729794,1.0
0.3548,1.0
0.356315,0.0
0.598643,1.0
0.624403,1.0
0.576012,0.0
0.616964,0.0
0.65665,0.0
0.662563,1.0
0.660393,0.0
0.599743,1.0
0.59797,0.0
0.627122,1.0
0.66459,0.0
0.615274,1.0
0.58691,0.0
0.66046,0.0
0.612751,1.0
0.594113,0.0
0.595003,1.0
0.61198,1.0
0.614596,1.0
0.665006,1.0
0.597122,1.0
0.665912,1.0
0.597713,1.0
0.58268,0.0
0.600246,1.0
0.592851,1.0
0.620209,0.0
0.59724,0.0
0.662619,1.0
0.627426,1.0
0.616229,0.0
0.660106,1.0
0.600345,0.0
0.616868,0.0
0.591586,1.0
0.616665,0.0
0.597464,1.0
0.665257,1.0
0.662235,1.0
0.607121,0.0
0.607602,1.0
0.619322,1.0
0.661232,1.0
0.597978,1.0
0.663697,1.0
0.662027,0.0
0.659819,1.0
0.653313,1.0
0.661173,0.0
0.619795,0.0
0.664137,0.0
0.620124,1.0
0.614994,1.0
0.598931,0.0
0.66052,1.0
0.614591,1.0
0.597635,1.0
0.663937,0.0
0.573833,1.0
0.563789,0.0
0.598802,1.0
0.660263,0.0
0.595179,0.0
0.662505,0.0
0.599926,1.0
0.665223,1.0
0.599547,1.0
0.612217,1.0
0.593073,1.0
0.665411,0.0
0.619717,0.0
0.597958,1.0
0.661965,0.0
0.614933,1.0
0.595659,0.0
0.661927,1.0
0.661304,1.0
0.622855,1.0
0.661523,1.0
0.595046,0.0
0.616881,0.0
0.531159,0.0
0.608015,1.0
0.597018,0.0
0.595524,1.0
0.615006,1.0
0.602149,1.0
0.662731,1.0
0.597755,0.0
0.657829,0.0
0.597982,1.0
0.615713,1.0
0.608103,1.0
0.615434,1.0
0.602824,0.0
0.616577,1.0
0.662539,0.0
0.597302,1.0
0.665005,1.0
0.660751,1.0
0.612868,0.0
0.617746,1.0
0.558471,0.0
0.593513,1.0
0.655294,0.0
0.680135,0.0
0.66662,0.0
0.614893,0.0
0.590755,1.0
0.620231,0.0
0.660705,0.0
0.607086,1.0
0.574027,0.0
0.666734,0.0
0.605094,1.0
0.597341,0.0
0.609832,0.0
0.604936,1.0
0.606699,1.0
0.681805,0.0
0.610794,1.0
0.683643,0.0
0.61158,0.0
0.561512,0.0
0.613209,1.0
0.60706,1.0
0.595665,0.0
0.590222,0.0
0.689373,1.0
0.620214,1.0
0.592456,0.0
0.687994,1.0
0.592631,1.0
0.592662,1.0
0.596935,1.0
0.592273,0.0
0.612132,1.0
0.682143,1.0
0.689313,1.0
0.580508,1.0
0.602747,0.0
0.615848,1.0
0.679159,1.0
0.611025,1.0
0.680522,1.0
0.658597,0.0
0.687878,1.0
0.683067,0.0
0.658545,0.0
0.59514,1.0
0.660324,1.0
0.616836,0.0
0.607291,1.0
0.591631,0.0
0.688157,0.0
0.606697,1.0
0.611394,1.0
0.660097,0.0
0.579091,0.0
0.553118,0.0
0.614166,0.0
0.666614,1.0
0.589204,0.0
0.667121,1.0
0.61419,1.0
0.682454,0.0
0.614011,0.0
0.605022,1.0
0.618574,1.0
0.66066,0.0
0.595103,0.0
0.613071,0.0
0.666504,0.0
0.61312,0.0
0.589462,0.0
0.689588,0.0
0.67837,1.0
0.617231,1.0
0.688992,1.0
0.589855,0.0
0.592708,0.0
0.52069,0.0
0.6032,0.0
0.590311,1.0
0.620256,1.0
0.607295,1.0
0.615886,1.0
0.689933,0.0
0.590715,1.0
0.665721,0.0
0.612619,1.0
0.613135,0.0
0.60369,1.0
0.60715,0.0
0.594938,0.0
0.613575,0.0
0.666957,1.0
0.611022,1.0
0.681652,1.0
0.688671,1.0
0.742364,1.0
0.577362,0.0
0.582891,1.0
0.57866,1.0
0.36265,1.0
0.352435,0.0
0.352546,0.0
0.742777,1.0
0.738031,0.0
0.57686,0.0
0.352857,0.0
0.58007,0.0
0.578451,0.0
0.353676,1.0
0.58017,1.0
0.743279,1.0
0.744424,1.0
0.580224,1.0
0.580098,0.0
0.355295,0.0
0.736823,1.0
0.357298,1.0
0.743338,1.0
0.582649,1.0
0.735326,1.0
0.735084,1.0
0.578312,0.0
0.745282,1.0
0.343433,1.0
0.577465,0.0
0.578359,1.0
0.340371,0.0
0.736172,1.0
0.578544,1.0
0.576918,0.0
0.578287,1.0
0.737812,0.0
0.340036,1.0
0.344574,0.0
0.581842,1.0
0.579908,0.0
0.577528,1.0
0.346675,0.0
0.73605,0.0
0.3363,0.0
0.350773,0.0
0.338902,1.0
0.373906,1.0
0.350643,0.0
0.578549,0.0
0.336536,0.0
0.577038,0.0
0.580114,1.0
0.744012,1.0
0.353534,1.0
0.580098,1.0
0.736084,1.0
0.353289,1.0
0.58118,1.0
0.583105,0.0
0.743313,0.0
0.337442,0.0
0.743833,1.0
0.340614,1.0
0.736386,1.0
0.354252,0.0
0.743142,0.0
0.580211,1.0
0.735086,0.0
0.355996,0.0
0.578282,0.0
0.743682,0.0
0.357306,0.0
0.577032,0.0
0.745089,1.0
0.356506,0.0
0.334497,1.0
0.577444,0.0
0.344133,1.0
0.744723,1.0
0.578327,0.0
0.584455,1.0
0.579907,1.0
0.737774,1.0
0.736175,0.0
0.580114,1.0
0.735582,1.0
0.358517,1.0
0.737235,0.0
0.3521,0.0
0.737568,1.0
0.57695,0.0
0.580409,0.0
0.579553,1.0
0.740277,0.0
0.576931,0.0
0.342706,0.0
0.735978,1.0
0.339587,0.0
0.340866,0.0
0.596736,0.0
0.62203,1.0
0.579538,0.0
0.602189,0.0
0.65927,0.0
0.660796,0.0
0.660671,1.0
0.597536,1.0
0.589135,0.0
0.608939,0.0
0.660189,0.0
0.622728,1.0
0.591114,1.0
0.663551,1.0
0.609875,1.0
0.596954,0.0
0.594849,1.0
0.610053,1.0
0.622652,1.0
0.661785,0.0
0.59343,1.0
0.664928,1.0
0.596288,1.0
0.579009,0.0
0.59545,0.0
0.590308,1.0
0.599053,1.0
0.594674,0.0
0.663437,1.0
0.623394,1.0
0.585528,0.0
0.659635,1.0
0.594602,1.0
0.601459,0.0
0.612689,1.0
0.585158,0.0
0.590518,1.0
0.661829,1.0
0.660633,1.0
0.601852,1.0
0.606896,0.0
0.610099,1.0
0.658075,1.0
0.589452,1.0
0.657731,1.0
0.657656,0.0
0.661991,1.0
0.661209,1.0
0.657547,0.0
0.614484,0.0
0.656184,0.0
0.608025,0.0
0.610934,1.0
0.595975,0.0
0.664917,1.0
0.610551,1.0
0.59383,1.0
0.662286,0.0
0.586342,1.0
0.592736,0.0
0.593364,0.0
0.657403,1.0
0.592408,0.0
0.661615,1.0
0.595925,1.0
0.662015,1.0
0.59387,1.0
0.610033,1.0
0.591969,1.0
0.661079,1.0
0.598688,0.0
0.59313,1.0
0.66164,1.0
0.606018,1.0
0.593343,0.0
0.662253,0.0
0.658302,1.0
0.622103,1.0
0.663163,1.0
0.593279,0.0
0.597559,0.0
0.563565,0.0
0.594914,0.0
0.591688,1.0
0.593057,1.0
0.610933,1.0
0.59752,1.0
0.664833,0.0
0.587879,1.0
0.659687,0.0
0.594736,1.0
0.605672,1.0
0.622625,1.0
0.595543,1.0
0.594937,0.0
0.60581,0.0
0.65958,0.0
0.593542,1.0
0.658993,1.0
0.660079,0.0
0.744636,1.0
0.574279,1.0
0.586241,1.0
0.583982,0.0
0.35613,1.0
0.347527,0.0
0.330352,0.0
0.73862,1.0
0.741291,0.0
0.574105,1.0
0.34671,0.0
0.575001,0.0
0.574203,0.0
0.337631,1.0
0.583945,1.0
0.744757,1.0
0.738546,1.0
0.583936,1.0
0.575007,1.0
0.349881,0.0
0.736529,1.0
0.344214,0.0
0.737802,1.0
0.586293,1.0
0.743219,1.0
0.73336,1.0
0.574354,0.0
0.746233,1.0
0.340275,0.0
0.57435,0.0
0.585615,0.0
0.330934,0.0
0.736881,1.0
0.584036,0.0
0.573885,0.0
0.585639,0.0
0.73485,1.0
0.336316,0.0
0.334797,0.0
0.584681,1.0
0.574847,1.0
0.583702,1.0
0.332834,0.0
0.73133,1.0
0.327253,0.0
0.345105,1.0
0.335779,1.0
0.355473,1.0
0.345025,0.0
0.574173,1.0
0.34411,1.0
0.57415,0.0
0.583856,1.0
0.745233,1.0
0.340031,0.0
0.583884,1.0
0.735708,1.0
0.352199,0.0
0.586057,1.0
0.57559,0.0
0.743207,1.0
0.327191,0.0
0.743993,1.0
0.335763,0.0
0.737672,1.0
0.333922,0.0
0.735324,0.0
0.583937,1.0
0.732332,0.0
0.333249,0.0
0.574322,0.0
0.735906,1.0
0.335539,0.0
0.574215,0.0
0.745628,1.0
0.35203,0.0
0.331235,1.0
0.57431,1.0
0.340737,0.0
0.744897,1.0
0.574313,1.0
0.587049,1.0
0.585005,1.0
0.736484,1.0
0.734832,0.0
0.583856,1.0
0.736628,0.0
0.359874,0.0
0.731639,1.0
0.34638,0.0
0.738368,1.0
0.574172,1.0
0.575116,0.0
0.585328,1.0
0.739701,1.0
0.574074,1.0
0.347611,0.0
0.735423,1.0
0.329836,1.0
0.347599,0.0
0.673695,0.0
0.384708,0.0
0.401697,0.0
0.386129,0.0
0.697738,1.0
0.690269,1.0
0.673999,1.0
0.67976,1.0
0.598956,1.0
0.403562,0.0
0.687066,1.0
0.365566,0.0
0.374434,0.0
0.701056,1.0
0.383041,0.0
0.665706,0.0
0.618387,1.0
0.3829,0.0
0.381602,0.0
0.708961,0.0
0.603439,0.0
0.727243,1.0
0.622001,1.0
0.40257,0.0
0.646219,1.0
0.572285,0.0
0.372949,1.0
0.654063,1.0
0.707464,1.0
0.368007,0.0
0.389619,0.0
0.675565,0.0
0.617863,1.0
0.386513,0.0
0.372786,0.0
0.389824,0.0
0.607546,1.0
0.685397,1.0
0.694909,1.0
0.382995,1.0
0.400971,0.0
0.385673,1.0
0.672613,0.0
0.58115,0.0
0.659058,0.0
0.675055,1.0
0.692873,1.0
0.763543,0.0
0.6669,0.0
0.400838,0.0
0.674306,1.0
0.387412,1.0
0.382734,0.0
0.664865,0.0
0.70746,1.0
0.382884,0.0
0.598193,0.0
0.697977,0.0
0.386121,1.0
0.382989,0.0
0.672581,1.0
0.658755,0.0
0.608147,0.0
0.685062,1.0
0.63828,1.0
0.69233,0.0
0.612712,1.0
0.382927,0.0
0.581626,1.0
0.684854,1.0
0.388595,0.0
0.628082,1.0
0.697396,0.0
0.372767,0.0
0.628859,0.0
0.730147,1.0
0.665947,0.0
0.384571,0.0
0.708244,1.0
0.616505,1.0
0.405168,0.0
0.401227,1.0
0.402473,0.0
0.596478,1.0
0.623164,1.0
0.382735,0.0
0.626289,0.0
0.761117,1.0
0.577654,1.0
0.681489,1.0
0.632903,1.0
0.389103,0.0
0.365085,0.0
0.386174,0.0
0.640614,0.0
0.404641,0.0
0.697968,1.0
0.594931,1.0
0.677624,0.0
0.698,0.0
0.721274,1.0
0.338057,0.0
0.338874,1.0
0.332881,0.0
0.842422,1.0
0.852263,1.0
0.869228,1.0
0.726829,1.0
0.814938,1.0
0.34561,1.0
0.855592,1.0
0.327428,0.0
0.331163,0.0
0.840489,1.0
0.333747,0.0
0.730962,1.0
0.796442,1.0
0.333677,0.0
0.336048,0.0
0.827825,1.0
0.802039,0.0
0.816148,1.0
0.791865,1.0
0.339322,0.0
0.757762,1.0
0.837202,1.0
0.408245,0.0
0.755668,1.0
0.835941,0.0
0.32903,0.0
0.333215,0.0
0.861941,1.0
0.796949,1.0
0.333039,0.0
0.331509,0.0
0.333298,0.0
0.806084,1.0
0.857926,1.0
0.848607,1.0
0.410851,0.0
0.343751,0.0
0.413588,0.0
0.864631,0.0
0.824089,1.0
0.877947,0.0
0.865643,1.0
0.848661,1.0
0.769424,0.0
0.869501,1.0
0.344314,1.0
0.866442,1.0
0.416744,0.0
0.333647,0.0
0.732293,1.0
0.836161,1.0
0.333707,1.0
0.80806,1.0
0.838783,1.0
0.411775,1.0
0.33286,1.0
0.735817,1.0
0.878228,1.0
0.796555,1.0
0.858338,1.0
0.772713,1.0
0.845653,1.0
0.802041,1.0
0.333691,0.0
0.83801,1.0
0.858603,1.0
0.336819,0.0
0.785475,1.0
0.840488,0.0
0.331003,0.0
0.774463,0.0
0.812422,1.0
0.869753,1.0
0.33797,0.0
0.835242,1.0
0.797472,1.0
0.345826,0.0
0.41746,1.0
0.340829,0.0
0.818665,1.0
0.788678,1.0
0.333648,1.0
0.774147,1.0
0.780792,1.0
0.83816,1.0
0.8609,1.0
0.778759,1.0
0.339884,1.0
0.327119,1.0
0.334341,0.0
0.760168,0.0
0.346096,0.0
0.844751,1.0
0.820074,0.0
0.858274,1.0
0.83891,1.0
0.67233,0.0
0.288888,0.0
0.351679,1.0
0.287121,0.0
0.700455,1.0
0.688922,1.0
0.673422,1.0
0.681637,1.0
0.598817,1.0
0.358618,0.0
0.686055,1.0
0.288163,1.0
0.289073,0.0
0.702066,1.0
0.285536,1.0
0.663937,0.0
0.619645,1.0
0.285518,1.0
0.288063,0.0
0.702406,0.0
0.596792,1.0
0.722192,1.0
0.623193,1.0
0.284071,0.0
0.649536,0.0
0.574672,1.0
0.366144,0.0
0.656425,1.0
0.699397,1.0
0.28893,0.0
0.286406,0.0
0.671718,1.0
0.619148,1.0
0.287151,0.0
0.289832,0.0
0.286419,0.0
0.609513,1.0
0.683465,1.0
0.691729,0.0
0.360277,0.0
0.288638,0.0
0.362415,0.0
0.666044,1.0
0.582349,0.0
0.655268,1.0
0.679092,1.0
0.694301,1.0
0.755809,0.0
0.665771,1.0
0.35819,0.0
0.678416,1.0
0.371156,0.0
0.285544,0.0
0.663073,0.0
0.703453,1.0
0.352917,0.0
0.597188,0.0
0.69267,1.0
0.443205,1.0
0.355978,1.0
0.675136,1.0
0.658007,1.0
0.607569,1.0
0.683151,1.0
0.63931,1.0
0.686117,0.0
0.609776,1.0
0.285523,0.0
0.582104,1.0
0.682817,1.0
0.290024,0.0
0.628886,1.0
0.686835,0.0
0.289387,1.0
0.621099,1.0
0.726104,1.0
0.667109,1.0
0.288853,0.0
0.704172,1.0
0.619222,1.0
0.289095,0.0
0.444704,1.0
0.285421,0.0
0.599411,1.0
0.619601,1.0
0.352905,1.0
0.618647,0.0
0.756894,0.0
0.582669,1.0
0.681148,1.0
0.633964,1.0
0.357644,0.0
0.355133,1.0
0.285077,0.0
0.632159,1.0
0.289516,0.0
0.69581,0.0
0.59294,0.0
0.677037,1.0
0.692421,1.0
0.598823,0.0
0.620939,1.0
0.594305,1.0
0.620843,0.0
0.516991,1.0
0.512393,0.0
0.505682,0.0
0.597934,1.0
0.573735,1.0
0.608016,1.0
0.511171,1.0
0.607731,0.0
0.620395,0.0
0.517723,1.0
0.608859,0.0
0.597912,1.0
0.580412,1.0
0.608859,0.0
0.620987,1.0
0.522735,0.0
0.575694,1.0
0.525219,0.0
0.582677,0.0
0.621884,0.0
0.593979,0.0
0.564059,1.0
0.610248,0.0
0.589959,1.0
0.519114,0.0
0.620318,0.0
0.620984,1.0
0.504372,0.0
0.581226,0.0
0.620845,0.0
0.620274,1.0
0.620985,0.0
0.577346,1.0
0.510096,1.0
0.519056,0.0
0.611831,0.0
0.621281,0.0
0.61156,1.0
0.504374,1.0
0.574297,1.0
0.499333,0.0
0.508275,1.0
0.514611,0.0
0.542114,0.0
0.501718,1.0
0.608032,1.0
0.507919,1.0
0.609693,0.0
0.621333,1.0
0.596942,0.0
0.518178,0.0
0.60852,1.0
0.579661,1.0
0.513417,1.0
0.577032,1.0
0.592684,1.0
0.59642,0.0
0.497989,1.0
0.575365,1.0
0.509924,0.0
0.587336,0.0
0.516291,0.0
0.579087,1.0
0.621339,0.0
0.569091,0.0
0.509795,0.0
0.620492,0.0
0.58411,1.0
0.51906,1.0
0.607657,1.0
0.582072,1.0
0.526559,1.0
0.502333,0.0
0.620941,1.0
0.518462,1.0
0.580189,0.0
0.621304,0.0
0.576944,1.0
0.621722,0.0
0.572987,0.0
0.582239,0.0
0.593737,0.0
0.587707,0.0
0.541439,0.0
0.567458,0.0
0.509095,0.0
0.584872,0.0
0.607906,1.0
0.592586,0.0
0.621452,0.0
0.589223,1.0
0.621243,1.0
0.520623,1.0
0.58136,1.0
0.506772,1.0
0.513278,1.0
0.618842,1.0
0.665422,1.0
0.596577,0.0
0.665161,1.0
0.684557,0.0
0.684036,0.0
0.681062,1.0
0.621733,1.0
0.612462,1.0
0.638055,1.0
0.68224,0.0
0.630621,1.0
0.664301,0.0
0.685094,1.0
0.633132,1.0
0.618011,1.0
0.615293,1.0
0.63313,1.0
0.665457,1.0
0.683243,1.0
0.614452,1.0
0.689252,1.0
0.617855,1.0
0.667245,1.0
0.617042,1.0
0.609268,1.0
0.645454,1.0
0.618066,0.0
0.68776,1.0
0.664113,1.0
0.665415,0.0
0.680349,1.0
0.617351,1.0
0.665168,0.0
0.664077,1.0
0.665441,1.0
0.614206,1.0
0.681781,1.0
0.68173,1.0
0.648992,1.0
0.666253,1.0
0.648669,1.0
0.679736,1.0
0.608449,1.0
0.678703,1.0
0.6809,0.0
0.685102,1.0
0.690505,1.0
0.677738,1.0
0.638051,1.0
0.68081,1.0
0.644523,1.0
0.66602,1.0
0.61821,0.0
0.686589,1.0
0.638836,1.0
0.611117,1.0
0.683101,0.0
0.546903,1.0
0.592723,1.0
0.62239,1.0
0.676082,0.0
0.612902,0.0
0.683015,1.0
0.619549,1.0
0.680339,1.0
0.615648,1.0
0.666065,1.0
0.613288,1.0
0.682887,0.0
0.664612,1.0
0.617197,1.0
0.68113,0.0
0.63085,0.0
0.616071,1.0
0.688476,0.0
0.679372,1.0
0.665423,1.0
0.685404,1.0
0.616123,0.0
0.666359,0.0
0.546539,0.0
0.666982,0.0
0.613071,1.0
0.617944,1.0
0.594056,1.0
0.615638,1.0
0.690045,0.0
0.611113,1.0
0.682563,0.0
0.618112,1.0
0.637623,1.0
0.591425,1.0
0.666295,1.0
0.62089,0.0
0.666215,0.0
0.681179,1.0
0.612452,1.0
0.680212,1.0
0.683139,1.0
0.73695,1.0
0.57919,0.0
0.579223,1.0
0.579106,0.0
0.350069,0.0
0.347818,0.0
0.328345,1.0
0.737743,0.0
0.733664,0.0
0.579446,0.0
0.347886,0.0
0.578115,0.0
0.577814,0.0
0.333359,0.0
0.57828,0.0
0.736684,1.0
0.736369,1.0
0.578279,1.0
0.579175,1.0
0.33153,0.0
0.733862,1.0
0.336214,0.0
0.735708,1.0
0.579212,1.0
0.736106,1.0
0.73082,0.0
0.579712,0.0
0.745356,1.0
0.333833,0.0
0.579058,0.0
0.57791,0.0
0.327911,0.0
0.735383,1.0
0.577833,1.0
0.579078,1.0
0.579111,0.0
0.735049,1.0
0.330445,0.0
0.330188,0.0
0.579893,1.0
0.579237,1.0
0.57991,1.0
0.328976,0.0
0.729366,0.0
0.326638,0.0
0.347488,1.0
0.331502,0.0
0.343717,0.0
0.327811,0.0
0.579432,1.0
0.329634,0.0
0.579797,1.0
0.579167,1.0
0.743517,1.0
0.332806,0.0
0.579341,1.0
0.731764,1.0
0.348424,0.0
0.579878,1.0
0.57913,0.0
0.737761,0.0
0.345181,0.0
0.742745,1.0
0.329698,0.0
0.736387,1.0
0.328867,0.0
0.7341,0.0
0.579164,0.0
0.730955,0.0
0.347207,1.0
0.579124,0.0
0.736385,1.0
0.347904,0.0
0.577733,0.0
0.736828,1.0
0.352312,0.0
0.327398,1.0
0.579189,0.0
0.333656,1.0
0.74374,0.0
0.577962,0.0
0.581455,1.0
0.577927,1.0
0.734322,1.0
0.734152,1.0
0.578328,1.0
0.732102,0.0
0.355216,0.0
0.731967,1.0
0.347042,0.0
0.736658,1.0
0.579378,0.0
0.578044,0.0
0.57917,1.0
0.742056,1.0
0.578043,0.0
0.331125,0.0
0.732631,1.0
0.329143,0.0
0.331216,0.0
0.524397,1.0
0.531919,1.0
0.53691,0.0
0.53173,1.0
0.532163,0.0
0.533388,1.0
0.532096,1.0
0.528496,1.0
0.536731,0.0
0.533174,0.0
0.533659,1.0
0.534299,1.0
0.533268,1.0
0.534028,0.0
0.534106,1.0
0.525867,1.0
0.530674,1.0
0.532747,1.0
0.530921,1.0
0.534661,0.0
0.532114,1.0
0.532117,1.0
0.530848,0.0
0.530645,0.0
0.527088,1.0
0.539442,0.0
0.532287,0.0
0.522993,0.0
0.533388,1.0
0.531791,0.0
0.533453,1.0
0.536771,0.0
0.531335,0.0
0.532041,0.0
0.531002,1.0
0.531715,1.0
0.531667,0.0
0.535686,1.0
0.535439,1.0
0.531096,0.0
0.530672,0.0
0.531339,1.0
0.536491,0.0
0.538841,0.0
0.537444,1.0
0.529352,1.0
0.534761,1.0
0.527773,0.0
0.537235,0.0
0.532023,0.0
0.536122,0.0
0.531273,1.0
0.530903,1.0
0.523284,0.0
0.533962,1.0
0.532027,1.0
0.534144,1.0
0.533161,1.0
0.540003,0.0
0.537557,1.0
0.529528,0.0
0.53618,0.0
0.529392,0.0
0.535756,0.0
0.528686,0.0
0.536075,0.0
0.536796,0.0
0.531675,0.0
0.539936,1.0
0.528963,0.0
0.531743,0.0
0.529933,1.0
0.533313,0.0
0.536409,1.0
0.528578,0.0
0.529589,1.0
0.532809,1.0
0.53192,1.0
0.528777,0.0
0.533378,1.0
0.533098,0.0
0.541594,0.0
0.531931,0.0
0.532486,0.0
0.53108,0.0
0.534935,0.0
0.536009,1.0
0.52682,1.0
0.534386,0.0
0.534109,0.0
0.528897,0.0
0.533226,1.0
0.537079,0.0
0.530696,0.0
0.526559,1.0
0.533349,1.0
0.535101,0.0
0.533483,1.0
0.53632,1.0
0.535067,0.0
0.730665,1.0
0.576796,0.0
0.586045,1.0
0.576845,0.0
0.335296,0.0
0.32507,0.0
0.325858,0.0
0.728195,0.0
0.726115,0.0
0.574547,0.0
0.324666,0.0
0.576191,0.0
0.576803,0.0
0.332728,1.0
0.57628,1.0
0.729831,1.0
0.727612,1.0
0.58489,1.0
0.583661,0.0
0.331842,0.0
0.72491,0.0
0.326408,1.0
0.73361,1.0
0.580976,1.0
0.728996,1.0
0.72273,1.0
0.574765,1.0
0.738134,1.0
0.32469,0.0
0.574518,0.0
0.576742,0.0
0.33009,0.0
0.733236,1.0
0.582173,0.0
0.583706,0.0
0.576846,0.0
0.732377,1.0
0.322387,0.0
0.322422,0.0
0.581311,1.0
0.580995,0.0
0.583978,1.0
0.330392,0.0
0.721421,0.0
0.320723,0.0
0.329093,0.0
0.323194,0.0
0.340664,0.0
0.329943,0.0
0.581894,0.0
0.330673,0.0
0.583918,0.0
0.583648,1.0
0.736763,1.0
0.323974,0.0
0.584408,1.0
0.72229,1.0
0.325266,0.0
0.592194,1.0
0.574778,0.0
0.733893,0.0
0.330708,0.0
0.73464,0.0
0.33089,0.0
0.734769,1.0
0.330404,0.0
0.727149,0.0
0.574541,1.0
0.716137,0.0
0.338012,0.0
0.574536,0.0
0.728082,1.0
0.333445,0.0
0.575976,0.0
0.734705,1.0
0.329894,0.0
0.325305,0.0
0.576796,0.0
0.337901,0.0
0.725724,0.0
0.574537,0.0
0.593724,1.0
0.582106,1.0
0.731527,0.0
0.732081,0.0
0.584133,1.0
0.719102,1.0
0.334062,0.0
0.728936,1.0
0.332881,0.0
0.734812,1.0
0.576828,0.0
0.572825,0.0
0.581005,1.0
0.729308,1.0
0.576786,0.0
0.331333,0.0
0.723339,1.0
0.321689,0.0
0.33142,0.0
0.749205,1.0
0.557576,1.0
0.599256,1.0
0.55769,0.0
0.351102,1.0
0.35281,0.0
0.356699,0.0
0.727126,1.0
0.726765,1.0
0.557897,1.0
0.353219,1.0
0.556497,0.0
0.557154,0.0
0.379885,0.0
0.593913,1.0
0.748442,1.0
0.746255,1.0
0.597348,1.0
0.55973,1.0
0.355506,0.0
0.72677,1.0
0.377265,1.0
0.746556,1.0
0.595099,1.0
0.747937,1.0
0.741725,1.0
0.592575,0.0
0.751338,1.0
0.352715,0.0
0.558161,1.0
0.557033,0.0
0.359417,0.0
0.746226,1.0
0.560053,1.0
0.559713,0.0
0.557693,1.0
0.746035,1.0
0.357062,0.0
0.356635,0.0
0.595243,1.0
0.560156,1.0
0.596212,1.0
0.359046,1.0
0.725797,1.0
0.360266,1.0
0.352208,0.0
0.355265,0.0
0.343265,0.0
0.360265,1.0
0.560136,0.0
0.358113,0.0
0.559974,0.0
0.596076,1.0
0.750502,1.0
0.353689,0.0
0.596699,1.0
0.743479,1.0
0.352378,0.0
0.605849,1.0
0.554399,0.0
0.727754,0.0
0.358296,1.0
0.728592,1.0
0.357431,0.0
0.747792,1.0
0.358045,0.0
0.726134,0.0
0.592398,1.0
0.724433,0.0
0.351979,0.0
0.558188,0.0
0.746572,1.0
0.353081,1.0
0.555795,1.0
0.748005,1.0
0.345523,1.0
0.357941,1.0
0.557576,0.0
0.351667,0.0
0.727236,1.0
0.557744,0.0
0.60623,1.0
0.596054,1.0
0.727746,1.0
0.727151,1.0
0.598047,1.0
0.743074,0.0
0.340511,0.0
0.744179,1.0
0.354497,0.0
0.747808,1.0
0.557342,1.0
0.555438,0.0
0.595129,1.0
0.748007,0.0
0.557093,1.0
0.356214,0.0
0.743968,1.0
0.358258,0.0
0.356143,0.0
0.752616,1.0
0.589144,1.0
0.60534,1.0
0.551119,0.0
0.361316,1.0
0.318599,0.0
0.316556,0.0
0.749853,0.0
0.744141,0.0
0.589201,1.0
0.360434,0.0
0.549762,1.0
0.550462,0.0
0.323115,0.0
0.603313,1.0
0.752325,1.0
0.752202,1.0
0.604463,1.0
0.590248,0.0
0.317329,1.0
0.746786,1.0
0.365385,0.0
0.751971,1.0
0.602232,1.0
0.752092,1.0
0.746233,1.0
0.562889,0.0
0.754199,1.0
0.318422,0.0
0.589063,0.0
0.55032,0.0
0.31562,0.0
0.751795,0.0
0.590381,0.0
0.552068,0.0
0.58913,0.0
0.751294,1.0
0.316361,1.0
0.316415,0.0
0.602236,1.0
0.590084,0.0
0.60337,1.0
0.360083,0.0
0.740832,1.0
0.359921,0.0
0.319269,1.0
0.317091,0.0
0.326111,0.0
0.360155,0.0
0.552962,0.0
0.316175,0.0
0.552357,1.0
0.603374,0.0
0.753077,1.0
0.317795,0.0
0.603808,1.0
0.748909,1.0
0.318783,0.0
0.613066,1.0
0.547225,1.0
0.721983,1.0
0.359994,0.0
0.749594,1.0
0.316409,0.0
0.752532,0.0
0.315986,0.0
0.713677,0.0
0.601177,1.0
0.709632,0.0
0.31991,0.0
0.552075,0.0
0.752314,1.0
0.360494,0.0
0.589352,0.0
0.7527,1.0
0.36216,1.0
0.360032,1.0
0.550989,0.0
0.319973,0.0
0.748722,0.0
0.551592,0.0
0.612264,1.0
0.602946,1.0
0.747278,0.0
0.747431,1.0
0.604674,1.0
0.717406,0.0
0.327347,0.0
0.749225,1.0
0.318113,0.0
0.752711,1.0
0.589257,1.0
0.549207,0.0
0.602257,1.0
0.725667,0.0
0.589281,1.0
0.31686,0.0
0.749457,1.0
0.315761,1.0
0.316933,0.0
0.593462,1.0
0.568934,1.0
0.557641,0.0
0.594566,1.0
0.656436,1.0
0.660541,0.0
0.658508,1.0
0.589483,1.0
0.581894,0.0
0.570791,1.0
0.652172,0.0
0.580874,1.0
0.592471,0.0
0.661903,1.0
0.557832,0.0
0.59382,0.0
0.591018,1.0
0.558645,1.0
0.580796,1.0
0.661997,0.0
0.588855,1.0
0.655862,1.0
0.592034,1.0
0.564625,0.0
0.592392,1.0
0.586818,1.0
0.591432,1.0
0.592935,1.0
0.660586,1.0
0.583688,1.0
0.592073,0.0
0.657116,1.0
0.587851,1.0
0.58246,0.0
0.59439,1.0
0.581014,0.0
0.59045,0.0
0.6606,1.0
0.658372,1.0
0.564867,1.0
0.584019,0.0
0.561548,1.0
0.648809,1.0
0.585464,1.0
0.64742,1.0
0.66356,0.0
0.659166,1.0
0.664683,1.0
0.647945,0.0
0.596626,1.0
0.657913,0.0
0.584968,1.0
0.573603,1.0
0.593722,0.0
0.660033,1.0
0.560451,1.0
0.589909,1.0
0.66076,0.0
0.533792,1.0
0.574234,0.0
0.599692,0.0
0.649313,0.0
0.589307,0.0
0.658331,0.0
0.589174,1.0
0.65795,0.0
0.592132,0.0
0.56452,1.0
0.590502,1.0
0.661575,0.0
0.597213,0.0
0.592241,1.0
0.652793,0.0
0.574058,0.0
0.591143,0.0
0.658951,0.0
0.651657,1.0
0.594195,1.0
0.661726,1.0
0.585122,0.0
0.595612,0.0
0.537248,1.0
0.563119,0.0
0.583011,1.0
0.59065,1.0
0.558688,1.0
0.59374,1.0
0.664948,0.0
0.588266,1.0
0.66006,1.0
0.59196,1.0
0.56782,1.0
0.589066,1.0
0.564569,1.0
0.5979,0.0
0.566949,0.0
0.659045,0.0
0.590567,1.0
0.659859,1.0
0.65909,0.0
0.738141,1.0
0.591688,1.0
0.592933,1.0
0.566357,0.0
0.329726,0.0
0.343087,1.0
0.323083,0.0
0.731278,0.0
0.731627,1.0
0.591231,0.0
0.342765,1.0
0.584367,0.0
0.567079,0.0
0.325833,0.0
0.593833,1.0
0.744737,1.0
0.735606,1.0
0.593927,1.0
0.572464,1.0
0.346978,0.0
0.730937,1.0
0.325875,0.0
0.735444,1.0
0.592179,1.0
0.736781,1.0
0.72882,1.0
0.569184,0.0
0.739839,1.0
0.324622,0.0
0.572317,0.0
0.567003,0.0
0.322276,0.0
0.730764,0.0
0.573453,1.0
0.5669,1.0
0.572945,0.0
0.74268,1.0
0.327779,0.0
0.322986,0.0
0.592659,1.0
0.573422,1.0
0.59341,1.0
0.321956,0.0
0.725072,1.0
0.321491,0.0
0.348254,1.0
0.323539,0.0
0.331001,0.0
0.34246,1.0
0.567553,0.0
0.341995,0.0
0.584409,1.0
0.575077,1.0
0.745864,1.0
0.324121,1.0
0.593599,1.0
0.731845,1.0
0.343156,1.0
0.598153,1.0
0.584669,0.0
0.743683,1.0
0.34235,0.0
0.742288,1.0
0.342051,0.0
0.732562,0.0
0.341836,1.0
0.734287,1.0
0.592936,1.0
0.722952,0.0
0.343664,0.0
0.567943,1.0
0.735981,1.0
0.342777,0.0
0.572641,0.0
0.744542,1.0
0.349377,0.0
0.326402,0.0
0.56627,0.0
0.325808,0.0
0.736718,1.0
0.567739,0.0
0.596431,1.0
0.592375,1.0
0.726274,1.0
0.731845,0.0
0.593586,1.0
0.727256,1.0
0.347921,0.0
0.732054,1.0
0.324304,0.0
0.736702,1.0
0.59189,1.0
0.565211,0.0
0.592735,1.0
0.741167,1.0
0.5916,0.0
0.34219,1.0
0.732485,1.0
0.32718,0.0
0.342231,0.0
0.748027,1.0
0.599585,0.0
0.602408,1.0
0.551832,0.0
0.359115,1.0
0.382239,1.0
0.361873,0.0
0.726284,0.0
0.741223,0.0
0.561063,0.0
0.384466,1.0
0.557589,1.0
0.550783,0.0
0.358054,1.0
0.603165,1.0
0.749021,1.0
0.744292,1.0
0.599557,1.0
0.593876,0.0
0.357177,0.0
0.741924,1.0
0.359151,1.0
0.744187,1.0
0.602242,1.0
0.746482,1.0
0.74077,1.0
0.554149,0.0
0.749265,1.0
0.359583,1.0
0.555191,1.0
0.550691,0.0
0.363221,0.0
0.726037,1.0
0.59625,1.0
0.592056,1.0
0.554173,0.0
0.745887,1.0
0.360405,0.0
0.362041,0.0
0.599054,1.0
0.596192,1.0
0.599373,1.0
0.365961,0.0
0.739896,1.0
0.366943,0.0
0.380673,1.0
0.361207,0.0
0.351674,0.0
0.386695,0.0
0.552955,0.0
0.360955,0.0
0.597576,1.0
0.59443,1.0
0.75076,1.0
0.382814,0.0
0.599439,1.0
0.742188,1.0
0.382057,1.0
0.600657,1.0
0.556915,0.0
0.748023,1.0
0.364275,0.0
0.745758,1.0
0.360531,1.0
0.726657,1.0
0.383981,1.0
0.742112,1.0
0.599268,1.0
0.724061,1.0
0.356436,0.0
0.594288,0.0
0.74462,1.0
0.361017,0.0
0.553361,0.0
0.747801,1.0
0.353656,0.0
0.36397,0.0
0.55175,1.0
0.358036,1.0
0.742711,1.0
0.55158,0.0
0.59992,1.0
0.602299,1.0
0.740465,1.0
0.726317,1.0
0.599354,1.0
0.741699,0.0
0.347997,0.0
0.74247,1.0
0.360188,1.0
0.745471,1.0
0.599714,1.0
0.550763,0.0
0.599092,1.0
0.747827,1.0
0.56104,1.0
0.383288,0.0
0.742536,1.0
0.36116,1.0
0.359698,0.0
0.792078,1.0
0.408219,0.0
0.423131,1.0
0.41666,1.0
0.890097,1.0
0.87117,1.0
0.892161,1.0
0.837178,1.0
0.848962,1.0
0.398042,1.0
0.885771,1.0
0.427032,0.0
0.426729,0.0
0.887732,1.0
0.42707,0.0
0.780217,0.0
0.838972,1.0
0.415964,0.0
0.415774,1.0
0.865559,1.0
0.858476,1.0
0.891463,1.0
0.835717,1.0
0.424984,1.0
0.813866,0.0
0.870377,1.0
0.40808,1.0
0.782401,1.0
0.893287,1.0
0.422054,0.0
0.427153,0.0
0.896724,1.0
0.86826,1.0
0.438448,0.0
0.439572,0.0
0.416932,1.0
0.825485,1.0
0.885823,1.0
0.892706,1.0
0.415881,0.0
0.438151,1.0
0.416188,0.0
0.905252,1.0
0.875147,1.0
0.908293,1.0
0.856798,1.0
0.889803,0.0
0.851831,1.0
0.89015,1.0
0.412034,1.0
0.881438,1.0
0.431747,0.0
0.424938,0.0
0.758475,1.0
0.879136,1.0
0.416076,1.0
0.854833,1.0
0.869967,1.0
0.41147,1.0
0.427645,1.0
0.783309,1.0
0.892912,0.0
0.829653,1.0
0.889408,1.0
0.854913,1.0
0.883521,1.0
0.845728,1.0
0.417273,0.0
0.884202,1.0
0.863815,1.0
0.430041,1.0
0.831746,1.0
0.881417,1.0
0.421423,0.0
0.807784,1.0
0.850521,1.0
0.898121,1.0
0.432127,1.0
0.887663,1.0
0.853021,1.0
0.423068,1.0
0.409643,1.0
0.424652,1.0
0.874334,1.0
0.863135,1.0
0.414997,0.0
0.828475,1.0
0.827295,1.0
0.858374,0.0
0.895362,1.0
0.826225,1.0
0.425266,0.0
0.421468,1.0
0.41599,0.0
0.771903,1.0
0.424946,0.0
0.868875,1.0
0.850735,1.0
0.897764,1.0
0.876821,1.0
0.613976,1.0
0.601564,0.0
0.585602,1.0
0.580425,0.0
0.566733,1.0
0.563242,1.0
0.568563,0.0
0.623239,1.0
0.621606,1.0
0.585124,1.0
0.565838,1.0
0.598708,0.0
0.595777,0.0
0.566348,1.0
0.60133,0.0
0.617387,1.0
0.621105,1.0
0.602418,0.0
0.583012,0.0
0.563695,0.0
0.622381,0.0
0.566967,1.0
0.621731,0.0
0.585267,0.0
0.62003,0.0
0.623026,1.0
0.582368,0.0
0.61351,1.0
0.567251,0.0
0.599197,1.0
0.59569,1.0
0.569333,1.0
0.624953,0.0
0.599018,1.0
0.598358,1.0
0.58103,0.0
0.619092,1.0
0.567457,1.0
0.568651,0.0
0.602368,0.0
0.582512,0.0
0.602364,1.0
0.57074,1.0
0.622652,1.0
0.571246,0.0
0.560515,1.0
0.571443,0.0
0.560981,1.0
0.568039,0.0
0.581458,0.0
0.566663,1.0
0.599974,1.0
0.600677,0.0
0.609661,1.0
0.566044,0.0
0.586317,1.0
0.622688,1.0
0.563018,1.0
0.587276,1.0
0.57917,1.0
0.616086,1.0
0.571948,1.0
0.618688,1.0
0.566614,0.0
0.62359,0.0
0.565435,0.0
0.622978,1.0
0.6022,0.0
0.626799,0.0
0.563368,0.0
0.580388,0.0
0.621266,0.0
0.566663,0.0
0.597133,1.0
0.616064,1.0
0.560715,1.0
0.569579,0.0
0.580718,1.0
0.566333,0.0
0.622458,1.0
0.579416,1.0
0.587467,1.0
0.58533,0.0
0.622707,0.0
0.623814,0.0
0.602529,1.0
0.621266,1.0
0.55571,0.0
0.624621,1.0
0.567587,1.0
0.619476,0.0
0.601118,1.0
0.579338,0.0
0.602357,0.0
0.615718,1.0
0.599619,1.0
0.564071,0.0
0.622594,1.0
0.567962,1.0
0.565821,1.0
0.801092,1.0
0.330526,0.0
0.423558,1.0
0.455629,1.0
0.891313,1.0
0.873783,1.0
0.884993,0.0
0.834713,0.0
0.842649,1.0
0.435172,0.0
0.886008,1.0
0.341631,0.0
0.352277,0.0
0.889514,1.0
0.325426,0.0
0.78434,1.0
0.842988,1.0
0.32619,0.0
0.437841,1.0
0.862123,1.0
0.857055,0.0
0.892431,1.0
0.838456,1.0
0.421003,1.0
0.814255,1.0
0.868029,1.0
0.445851,0.0
0.791814,1.0
0.89331,1.0
0.345341,0.0
0.356283,0.0
0.889293,1.0
0.866318,1.0
0.337747,1.0
0.343477,0.0
0.449625,0.0
0.831198,1.0
0.880353,1.0
0.885459,1.0
0.326707,0.0
0.435343,1.0
0.329943,0.0
0.896061,1.0
0.871259,1.0
0.897898,0.0
0.861075,1.0
0.879381,1.0
0.851066,1.0
0.881494,1.0
0.450462,0.0
0.876444,1.0
0.33653,1.0
0.332624,0.0
0.768188,0.0
0.872345,1.0
0.423588,0.0
0.855852,1.0
0.872746,1.0
0.418256,1.0
0.460478,1.0
0.792594,1.0
0.882294,1.0
0.834779,1.0
0.890016,1.0
0.855939,1.0
0.883608,1.0
0.848288,1.0
0.326903,0.0
0.877876,1.0
0.860627,1.0
0.447463,0.0
0.835053,1.0
0.875802,1.0
0.350813,0.0
0.815396,1.0
0.84942,1.0
0.889788,1.0
0.457534,0.0
0.888888,1.0
0.854285,1.0
0.46238,0.0
0.418168,1.0
0.420689,1.0
0.869417,1.0
0.862101,1.0
0.329542,1.0
0.825057,0.0
0.827245,1.0
0.854472,1.0
0.89545,1.0
0.830235,1.0
0.332475,0.0
0.461106,1.0
0.326699,0.0
0.781603,0.0
0.339253,0.0
0.863021,1.0
0.852545,0.0
0.897268,1.0
0.872556,1.0
0.616663,1.0
0.613536,1.0
0.583883,1.0
0.574422,0.0
0.567649,1.0
0.565051,1.0
0.569968,0.0
0.626075,1.0
0.621096,1.0
0.596554,0.0
0.566898,1.0
0.612789,1.0
0.610461,0.0
0.567393,1.0
0.61519,1.0
0.616037,1.0
0.622437,1.0
0.614832,1.0
0.579185,1.0
0.563351,1.0
0.625802,1.0
0.567813,1.0
0.623057,0.0
0.584327,0.0
0.61795,0.0
0.623211,1.0
0.593923,0.0
0.616674,1.0
0.568112,1.0
0.611924,1.0
0.609659,1.0
0.567352,1.0
0.625136,0.0
0.59953,0.0
0.612802,1.0
0.593204,0.0
0.620844,1.0
0.566044,1.0
0.566977,1.0
0.614763,0.0
0.581567,0.0
0.614097,1.0
0.568306,1.0
0.622595,0.0
0.571682,1.0
0.563015,1.0
0.566053,1.0
0.56128,0.0
0.566404,1.0
0.592904,1.0
0.565455,1.0
0.59956,1.0
0.614168,0.0
0.617041,1.0
0.564992,1.0
0.600192,1.0
0.623387,1.0
0.564888,1.0
0.584665,1.0
0.574196,1.0
0.619129,1.0
0.566325,1.0
0.620293,1.0
0.56765,0.0
0.624221,0.0
0.566714,0.0
0.623899,1.0
0.614768,0.0
0.626327,0.0
0.563108,0.0
0.59433,0.0
0.622732,0.0
0.565537,1.0
0.610407,1.0
0.618398,1.0
0.561018,1.0
0.567614,0.0
0.593613,1.0
0.567482,1.0
0.623234,1.0
0.590906,1.0
0.584646,1.0
0.584384,0.0
0.622669,1.0
0.62408,1.0
0.600277,1.0
0.624419,1.0
0.557064,0.0
0.621825,1.0
0.56823,1.0
0.621111,0.0
0.613962,1.0
0.573068,0.0
0.614766,0.0
0.622471,1.0
0.612841,1.0
0.563496,1.0
0.626389,1.0
0.568478,1.0
0.564851,1.0
0.50272,1.0
0.532378,1.0
0.540234,0.0
0.540569,1.0
0.50372,1.0
0.50591,1.0
0.50705,1.0
0.500694,1.0
0.497394,1.0
0.537028,0.0
0.504446,1.0
0.532603,1.0
0.532123,1.0
0.503899,0.0
0.53196,1.0
0.505732,1.0
0.497191,1.0
0.532066,1.0
0.540639,1.0
0.507354,1.0
0.496421,1.0
0.503553,1.0
0.499763,0.0
0.538854,0.0
0.502545,1.0
0.493458,0.0
0.537391,0.0
0.503774,0.0
0.503472,0.0
0.532974,0.0
0.533585,1.0
0.50385,1.0
0.496094,0.0
0.534732,0.0
0.532722,1.0
0.537595,1.0
0.498741,1.0
0.504991,1.0
0.504385,1.0
0.531008,0.0
0.539656,1.0
0.532371,1.0
0.503035,1.0
0.494904,0.0
0.503492,1.0
0.507522,1.0
0.505284,1.0
0.51043,0.0
0.505005,0.0
0.538788,0.0
0.505529,1.0
0.53574,1.0
0.531162,1.0
0.507996,0.0
0.506063,0.0
0.536913,1.0
0.495792,1.0
0.506039,0.0
0.539965,0.0
0.541938,1.0
0.505031,1.0
0.504953,0.0
0.497948,1.0
0.505929,1.0
0.497673,1.0
0.506701,1.0
0.497754,0.0
0.531005,1.0
0.495028,1.0
0.509423,0.0
0.53721,0.0
0.500178,1.0
0.505671,0.0
0.533366,1.0
0.500436,0.0
0.508965,1.0
0.505906,1.0
0.539481,1.0
0.504025,1.0
0.495913,1.0
0.540186,1.0
0.539966,0.0
0.538837,0.0
0.493073,0.0
0.495478,0.0
0.535525,0.0
0.502109,1.0
0.513476,1.0
0.495472,0.0
0.503173,1.0
0.500328,0.0
0.532403,1.0
0.540778,1.0
0.531007,0.0
0.508326,0.0
0.532705,1.0
0.507269,1.0
0.497381,1.0
0.502939,0.0
0.506,0.0
0.538476,1.0
0.533174,1.0
0.540679,0.0
0.542386,1.0
0.541169,1.0
0.54022,1.0
0.540543,0.0
0.542215,1.0
0.541462,1.0
0.535828,0.0
0.540898,1.0
0.533164,1.0
0.533246,1.0
0.536846,0.0
0.53283,1.0
0.537942,1.0
0.542232,1.0
0.53292,1.0
0.541992,0.0
0.539477,0.0
0.542187,1.0
0.541228,1.0
0.538831,0.0
0.539663,0.0
0.539071,1.0
0.539872,0.0
0.536146,1.0
0.534368,0.0
0.53706,1.0
0.533291,0.0
0.533825,1.0
0.541041,1.0
0.540605,1.0
0.536536,0.0
0.533183,1.0
0.536425,0.0
0.541193,0.0
0.540563,1.0
0.540809,1.0
0.532524,1.0
0.54064,0.0
0.533107,1.0
0.541386,1.0
0.539554,1.0
0.541188,1.0
0.539467,1.0
0.540421,1.0
0.533947,0.0
0.536234,0.0
0.536887,0.0
0.540349,1.0
0.537272,0.0
0.532656,1.0
0.531442,0.0
0.53557,1.0
0.535346,0.0
0.5429,1.0
0.535664,1.0
0.540509,0.0
0.543534,0.0
0.539944,1.0
0.536255,0.0
0.540874,0.0
0.541131,0.0
0.543201,1.0
0.540789,1.0
0.539848,0.0
0.53261,1.0
0.544655,1.0
0.534708,1.0
0.535841,0.0
0.542172,1.0
0.535828,0.0
0.533718,1.0
0.53599,0.0
0.538696,1.0
0.541096,1.0
0.536955,1.0
0.541014,1.0
0.542792,1.0
0.53804,1.0
0.540523,0.0
0.539651,1.0
0.539569,1.0
0.540186,1.0
0.536932,0.0
0.541122,1.0
0.537147,1.0
0.538769,1.0
0.54138,1.0
0.537594,0.0
0.533089,1.0
0.542597,0.0
0.532523,0.0
0.534895,0.0
0.533262,1.0
0.539531,0.0
0.542567,1.0
0.537354,0.0
0.535623,0.0
0.843421,1.0
0.378429,0.0
0.430899,1.0
0.502685,1.0
0.905047,0.0
0.896326,1.0
0.901497,1.0
0.859386,1.0
0.867508,1.0
0.376725,0.0
0.902492,1.0
0.377377,1.0
0.376553,0.0
0.909361,1.0
0.376205,0.0
0.830666,1.0
0.868777,1.0
0.37679,1.0
0.465256,0.0
0.893085,1.0
0.871509,1.0
0.905575,1.0
0.871171,1.0
0.420046,0.0
0.849731,0.0
0.885512,1.0
0.384527,0.0
0.844071,1.0
0.90749,1.0
0.368414,1.0
0.380927,0.0
0.90401,1.0
0.879692,1.0
0.393843,0.0
0.377096,1.0
0.384877,0.0
0.866984,1.0
0.899628,1.0
0.901918,1.0
0.369597,1.0
0.434407,0.0
0.377658,1.0
0.907126,1.0
0.880802,1.0
0.905161,1.0
0.889278,1.0
0.898347,1.0
0.888013,0.0
0.905156,1.0
0.384719,0.0
0.897604,0.0
0.404802,0.0
0.373672,1.0
0.820137,1.0
0.897106,1.0
0.378416,1.0
0.874596,1.0
0.897678,1.0
0.430053,1.0
0.515522,0.0
0.83828,1.0
0.905307,1.0
0.868761,1.0
0.906829,1.0
0.873667,1.0
0.900325,1.0
0.876148,1.0
0.373795,0.0
0.882999,1.0
0.889869,1.0
0.375808,1.0
0.863609,1.0
0.902358,1.0
0.38061,1.0
0.858997,1.0
0.882074,1.0
0.903214,1.0
0.391083,1.0
0.903678,1.0
0.87402,1.0
0.401394,0.0
0.430408,1.0
0.425247,0.0
0.881603,1.0
0.878072,1.0
0.398532,1.0
0.853139,0.0
0.866017,1.0
0.874382,1.0
0.906954,1.0
0.86665,1.0
0.377325,0.0
0.512115,1.0
0.363953,1.0
0.830893,1.0
0.378067,0.0
0.893558,1.0
0.869455,1.0
0.912804,0.0
0.900931,0.0
0.512932,0.0
0.512932,0.0
0.512932,1.0
0.512932,1.0
0.512932,0.0
0.512932,1.0
0.512932,1.0
0.512932,0.0
0.512932,1.0
0.512932,0.0
0.512932,0.0
0.512932,0.0
0.512932,1.0
0.512932,1.0
0.512932,1.0
0.512932,1.0
0.512932,0.0
0.512932,1.0
0.512932,0.0
0.512932,0.0
0.512932,0.0
0.512932,0.0
0.512932,0.0
0.512932,0.0
0.512932,1.0
0.512932,1.0
0.512932,0.0
0.512932,0.0
0.512932,0.0
0.512932,0.0
0.512932,0.0
0.512932,1.0
0.512932,1.0
0.512932,0.0
0.512932,1.0
0.512932,0.0
0.512932,1.0
0.512932,0.0
0.512932,0.0
0.512932,0.0
0.512932,0.0
0.512932,0.0
0.512932,0.0
0.512932,1.0
0.512932,0.0
0.512932,1.0
0.512932,1.0
0.512932,1.0
0.512932,1.0
0.512932,0.0
0.512932,0.0
0.512932,1.0
0.512932,0.0
0.512932,0.0
0.512932,0.0
0.512932,0.0
0.512932,1.0
0.512932,0.0
0.512932,1.0
0.512932,1.0
0.512932,0.0
0.512932,0.0
0.512932,1.0
0.512932,0.0
0.512932,0.0
0.512932,0.0
0.512932,0.0
0.512932,1.0
0.512932,1.0
0.512932,0.0
0.512932,0.0
0.512932,1.0
0.512932,1.0
0.512932,1.0
0.512932,0.0
0.512932,0.0
0.512932,1.0
0.512932,0.0
0.512932,0.0
0.512932,1.0
0.512932,0.0
0.512932,0.0
0.512932,1.0
0.512932,1.0
0.512932,1.0
0.512932,0.0
0.512932,0.0
0.512932,0.0
0.512932,0.0
0.512932,0.0
0.512932,1.0
0.512932,0.0
0.512932,1.0
0.512932,1.0
0.512932,0.0
0.512932,0.0
0.512932,0.0
0.512932,1.0
0.512932,0.0
0.512932,0.0
0.493895,0.0
0.493895,1.0
0.518569,1.0
0.518569,1.0
0.493895,1.0
0.518569,1.0
0.518569,0.0
0.493895,0.0
0.518569,1.0
0.493895,1.0
0.493895,1.0
0.493895,0.0
0.518569,1.0
0.518569,1.0
0.518569,0.0
0.518569,1.0
0.493895,0.0
0.518569,0.0
0.493895,0.0
0.493895,0.0
0.493895,0.0
0.493895,0.0
0.493895,0.0
0.493895,0.0
0.518569,1.0
0.518569,1.0
0.493895,1.0
0.493895,0.0
0.493895,0.0
0.493895,0.0
0.493895,1.0
0.518569,1.0
0.518569,0.0
0.493895,0.0
0.518569,1.0
0.493895,1.0
0.518569,0.0
0.493895,0.0
0.493895,1.0
0.493895,0.0
0.493895,1.0
0.493895,1.0
0.493895,1.0
0.518569,0.0
0.493895,0.0
0.518569,1.0
0.518569,1.0
0.518569,1.0
0.518569,1.0
0.493895,1.0
0.493895,1.0
0.518569,1.0
0.493895,0.0
0.493895,0.0
0.493895,0.0
0.493895,0.0
0.518569,0.0
0.493895,0.0
0.518569,0.0
0.518569,1.0
0.493895,0.0
0.493895,1.0
0.518569,1.0
0.493895,0.0
0.493895,1.0
0.493895,0.0
0.493895,1.0
0.518569,0.0
0.518569,1.0
0.493895,0.0
0.493895,1.0
0.518569,1.0
0.518569,0.0
0.518569,1.0
0.493895,0.0
0.493895,0.0
0.518569,1.0
0.493895,0.0
0.493895,0.0
0.518569,1.0
0.493895,0.0
0.493895,0.0
0.518569,1.0
0.518569,0.0
0.518569,1.0
0.493895,0.0
0.493895,1.0
0.493895,0.0
0.493895,0.0
0.493895,1.0
0.518569,1.0
0.493895,0.0
0.518569,1.0
0.518569,0.0
0.493895,0.0
0.493895,0.0
0.493895,1.0
0.518569,1.0
0.493895,0.0
0.493895,0.0
0.532489,0.0
0.511904,1.0
0.499922,0.0
0.499922,0.0
0.511904,1.0
0.499922,0.0
0.521149,0.0
0.532489,0.0
0.499922,1.0
0.511904,1.0
0.511904,0.0
0.532489,1.0
0.499922,1.0
0.499922,1.0
0.521149,1.0
0.499922,1.0
0.532489,1.0
0.521149,1.0
0.532489,1.0
0.532489,1.0
0.532489,0.0
0.532489,1.0
0.532489,1.0
0.532489,1.0
0.499922,1.0
0.499922,1.0
0.511904,1.0
0.532489,1.0
0.532489,1.0
0.532489,1.0
0.511904,1.0
0.499922,1.0
0.521149,1.0
0.532489,1.0
0.499922,1.0
0.511904,1.0
0.521149,1.0
0.532489,1.0
0.511904,1.0
0.532489,1.0
0.511904,1.0
0.511904,0.0
0.511904,1.0
0.521149,0.0
0.532489,0.0
0.499922,1.0
0.499922,1.0
0.499922,1.0
0.499922,1.0
0.511904,1.0
0.511904,0.0
0.499922,1.0
0.532489,0.0
0.532489,1.0
0.532489,1.0
0.532489,1.0
0.521149,0.0
0.532489,1.0
0.521149,1.0
0.499922,1.0
0.532489,1.0
0.511904,0.0
0.499922,1.0
0.532489,1.0
0.511904,1.0
0.532489,0.0
0.511904,0.0
0.521149,1.0
0.499922,1.0
0.532489,1.0
0.511904,1.0
0.499922,1.0
0.521149,1.0
0.499922,1.0
0.532489,1.0
0.532489,1.0
0.499922,1.0
0.532489,1.0
0.532489,0.0
0.499922,0.0
0.532489,1.0
0.532489,0.0
0.499922,1.0
0.521149,1.0
0.499922,1.0
0.532489,0.0
0.511904,0.0
0.532489,0.0
0.532489,1.0
0.511904,1.0
0.499922,1.0
0.532489,1.0
0.499922,0.0
0.521149,0.0
0.532489,1.0
0.532489,1.0
0.511904,0.0
0.499922,0.0
0.532489,1.0
0.532489,0.0
0.576364,1.0
0.562203,1.0
0.581833,0.0
0.581833,0.0
0.562203,1.0
0.581833,0.0
0.578189,1.0
0.576364,0.0
0.564084,0.0
0.562203,1.0
0.580036,0.0
0.558531,0.0
0.564084,1.0
0.564084,1.0
0.560397,1.0
0.564084,0.0
0.558531,0.0
0.560397,0.0
0.558531,1.0
0.558531,1.0
0.576364,1.0
0.558531,1.0
0.558531,0.0
0.558531,1.0
0.564084,0.0
0.564084,1.0
0.562203,1.0
0.558531,1.0
0.558531,1.0
0.558531,0.0
0.562203,0.0
0.564084,0.0
0.560397,1.0
0.558531,0.0
0.564084,0.0
0.562203,1.0
0.560397,1.0
0.558531,0.0
0.562203,1.0
0.558531,1.0
0.562203,1.0
0.580036,0.0
0.562203,1.0
0.578189,0.0
0.576364,0.0
0.564084,1.0
0.564084,0.0
0.564084,1.0
0.564084,1.0
0.562203,1.0
0.580036,0.0
0.564084,1.0
0.576364,1.0
0.558531,1.0
0.558531,1.0
0.558531,0.0
0.578189,0.0
0.558531,0.0
0.560397,1.0
0.564084,0.0
0.558531,1.0
0.580036,0.0
0.564084,1.0
0.558531,0.0
0.562203,0.0
0.576364,1.0
0.580036,1.0
0.560397,1.0
0.564084,1.0
0.558531,1.0
0.562203,1.0
0.564084,1.0
0.560397,0.0
0.564084,0.0
0.558531,0.0
0.558531,0.0
0.564084,1.0
0.558531,0.0
0.576364,0.0
0.581833,1.0
0.558531,0.0
0.576364,1.0
0.564084,1.0
0.560397,0.0
0.564084,1.0
0.576364,0.0
0.580036,0.0
0.576364,0.0
0.558531,1.0
0.562203,1.0
0.564084,1.0
0.558531,1.0
0.581833,0.0
0.578189,1.0
0.558531,0.0
0.558531,0.0
0.580036,1.0
0.581833,1.0
0.558531,0.0
0.576364,0.0
0.544227,1.0
0.544438,0.0
0.541606,1.0
0.541606,1.0
0.544438,0.0
0.541606,1.0
0.543769,0.0
0.543231,0.0
0.54289,1.0
0.544438,1.0
0.542024,1.0
0.545091,0.0
0.543453,1.0
0.543453,1.0
0.544676,1.0
0.54289,1.0
0.545091,0.0
0.544127,1.0
0.54565,1.0
0.54565,1.0
0.544227,1.0
0.54565,0.0
0.545091,0.0
0.54565,1.0
0.54289,1.0
0.543453,1.0
0.544438,1.0
0.54565,1.0
0.54565,0.0
0.545091,0.0
0.543864,1.0
0.54289,1.0
0.544676,0.0
0.545091,1.0
0.54289,1.0
0.544438,1.0
0.544676,1.0
0.545091,1.0
0.544438,1.0
0.54565,0.0
0.544438,1.0
0.542024,1.0
0.544438,1.0
0.542794,0.0
0.543231,1.0
0.543453,1.0
0.54289,1.0
0.543453,1.0
0.543453,1.0
0.544438,1.0
0.542024,1.0
0.543453,0.0
0.544227,1.0
0.54565,1.0
0.54565,0.0
0.545091,1.0
0.542794,1.0
0.545091,0.0
0.544676,1.0
0.54289,1.0
0.54565,1.0
0.542024,0.0
0.543453,1.0
0.545091,1.0
0.543864,0.0
0.544227,1.0
0.543012,0.0
0.544676,1.0
0.543453,0.0
0.54565,0.0
0.544438,1.0
0.543453,0.0
0.544127,1.0
0.54289,1.0
0.545091,1.0
0.545091,1.0
0.543453,1.0
0.545091,0.0
0.543231,1.0
0.542573,0.0
0.545091,1.0
0.544227,0.0
0.543453,1.0
0.544127,1.0
0.543453,1.0
0.543231,0.0
0.542024,1.0
0.543231,0.0
0.54565,1.0
0.544438,1.0
0.543453,1.0
0.54565,1.0
0.541606,1.0
0.543769,0.0
0.545091,1.0
0.545091,0.0
0.543012,1.0
0.542573,1.0
0.545091,1.0
0.543231,0.0
0.592213,1.0
0.559142,1.0
0.59074,0.0
0.59074,0.0
0.559142,1.0
0.59074,0.0
0.590209,1.0
0.592976,0.0
0.559573,1.0
0.561874,0.0
0.592366,1.0
0.556417,0.0
0.561355,1.0
0.561355,1.0
0.560037,1.0
0.559573,0.0
0.556417,0.0
0.558238,0.0
0.560573,1.0
0.560573,1.0
0.592213,1.0
0.557866,1.0
0.556417,1.0
0.560573,0.0
0.559573,1.0
0.561355,1.0
0.561874,1.0
0.560573,1.0
0.557866,0.0
0.556417,1.0
0.560345,0.0
0.559573,0.0
0.557136,1.0
0.559029,1.0
0.559573,1.0
0.561874,1.0
0.560037,1.0
0.559029,1.0
0.561874,1.0
0.557866,1.0
0.561874,1.0
0.592366,0.0
0.561874,1.0
0.591215,0.0
0.593204,0.0
0.561355,0.0
0.559573,0.0
0.561355,1.0
0.561355,1.0
0.561874,1.0
0.592366,0.0
0.558431,1.0
0.592213,1.0
0.560573,1.0
0.557866,1.0
0.559029,0.0
0.591543,0.0
0.556417,1.0
0.560037,1.0
0.559573,0.0
0.560573,1.0
0.592076,0.0
0.561355,1.0
0.559029,1.0
0.557709,1.0
0.592213,1.0
0.591082,1.0
0.560037,1.0
0.558431,1.0
0.557866,1.0
0.561874,0.0
0.558431,1.0
0.558238,1.0
0.559573,1.0
0.559029,1.0
0.559029,1.0
0.561355,0.0
0.556417,0.0
0.593204,0.0
0.589411,1.0
0.559029,0.0
0.591923,1.0
0.561355,1.0
0.558238,1.0
0.561355,1.0
0.592976,0.0
0.592366,1.0
0.592976,0.0
0.560573,1.0
0.561874,1.0
0.561355,1.0
0.560573,1.0
0.59074,0.0
0.590209,1.0
0.559029,0.0
0.556417,0.0
0.591435,1.0
0.589872,1.0
0.559029,1.0
0.592976,1.0
0.579975,0.0
0.57545,0.0
0.577438,1.0
0.577438,1.0
0.57545,0.0
0.577438,1.0
0.579619,1.0
0.578026,1.0
0.570444,1.0
0.571217,0.0
0.579585,1.0
0.564858,0.0
0.576764,0.0
0.576764,1.0
0.577822,1.0
0.562798,0.0
0.564858,0.0
0.563895,0.0
0.579548,1.0
0.579548,1.0
0.579975,1.0
0.576448,1.0
0.571381,0.0
0.572403,0.0
0.570444,0.0
0.576764,1.0
0.578497,1.0
0.579548,0.0
0.569614,0.0
0.571381,1.0
0.565871,1.0
0.562798,1.0
0.574498,1.0
0.573831,0.0
0.570444,1.0
0.578497,1.0
0.577822,0.0
0.573831,1.0
0.578497,1.0
0.576448,1.0
0.578497,0.0
0.5777,0.0
0.578497,1.0
0.577724,1.0
0.578072,1.0
0.568886,1.0
0.562798,1.0
0.576764,0.0
0.576764,1.0
0.578497,1.0
0.5777,1.0
0.573481,0.0
0.579975,1.0
0.579548,0.0
0.576448,1.0
0.56695,0.0
0.577803,1.0
0.571381,1.0
0.577822,1.0
0.562798,1.0
0.579548,0.0
0.577617,0.0
0.576764,0.0
0.573831,1.0
0.570479,0.0
0.579975,0.0
0.579481,1.0
0.577822,1.0
0.573481,0.0
0.576448,1.0
0.571217,1.0
0.573481,0.0
0.571417,0.0
0.570444,0.0
0.573831,0.0
0.573831,1.0
0.568886,1.0
0.564858,1.0
0.578072,0.0
0.579382,0.0
0.56695,0.0
0.579737,0.0
0.576764,0.0
0.571417,1.0
0.576764,1.0
0.578026,0.0
0.579585,1.0
0.578026,1.0
0.579548,1.0
0.578497,0.0
0.576764,1.0
0.579548,1.0
0.577438,1.0
0.579619,1.0
0.56695,1.0
0.564858,1.0
0.579776,1.0
0.579748,0.0
0.573831,1.0
0.579634,0.0
0.561044,0.0
0.537821,0.0
0.594665,1.0
0.594665,1.0
0.537821,1.0
0.594665,1.0
0.595081,1.0
0.593601,1.0
0.597795,1.0
0.531644,0.0
0.595046,1.0
0.530032,0.0
0.535311,0.0
0.605081,1.0
0.605941,0.0
0.519723,1.0
0.530032,0.0
0.522195,1.0
0.606585,1.0
0.606585,1.0
0.595118,1.0
0.602951,1.0
0.53565,1.0
0.533963,0.0
0.52822,0.0
0.605081,1.0
0.605897,1.0
0.541974,0.0
0.532874,1.0
0.598002,0.0
0.592642,1.0
0.589325,1.0
0.601888,1.0
0.536423,1.0
0.597795,1.0
0.605897,1.0
0.53747,0.0
0.600596,1.0
0.605897,1.0
0.602951,0.0
0.539936,0.0
0.561027,0.0
0.605897,1.0
0.593964,1.0
0.593989,1.0
0.596118,1.0
0.589325,0.0
0.535311,0.0
0.605081,1.0
0.605897,1.0
0.594262,1.0
0.532637,1.0
0.595118,1.0
0.541974,1.0
0.602951,1.0
0.529633,1.0
0.594379,1.0
0.598002,1.0
0.605941,1.0
0.589325,0.0
0.541974,1.0
0.561698,1.0
0.535311,0.0
0.600596,1.0
0.533655,0.0
0.561044,0.0
0.594957,1.0
0.605941,1.0
0.532637,1.0
0.602951,1.0
0.597994,1.0
0.532637,1.0
0.530408,0.0
0.52822,1.0
0.536423,0.0
0.600596,1.0
0.596118,1.0
0.591959,1.0
0.561849,1.0
0.560131,0.0
0.529633,1.0
0.561659,1.0
0.535311,1.0
0.598706,1.0
0.605081,0.0
0.56248,0.0
0.595046,1.0
0.593601,1.0
0.606585,1.0
0.539936,0.0
0.605081,1.0
0.606585,1.0
0.594665,1.0
0.595081,0.0
0.593674,1.0
0.591959,1.0
0.595483,0.0
0.559451,1.0
0.600596,1.0
0.562045,1.0
0.605951,1.0
0.499274,0.0
0.579309,1.0
0.579309,1.0
0.496751,0.0
0.579309,1.0
0.57978,0.0
0.588343,1.0
0.512742,1.0
0.504281,0.0
0.579023,0.0
0.494973,0.0
0.52723,1.0
0.518202,1.0
0.511343,0.0
0.515886,0.0
0.494973,0.0
0.506964,0.0
0.491219,0.0
0.491219,0.0
0.579926,1.0
0.484064,1.0
0.491541,0.0
0.496631,0.0
0.521731,1.0
0.518202,0.0
0.499268,1.0
0.499229,0.0
0.489353,0.0
0.486872,0.0
0.492351,1.0
0.509242,1.0
0.498813,0.0
0.494717,0.0
0.512742,1.0
0.499268,0.0
0.517907,0.0
0.488334,0.0
0.499268,1.0
0.486426,0.0
0.50739,1.0
0.608486,0.0
0.499268,0.0
0.585537,0.0
0.585634,0.0
0.514818,1.0
0.511741,1.0
0.52723,1.0
0.518202,1.0
0.499268,1.0
0.582654,1.0
0.513517,1.0
0.579926,0.0
0.496817,1.0
0.484064,0.0
0.493064,0.0
0.582528,1.0
0.483918,1.0
0.509584,0.0
0.511741,1.0
0.496817,0.0
0.600177,0.0
0.52723,1.0
0.488334,0.0
0.498366,0.0
0.605951,0.0
0.57992,0.0
0.509584,0.0
0.513517,0.0
0.484064,1.0
0.49585,0.0
0.513517,0.0
0.512749,0.0
0.519373,1.0
0.497327,1.0
0.488334,1.0
0.514818,1.0
0.483437,0.0
0.60024,0.0
0.602711,1.0
0.493064,0.0
0.597764,0.0
0.524859,1.0
0.504268,1.0
0.52009,0.0
0.6138,0.0
0.579023,1.0
0.588343,0.0
0.491219,0.0
0.50739,1.0
0.518202,1.0
0.491219,1.0
0.579309,1.0
0.592254,0.0
0.48614,0.0
0.483437,0.0
0.589087,0.0
0.588545,0.0
0.488334,1.0
0.599578,0.0
0.379427,0.0
0.703109,0.0
0.389298,0.0
0.389298,1.0
0.679539,1.0
0.389298,1.0
0.416139,1.0
0.38238,0.0
0.684337,0.0
0.72187,1.0
0.417437,1.0
0.6523,0.0
0.750893,1.0
0.686909,0.0
0.704268,1.0
0.718813,1.0
0.6523,0.0
0.711188,1.0
0.650181,1.0
0.650181,1.0
0.38915,1.0
0.620937,0.0
0.647055,1.0
0.705903,0.0
0.749626,1.0
0.68662,1.0
0.660099,0.0
0.708569,0.0
0.657526,1.0
0.624639,1.0
0.647098,0.0
0.685637,0.0
0.668964,1.0
0.674156,0.0
0.684337,1.0
0.662811,1.0
0.740394,1.0
0.639069,1.0
0.660099,1.0
0.641892,1.0
0.724929,1.0
0.402177,1.0
0.662811,0.0
0.411198,0.0
0.411332,0.0
0.688685,1.0
0.715244,1.0
0.750893,1.0
0.686909,1.0
0.660099,0.0
0.386816,0.0
0.712181,1.0
0.416251,0.0
0.682822,1.0
0.628024,1.0
0.670078,1.0
0.386602,0.0
0.60327,1.0
0.680171,1.0
0.715244,1.0
0.683274,0.0
0.409763,0.0
0.750893,1.0
0.639069,1.0
0.687454,1.0
0.404853,0.0
0.416375,0.0
0.680171,1.0
0.709599,1.0
0.620937,0.0
0.661434,0.0
0.709599,1.0
0.7378,1.0
0.718822,1.0
0.696024,0.0
0.633325,1.0
0.688685,0.0
0.604101,1.0
0.409609,0.0
0.382456,0.0
0.670078,1.0
0.412285,0.0
0.71799,1.0
0.675319,1.0
0.712764,1.0
0.39704,1.0
0.390311,0.0
0.409224,0.0
0.650181,1.0
0.724929,1.0
0.686909,1.0
0.645874,0.0
0.389298,0.0
0.405837,0.0
0.634112,1.0
0.604101,0.0
0.408863,1.0
0.421568,1.0
0.633325,0.0
0.410822,0.0
0.331078,0.0
0.705608,0.0
0.325921,0.0
0.404274,0.0
0.712005,0.0
0.404274,0.0
0.422634,1.0
0.322938,0.0
0.650671,1.0
0.743549,1.0
0.423643,0.0
0.666382,0.0
0.723948,0.0
0.65031,1.0
0.707816,1.0
0.729921,1.0
0.666382,0.0
0.728149,1.0
0.668629,1.0
0.668629,1.0
0.404282,0.0
0.583683,0.0
0.693664,0.0
0.708141,1.0
0.728243,1.0
0.690035,1.0
0.62934,1.0
0.70585,1.0
0.702057,1.0
0.669254,1.0
0.620393,0.0
0.653955,0.0
0.682698,1.0
0.664487,1.0
0.684411,1.0
0.678276,1.0
0.736894,1.0
0.661313,0.0
0.673102,0.0
0.681605,0.0
0.732127,0.0
0.423397,0.0
0.632193,0.0
0.337228,0.0
0.337349,0.0
0.685426,1.0
0.714404,1.0
0.723948,0.0
0.681621,1.0
0.62934,0.0
0.324876,1.0
0.713887,0.0
0.339652,0.0
0.706496,1.0
0.648694,0.0
0.712127,1.0
0.324686,1.0
0.629066,1.0
0.68715,1.0
0.714404,1.0
0.668932,1.0
0.340659,0.0
0.723948,1.0
0.661313,1.0
0.738815,1.0
0.34345,0.0
0.339749,1.0
0.68715,1.0
0.721605,1.0
0.583683,0.0
0.631694,0.0
0.721605,1.0
0.741247,1.0
0.716335,1.0
0.701985,0.0
0.657721,0.0
0.653413,1.0
0.625309,0.0
0.340549,0.0
0.333019,0.0
0.712127,0.0
0.3421,0.0
0.711286,1.0
0.681778,1.0
0.708869,1.0
0.419363,0.0
0.326597,0.0
0.33643,0.0
0.668629,1.0
0.732127,1.0
0.681621,1.0
0.614007,0.0
0.325921,0.0
0.340008,0.0
0.658892,1.0
0.551664,0.0
0.424399,0.0
0.431783,1.0
0.601509,0.0
0.341347,1.0
0.287002,0.0
0.732582,0.0
0.278303,0.0
0.3529,0.0
0.700572,0.0
0.3529,0.0
0.446912,1.0
0.277986,0.0
0.704191,1.0
0.752573,1.0
0.362575,1.0
0.708012,1.0
0.764498,0.0
0.704214,1.0
0.725838,1.0
0.745896,1.0
0.708012,0.0
0.741871,0.0
0.685612,1.0
0.685612,1.0
0.35295,0.0
0.554207,0.0
0.686834,0.0
0.7554,0.0
0.772963,1.0
0.701472,1.0
0.682535,0.0
0.752901,0.0
0.72763,1.0
0.711034,1.0
0.623093,0.0
0.67567,0.0
0.695444,1.0
0.721268,0.0
0.708791,1.0
0.692257,1.0
0.759512,1.0
0.635637,0.0
0.661106,1.0
0.670533,0.0
0.745122,0.0
0.370404,0.0
0.634489,0.0
0.280121,0.0
0.280177,0.0
0.711105,1.0
0.747911,0.0
0.764498,0.0
0.707941,1.0
0.6392,0.0
0.34366,0.0
0.728211,0.0
0.280421,0.0
0.729645,0.0
0.617726,1.0
0.732053,0.0
0.343533,1.0
0.658732,1.0
0.698406,1.0
0.747911,0.0
0.719883,1.0
0.283755,1.0
0.775365,1.0
0.68225,1.0
0.74993,1.0
0.288674,0.0
0.347827,0.0
0.698406,1.0
0.736814,0.0
0.554207,0.0
0.63302,0.0
0.736814,0.0
0.758112,0.0
0.752336,0.0
0.735037,0.0
0.638359,1.0
0.707015,0.0
0.586508,1.0
0.283711,0.0
0.287845,0.0
0.703156,1.0
0.284152,0.0
0.749934,0.0
0.703805,1.0
0.730934,1.0
0.367526,0.0
0.27854,0.0
0.280115,0.0
0.685612,1.0
0.758513,1.0
0.707941,1.0
0.612693,0.0
0.278303,1.0
0.285195,0.0
0.682674,0.0
0.477034,0.0
0.368725,1.0
0.45715,1.0
0.589746,0.0
0.352058,0.0
0.620802,1.0
0.540791,1.0
0.622166,0.0
0.612818,0.0
0.5626,1.0
0.612818,1.0
0.576415,0.0
0.62208,0.0
0.587035,1.0
0.532562,0.0
0.59744,0.0
0.529694,0.0
0.54316,0.0
0.590149,1.0
0.557729,1.0
0.539047,1.0
0.537124,0.0
0.546753,0.0
0.57853,0.0
0.57853,0.0
0.612811,1.0
0.582868,1.0
0.558908,0.0
0.540477,0.0
0.537758,0.0
0.586942,1.0
0.589637,1.0
0.542137,1.0
0.546094,1.0
0.545804,0.0
0.581692,0.0
0.590421,0.0
0.581745,1.0
0.565768,1.0
0.583821,1.0
0.582008,0.0
0.535133,1.0
0.579162,1.0
0.581593,1.0
0.563814,0.0
0.539685,1.0
0.610314,0.0
0.585569,1.0
0.622398,0.0
0.622395,0.0
0.583763,0.0
0.548448,0.0
0.54316,1.0
0.587793,1.0
0.587947,1.0
0.609716,0.0
0.556277,1.0
0.622465,1.0
0.560048,1.0
0.567718,0.0
0.552143,0.0
0.595213,0.0
0.565272,0.0
0.585727,0.0
0.548448,0.0
0.562322,1.0
0.609527,0.0
0.538874,1.0
0.573556,0.0
0.53208,1.0
0.621112,1.0
0.609668,1.0
0.585727,0.0
0.554032,1.0
0.582868,1.0
0.583246,0.0
0.554032,1.0
0.538723,0.0
0.549646,1.0
0.54029,0.0
0.572924,0.0
0.593926,1.0
0.561105,0.0
0.621911,1.0
0.620743,0.0
0.546095,0.0
0.62191,1.0
0.55476,1.0
0.582811,0.0
0.555972,1.0
0.610672,1.0
0.622158,0.0
0.622361,1.0
0.57853,0.0
0.535047,1.0
0.587793,1.0
0.583966,0.0
0.609884,0.0
0.62158,1.0
0.577156,0.0
0.597006,0.0
0.595891,1.0
0.574179,1.0
0.581379,1.0
0.608921,1.0
0.53037,0.0
0.517699,0.0
0.528986,1.0
0.531512,1.0
0.520282,0.0
0.5326,0.0
0.540373,0.0
0.529007,0.0
0.523515,1.0
0.518775,0.0
0.535308,0.0
0.52062,1.0
0.516701,1.0
0.523415,1.0
0.516452,1.0
0.515163,0.0
0.521111,1.0
0.516304,1.0
0.527,0.0
0.527,1.0
0.532603,1.0
0.562059,0.0
0.522937,0.0
0.518017,1.0
0.517241,1.0
0.522469,1.0
0.531081,1.0
0.516715,1.0
0.516389,0.0
0.51967,0.0
0.544678,0.0
0.528356,1.0
0.523905,0.0
0.521185,1.0
0.521566,1.0
0.525219,1.0
0.516802,1.0
0.539821,0.0
0.527182,1.0
0.527797,0.0
0.517074,0.0
0.53218,1.0
0.540737,1.0
0.528933,0.0
0.528934,0.0
0.521546,0.0
0.515356,0.0
0.515489,1.0
0.52175,1.0
0.538001,0.0
0.532502,1.0
0.515514,1.0
0.52997,1.0
0.516976,0.0
0.539172,0.0
0.516949,1.0
0.535599,0.0
0.531685,0.0
0.523733,1.0
0.515356,1.0
0.519629,0.0
0.531893,0.0
0.515371,1.0
0.527804,1.0
0.517392,0.0
0.530293,1.0
0.533597,0.0
0.523733,1.0
0.515638,1.0
0.562059,1.0
0.541951,0.0
0.515638,1.0
0.518823,0.0
0.514506,1.0
0.518812,0.0
0.53218,1.0
0.524446,1.0
0.549234,0.0
0.530105,1.0
0.529328,0.0
0.518116,1.0
0.530105,0.0
0.514335,0.0
0.522903,0.0
0.515506,1.0
0.533176,1.0
0.528988,1.0
0.529997,0.0
0.527,1.0
0.516774,0.0
0.52175,0.0
0.550484,0.0
0.531786,1.0
0.530181,1.0
0.531519,1.0
0.535899,0.0
0.536719,0.0
0.541514,1.0
0.560837,0.0
0.53381,0.0
0.33481,0.0
0.741582,0.0
0.335174,0.0
0.340608,1.0
0.719444,0.0
0.339189,0.0
0.479456,1.0
0.330227,0.0
0.670385,1.0
0.747326,1.0
0.385375,0.0
0.747279,0.0
0.728431,1.0
0.667815,0.0
0.719263,1.0
0.741414,0.0
0.740257,0.0
0.74045,1.0
0.680667,1.0
0.677765,1.0
0.34466,0.0
0.360945,0.0
0.71845,0.0
0.737614,0.0
0.729541,1.0
0.675803,1.0
0.661784,1.0
0.736162,0.0
0.732957,1.0
0.732192,1.0
0.647786,0.0
0.668622,0.0
0.679854,1.0
0.704304,1.0
0.676325,1.0
0.678156,1.0
0.73842,1.0
0.656751,1.0
0.674423,1.0
0.699715,0.0
0.742831,1.0
0.342364,0.0
0.652263,0.0
0.328746,0.0
0.328741,0.0
0.68345,1.0
0.737089,0.0
0.727752,1.0
0.672495,1.0
0.654854,1.0
0.352804,0.0
0.727123,1.0
0.337066,0.0
0.726047,1.0
0.662742,0.0
0.731208,1.0
0.402431,1.0
0.681,1.0
0.677814,1.0
0.733871,1.0
0.711871,1.0
0.366193,0.0
0.725828,1.0
0.679838,1.0
0.745114,1.0
0.338721,1.0
0.350366,1.0
0.677814,1.0
0.733577,0.0
0.366133,0.0
0.653074,1.0
0.733577,1.0
0.748033,0.0
0.732042,1.0
0.74209,0.0
0.67347,1.0
0.665345,0.0
0.622946,1.0
0.337774,0.0
0.331292,0.0
0.735849,0.0
0.332321,0.0
0.731182,1.0
0.683327,1.0
0.722176,1.0
0.34648,0.0
0.335133,0.0
0.332152,1.0
0.677765,1.0
0.740502,1.0
0.676384,1.0
0.628856,1.0
0.372219,0.0
0.338327,1.0
0.672218,1.0
0.301438,0.0
0.395676,1.0
0.506463,1.0
0.558164,0.0
0.351525,0.0
0.306507,0.0
0.784279,0.0
0.307316,0.0
0.378976,0.0
0.757847,0.0
0.307055,1.0
0.496459,1.0
0.304064,0.0
0.729795,1.0
0.791832,1.0
0.329911,0.0
0.771027,1.0
0.805086,0.0
0.717477,0.0
0.779912,1.0
0.787315,0.0
0.773914,0.0
0.785031,1.0
0.716057,1.0
0.714047,1.0
0.310857,1.0
0.280725,0.0
0.752488,1.0
0.786267,0.0
0.805698,1.0
0.729736,0.0
0.707001,1.0
0.78666,0.0
0.785255,1.0
0.773609,1.0
0.642413,1.0
0.699595,0.0
0.725562,1.0
0.766892,0.0
0.736304,1.0
0.719812,1.0
0.795993,1.0
0.688077,0.0
0.712832,1.0
0.725266,1.0
0.794116,1.0
0.308732,0.0
0.656288,0.0
0.303319,0.0
0.303316,0.0
0.740221,1.0
0.78606,0.0
0.805985,1.0
0.735066,1.0
0.691416,1.0
0.314617,0.0
0.788168,1.0
0.308631,0.0
0.783424,1.0
0.65736,1.0
0.783108,1.0
0.422308,0.0
0.707171,1.0
0.725378,1.0
0.790492,1.0
0.771887,1.0
0.321465,0.0
0.809538,1.0
0.712534,1.0
0.793008,1.0
0.379819,0.0
0.384928,0.0
0.725378,1.0
0.777081,0.0
0.285301,0.0
0.682549,0.0
0.784299,1.0
0.784994,0.0
0.794102,1.0
0.784639,1.0
0.701396,1.0
0.714596,0.0
0.649562,1.0
0.308928,0.0
0.304369,0.0
0.76782,0.0
0.305356,0.0
0.796352,1.0
0.73278,1.0
0.785149,1.0
0.311436,0.0
0.307291,0.0
0.374798,0.0
0.714047,1.0
0.798651,1.0
0.736798,1.0
0.657792,1.0
0.326581,0.0
0.379622,0.0
0.70642,1.0
0.283063,0.0
0.416795,0.0
0.534656,1.0
0.485041,0.0
0.312958,0.0
0.577712,0.0
0.370023,1.0
0.577672,1.0
0.578649,1.0
0.481746,0.0
0.577233,0.0
0.568564,1.0
0.577642,1.0
0.713533,1.0
0.360301,0.0
0.578645,1.0
0.365711,0.0
0.363937,0.0
0.720931,1.0
0.430424,0.0
0.374887,0.0
0.370074,0.0
0.375975,1.0
0.715128,1.0
0.715795,0.0
0.577125,1.0
0.579986,1.0
0.468485,0.0
0.366324,0.0
0.360804,0.0
0.719149,1.0
0.716829,0.0
0.369276,0.0
0.397468,0.0
0.41472,0.0
0.684299,0.0
0.713369,1.0
0.715879,0.0
0.491959,1.0
0.70221,1.0
0.71594,1.0
0.361533,0.0
0.701502,1.0
0.717943,1.0
0.583928,0.0
0.362917,1.0
0.577978,0.0
0.698719,0.0
0.57763,1.0
0.57763,1.0
0.690954,1.0
0.383645,0.0
0.363118,0.0
0.713211,1.0
0.710475,0.0
0.578059,1.0
0.393552,0.0
0.577698,0.0
0.413988,0.0
0.69287,1.0
0.392558,1.0
0.57951,1.0
0.692599,0.0
0.716887,1.0
0.378569,0.0
0.472393,0.0
0.578178,0.0
0.362348,0.0
0.70873,1.0
0.361513,0.0
0.578523,0.0
0.578776,1.0
0.716887,1.0
0.397703,1.0
0.579991,1.0
0.699441,0.0
0.390363,0.0
0.362124,0.0
0.376593,0.0
0.365693,0.0
0.708072,1.0
0.718603,1.0
0.652548,1.0
0.577712,0.0
0.577674,0.0
0.405219,0.0
0.577679,1.0
0.38534,0.0
0.700801,1.0
0.413977,0.0
0.578014,0.0
0.577672,0.0
0.57831,0.0
0.715795,1.0
0.36181,0.0
0.712562,0.0
0.68434,0.0
0.57817,1.0
0.578511,0.0
0.703611,1.0
0.577864,0.0
0.579552,0.0
0.569774,0.0
0.59309,1.0
0.578112,0.0
0.30455,0.0
0.795457,1.0
0.319186,0.0
0.361542,0.0
0.769228,0.0
0.367351,0.0
0.556613,0.0
0.318644,0.0
0.733408,1.0
0.783585,1.0
0.318425,1.0
0.775429,0.0
0.792173,1.0
0.729676,0.0
0.779568,1.0
0.787005,1.0
0.774712,0.0
0.789457,1.0
0.719436,1.0
0.699057,1.0
0.385032,1.0
0.301213,0.0
0.770002,0.0
0.785339,1.0
0.796891,1.0
0.728233,1.0
0.693271,0.0
0.78604,1.0
0.781237,1.0
0.772247,1.0
0.656845,1.0
0.712936,0.0
0.710371,1.0
0.773782,0.0
0.738727,1.0
0.723295,1.0
0.787442,1.0
0.693448,1.0
0.717798,1.0
0.742398,0.0
0.797601,1.0
0.303983,0.0
0.66149,0.0
0.318599,0.0
0.318598,0.0
0.741843,1.0
0.786803,1.0
0.797458,1.0
0.738469,1.0
0.680383,1.0
0.318809,0.0
0.783674,1.0
0.305094,1.0
0.781774,1.0
0.683068,1.0
0.789662,1.0
0.376182,1.0
0.694258,1.0
0.728919,1.0
0.783824,1.0
0.776384,1.0
0.304713,1.0
0.800707,1.0
0.715588,1.0
0.784935,1.0
0.346966,0.0
0.363088,0.0
0.728919,1.0
0.790612,0.0
0.301982,0.0
0.670816,1.0
0.779239,1.0
0.783637,0.0
0.787118,1.0
0.788757,1.0
0.70689,1.0
0.726748,0.0
0.670576,1.0
0.305083,0.0
0.304308,0.0
0.771793,0.0
0.3188,1.0
0.790419,1.0
0.734965,1.0
0.782689,1.0
0.304349,1.0
0.304891,0.0
0.345309,0.0
0.717676,1.0
0.790412,1.0
0.722161,1.0
0.655482,1.0
0.320273,0.0
0.346936,1.0
0.710046,1.0
0.300618,0.0
0.357787,0.0
0.603491,1.0
0.290048,0.0
0.303931,1.0
0.53608,1.0
0.525521,1.0
0.537407,1.0
0.539932,1.0
0.518597,1.0
0.539318,1.0
0.547599,0.0
0.537366,0.0
0.527087,1.0
0.525174,1.0
0.531257,1.0
0.522556,1.0
0.52594,1.0
0.526692,1.0
0.522049,1.0
0.5247,0.0
0.522212,1.0
0.524613,1.0
0.525307,1.0
0.523115,1.0
0.534994,1.0
0.536382,1.0
0.518799,0.0
0.524876,1.0
0.526796,1.0
0.526205,1.0
0.524435,1.0
0.524853,1.0
0.523068,0.0
0.521275,1.0
0.529882,0.0
0.526754,1.0
0.523836,0.0
0.51953,1.0
0.527372,1.0
0.525583,1.0
0.525622,1.0
0.528328,0.0
0.525709,0.0
0.516881,0.0
0.526326,0.0
0.53606,1.0
0.532092,1.0
0.537362,0.0
0.537362,1.0
0.527365,1.0
0.524226,1.0
0.526711,1.0
0.527364,1.0
0.525866,0.0
0.537414,1.0
0.523738,1.0
0.529712,1.0
0.522779,0.0
0.527656,0.0
0.523782,1.0
0.535022,0.0
0.522812,0.0
0.526103,1.0
0.524211,1.0
0.520623,0.0
0.529714,0.0
0.527179,1.0
0.525056,1.0
0.525203,1.0
0.538527,0.0
0.540038,1.0
0.526103,1.0
0.522712,0.0
0.536436,1.0
0.528651,1.0
0.523315,0.0
0.523857,1.0
0.524793,1.0
0.525408,0.0
0.525358,1.0
0.526965,1.0
0.53317,0.0
0.536115,1.0
0.536062,1.0
0.520415,1.0
0.531215,0.0
0.524882,0.0
0.52673,0.0
0.522937,1.0
0.529678,0.0
0.5361,1.0
0.538419,0.0
0.525174,1.0
0.52593,1.0
0.525062,0.0
0.531401,1.0
0.537527,1.0
0.532376,0.0
0.525414,1.0
0.535823,0.0
0.539237,1.0
0.537682,1.0
0.536516,1.0
0.529655,0.0
0.634354,1.0
0.667829,1.0
0.630893,1.0
0.621763,1.0
0.657087,0.0
0.616674,1.0
0.497043,0.0
0.633174,1.0
0.602376,1.0
0.669443,0.0
0.591745,1.0
0.666616,0.0
0.669251,1.0
0.601248,1.0
0.663981,0.0
0.659415,1.0
0.66627,0.0
0.667551,1.0
0.599717,0.0
0.601231,0.0
0.564367,1.0
0.634796,0.0
0.649406,0.0
0.668829,0.0
0.669324,1.0
0.601876,1.0
0.600443,1.0
0.668604,0.0
0.657619,1.0
0.664791,1.0
0.593226,1.0
0.602601,1.0
0.59511,0.0
0.65054,1.0
0.603733,1.0
0.600789,1.0
0.669294,0.0
0.590086,0.0
0.593497,1.0
0.630666,0.0
0.6591,1.0
0.634568,0.0
0.599576,1.0
0.633163,0.0
0.630922,1.0
0.604605,1.0
0.667754,1.0
0.66906,0.0
0.602414,1.0
0.594556,1.0
0.631233,1.0
0.66703,1.0
0.595598,1.0
0.656459,0.0
0.587427,0.0
0.665815,0.0
0.572308,1.0
0.596483,0.0
0.601233,1.0
0.668135,1.0
0.651502,0.0
0.596986,0.0
0.669034,1.0
0.600328,1.0
0.669385,0.0
0.627724,1.0
0.621546,1.0
0.601233,0.0
0.65422,1.0
0.634734,0.0
0.599366,1.0
0.658366,1.0
0.667325,1.0
0.66832,1.0
0.659857,1.0
0.600146,0.0
0.601907,1.0
0.567339,1.0
0.63429,0.0
0.634354,1.0
0.663512,0.0
0.591532,1.0
0.658454,1.0
0.594944,1.0
0.665428,1.0
0.596815,0.0
0.634291,1.0
0.628006,1.0
0.599882,0.0
0.669347,1.0
0.596795,1.0
0.594344,0.0
0.631233,1.0
0.582396,0.0
0.600141,0.0
0.636957,1.0
0.624143,1.0
0.570553,1.0
0.654132,0.0
0.597019,1.0
0.604872,1.0
0.546057,1.0
0.6051,1.0
0.604618,0.0
0.531406,0.0
0.602511,0.0
0.569957,1.0
0.605729,0.0
0.607011,1.0
0.536745,0.0
0.594587,1.0
0.532243,0.0
0.543106,0.0
0.606071,1.0
0.535426,1.0
0.54104,0.0
0.531511,0.0
0.544719,0.0
0.598694,0.0
0.593014,0.0
0.588149,0.0
0.599513,1.0
0.530936,0.0
0.536609,0.0
0.545042,0.0
0.605805,1.0
0.597779,1.0
0.536808,1.0
0.539374,1.0
0.53692,0.0
0.594147,0.0
0.604024,0.0
0.595112,1.0
0.541834,0.0
0.607654,0.0
0.604148,0.0
0.537899,1.0
0.594906,0.0
0.603574,1.0
0.532627,0.0
0.546944,1.0
0.599008,0.0
0.598203,1.0
0.599902,0.0
0.605081,1.0
0.607363,0.0
0.541326,0.0
0.540801,0.0
0.607942,1.0
0.596442,1.0
0.605176,0.0
0.540788,1.0
0.594271,1.0
0.535538,1.0
0.592036,0.0
0.540329,0.0
0.591808,0.0
0.588736,0.0
0.605579,1.0
0.540863,0.0
0.534536,0.0
0.58857,0.0
0.546099,0.0
0.602019,0.0
0.537117,1.0
0.604804,1.0
0.604636,1.0
0.601321,0.0
0.542872,1.0
0.59953,0.0
0.595953,0.0
0.538983,1.0
0.53884,0.0
0.541936,0.0
0.541979,0.0
0.59693,0.0
0.605934,1.0
0.587455,0.0
0.598968,0.0
0.604862,0.0
0.530634,0.0
0.594973,1.0
0.542483,1.0
0.606203,1.0
0.540558,1.0
0.588486,0.0
0.604867,0.0
0.60481,0.0
0.598506,1.0
0.543073,1.0
0.602136,1.0
0.590066,0.0
0.605239,0.0
0.585271,1.0
0.597007,0.0
0.605453,0.0
0.604135,1.0
0.534975,1.0
0.603974,1.0
0.595138,1.0
0.340367,0.0
0.770646,0.0
0.339084,1.0
0.3353,0.0
0.754329,1.0
0.341681,0.0
0.437545,0.0
0.333057,1.0
0.704082,1.0
0.768338,1.0
0.372048,0.0
0.754702,1.0
0.756255,0.0
0.693646,1.0
0.768596,1.0
0.749144,1.0
0.752847,0.0
0.764395,1.0
0.707668,1.0
0.679105,1.0
0.390749,0.0
0.353811,0.0
0.753216,1.0
0.769257,0.0
0.762688,1.0
0.697103,1.0
0.654453,0.0
0.771084,0.0
0.746705,1.0
0.740193,1.0
0.643676,1.0
0.677501,0.0
0.689416,1.0
0.753533,0.0
0.70645,1.0
0.691202,1.0
0.773287,1.0
0.685848,0.0
0.687124,1.0
0.738133,1.0
0.771028,1.0
0.351461,0.0
0.647516,0.0
0.347806,0.0
0.339153,0.0
0.708812,1.0
0.752116,1.0
0.782907,1.0
0.708998,1.0
0.65092,1.0
0.335298,0.0
0.751472,1.0
0.374185,0.0
0.767681,0.0
0.680048,1.0
0.785422,0.0
0.371376,0.0
0.672922,0.0
0.698932,1.0
0.749972,0.0
0.765017,1.0
0.379962,1.0
0.766707,1.0
0.683366,1.0
0.770905,1.0
0.338492,1.0
0.338772,0.0
0.717196,1.0
0.758262,0.0
0.349985,0.0
0.649106,1.0
0.744086,1.0
0.741308,0.0
0.753215,1.0
0.75258,0.0
0.696862,0.0
0.691306,1.0
0.658834,1.0
0.351539,0.0
0.336802,0.0
0.75118,0.0
0.367663,0.0
0.755498,1.0
0.702721,1.0
0.75135,1.0
0.380257,0.0
0.336773,0.0
0.334948,0.0
0.708051,1.0
0.756957,1.0
0.680305,1.0
0.666367,0.0
0.335079,0.0
0.393916,1.0
0.699102,1.0
0.334533,0.0
0.340951,0.0
0.725566,1.0
0.342952,0.0
0.368141,0.0
0.631112,1.0
0.672679,1.0
0.620101,1.0
0.634313,1.0
0.65739,0.0
0.63138,1.0
0.578577,0.0
0.624207,0.0
0.592577,1.0
0.660942,0.0
0.615511,1.0
0.660765,0.0
0.674316,1.0
0.593288,1.0
0.658689,0.0
0.661194,0.0
0.673476,0.0
0.660897,0.0
0.590598,0.0
0.591815,0.0
0.606655,0.0
0.624704,0.0
0.65764,0.0
0.672854,0.0
0.661638,1.0
0.592337,0.0
0.60939,1.0
0.672288,0.0
0.660066,0.0
0.659681,1.0
0.593761,1.0
0.609582,1.0
0.591986,0.0
0.668029,0.0
0.593568,1.0
0.591948,0.0
0.660376,0.0
0.60507,1.0
0.591961,1.0
0.645398,1.0
0.660851,1.0
0.626786,0.0
0.611079,1.0
0.628512,0.0
0.631675,1.0
0.594023,1.0
0.661058,1.0
0.660465,1.0
0.592541,1.0
0.592823,1.0
0.634277,1.0
0.660343,1.0
0.614416,1.0
0.671486,1.0
0.589653,0.0
0.670585,0.0
0.617031,1.0
0.608247,0.0
0.59187,0.0
0.674162,1.0
0.657789,0.0
0.599387,1.0
0.661542,1.0
0.59183,1.0
0.660477,0.0
0.620449,0.0
0.631877,1.0
0.591189,0.0
0.672613,1.0
0.627469,0.0
0.593403,1.0
0.660196,1.0
0.674632,0.0
0.661216,0.0
0.674282,1.0
0.605473,0.0
0.593718,1.0
0.585359,1.0
0.62675,0.0
0.633589,1.0
0.672708,0.0
0.617816,1.0
0.660627,1.0
0.592862,1.0
0.659828,1.0
0.612666,0.0
0.633602,1.0
0.63447,0.0
0.590427,0.0
0.661164,1.0
0.593742,1.0
0.605811,1.0
0.634378,1.0
0.589734,1.0
0.591229,1.0
0.63463,0.0
0.630853,1.0
0.641916,1.0
0.629797,0.0
0.617582,0.0
0.533227,1.0
0.51509,0.0
0.535753,1.0
0.532846,1.0
0.515096,0.0
0.533049,0.0
0.536876,0.0
0.537327,0.0
0.511932,0.0
0.514667,0.0
0.534302,0.0
0.516418,1.0
0.517398,1.0
0.513719,1.0
0.513871,0.0
0.517456,0.0
0.517199,0.0
0.515112,1.0
0.511215,0.0
0.515786,0.0
0.535777,1.0
0.534649,0.0
0.515297,0.0
0.515033,1.0
0.515875,1.0
0.513559,0.0
0.520318,1.0
0.514779,0.0
0.517543,0.0
0.518358,1.0
0.521045,0.0
0.517203,0.0
0.514485,0.0
0.515098,0.0
0.511643,0.0
0.513989,1.0
0.514,1.0
0.515715,0.0
0.514188,1.0
0.513165,0.0
0.514557,1.0
0.534304,1.0
0.52237,1.0
0.534166,1.0
0.533177,0.0
0.511407,0.0
0.517012,0.0
0.512588,0.0
0.511183,1.0
0.519882,0.0
0.53287,1.0
0.517133,0.0
0.534406,1.0
0.514859,0.0
0.515999,0.0
0.512147,0.0
0.533935,0.0
0.517836,0.0
0.513111,0.0
0.517999,1.0
0.513876,0.0
0.537066,0.0
0.515264,0.0
0.51444,1.0
0.514264,0.0
0.537736,0.0
0.533139,0.0
0.510001,1.0
0.516495,0.0
0.534252,1.0
0.520168,0.0
0.518309,0.0
0.519336,0.0
0.516827,1.0
0.517848,0.0
0.514148,1.0
0.514235,1.0
0.518895,0.0
0.534305,1.0
0.532927,1.0
0.516996,1.0
0.534117,0.0
0.51666,0.0
0.512132,0.0
0.516948,1.0
0.535204,1.0
0.532926,1.0
0.533778,1.0
0.511345,0.0
0.516745,0.0
0.51595,0.0
0.51945,0.0
0.532863,0.0
0.537895,0.0
0.512018,1.0
0.533791,0.0
0.533223,0.0
0.512768,1.0
0.534306,1.0
0.535249,0.0
0.581274,0.0
0.356682,0.0
0.579972,1.0
0.581304,1.0
0.358475,1.0
0.578998,1.0
0.581217,1.0
0.578836,1.0
0.733842,1.0
0.355523,0.0
0.579334,1.0
0.345857,0.0
0.346485,0.0
0.730087,1.0
0.358062,1.0
0.352374,0.0
0.352109,0.0
0.348102,1.0
0.735903,1.0
0.735303,1.0
0.582671,1.0
0.579841,1.0
0.357748,0.0
0.347452,0.0
0.348707,0.0
0.735707,1.0
0.728561,1.0
0.355187,0.0
0.352751,0.0
0.346555,0.0
0.730155,1.0
0.733108,1.0
0.735141,1.0
0.361971,1.0
0.732554,1.0
0.731507,1.0
0.34913,0.0
0.732843,0.0
0.730626,0.0
0.381431,1.0
0.350439,1.0
0.582194,0.0
0.725185,1.0
0.582162,1.0
0.578914,1.0
0.731488,1.0
0.354886,1.0
0.3596,0.0
0.729482,1.0
0.733121,0.0
0.581272,1.0
0.354979,0.0
0.581687,0.0
0.357932,1.0
0.734211,1.0
0.359245,1.0
0.579419,1.0
0.732276,1.0
0.735802,1.0
0.346093,1.0
0.359292,1.0
0.577959,1.0
0.356575,0.0
0.730329,1.0
0.356014,0.0
0.578909,0.0
0.578945,0.0
0.731233,1.0
0.355955,1.0
0.582186,1.0
0.731662,0.0
0.353599,1.0
0.349379,1.0
0.345718,1.0
0.3532,0.0
0.730966,1.0
0.72982,1.0
0.728656,1.0
0.582196,0.0
0.581266,0.0
0.345839,1.0
0.579288,0.0
0.355414,1.0
0.733166,1.0
0.348435,1.0
0.5826,0.0
0.581266,1.0
0.581931,1.0
0.735953,1.0
0.354859,0.0
0.732848,0.0
0.729512,1.0
0.578903,1.0
0.578038,1.0
0.730087,1.0
0.579516,1.0
0.578947,0.0
0.37183,1.0
0.582049,1.0
0.579949,0.0
0.623563,1.0
0.65963,1.0
0.581857,1.0
0.612646,1.0
0.66439,1.0
0.615441,1.0
0.611786,0.0
0.578841,0.0
0.595935,1.0
0.661266,0.0
0.614023,1.0
0.662546,0.0
0.661968,1.0
0.597955,1.0
0.663713,1.0
0.6632,1.0
0.662981,0.0
0.664884,0.0
0.595303,1.0
0.597798,0.0
0.603813,0.0
0.607033,0.0
0.661705,0.0
0.661723,0.0
0.660488,1.0
0.59727,1.0
0.6011,1.0
0.661436,0.0
0.663177,0.0
0.662619,1.0
0.601272,1.0
0.601006,1.0
0.597453,0.0
0.663824,0.0
0.595802,1.0
0.597052,1.0
0.660804,1.0
0.594129,0.0
0.593801,1.0
0.658923,0.0
0.662459,1.0
0.616877,0.0
0.603366,1.0
0.604816,0.0
0.614591,0.0
0.595706,1.0
0.664743,1.0
0.656281,1.0
0.595342,1.0
0.596265,1.0
0.612445,1.0
0.661646,1.0
0.622845,0.0
0.662849,1.0
0.597049,0.0
0.662555,1.0
0.615467,1.0
0.599309,0.0
0.596722,1.0
0.665664,1.0
0.663535,0.0
0.582151,1.0
0.659582,1.0
0.597006,1.0
0.661038,0.0
0.588387,0.0
0.626836,1.0
0.594866,1.0
0.664379,1.0
0.604738,0.0
0.596417,1.0
0.665492,1.0
0.666642,0.0
0.665845,1.0
0.662192,1.0
0.597561,0.0
0.598524,1.0
0.597191,1.0
0.616882,0.0
0.624403,1.0
0.665763,0.0
0.626313,1.0
0.664315,1.0
0.595954,1.0
0.664695,1.0
0.617118,0.0
0.612306,1.0
0.604602,0.0
0.595382,0.0
0.661104,1.0
0.595506,1.0
0.600454,1.0
0.615416,1.0
0.577968,1.0
0.595581,0.0
0.607623,0.0
0.626674,1.0
0.661111,1.0
0.603705,0.0
0.618444,1.0
0.617295,1.0
0.687633,1.0
0.58295,1.0
0.604987,0.0
0.681929,1.0
0.607252,1.0
0.585396,0.0
0.559776,0.0
0.609921,1.0
0.667,0.0
0.60674,1.0
0.667122,0.0
0.689312,1.0
0.611355,1.0
0.681091,0.0
0.689962,0.0
0.666861,0.0
0.6608,0.0
0.609769,0.0
0.590853,1.0
0.577987,0.0
0.580488,1.0
0.666357,0.0
0.667202,0.0
0.688348,1.0
0.612098,0.0
0.615473,1.0
0.666999,0.0
0.666689,1.0
0.68953,0.0
0.61484,1.0
0.613793,1.0
0.590917,0.0
0.659602,0.0
0.610115,1.0
0.612134,1.0
0.68896,1.0
0.597333,0.0
0.618876,0.0
0.655943,1.0
0.679382,1.0
0.592708,0.0
0.616416,1.0
0.577963,0.0
0.584953,0.0
0.610103,1.0
0.681252,0.0
0.685545,1.0
0.609816,1.0
0.62113,1.0
0.604848,1.0
0.688768,1.0
0.596501,1.0
0.679594,1.0
0.589917,0.0
0.679903,0.0
0.607624,1.0
0.591763,1.0
0.611607,1.0
0.682541,1.0
0.659733,0.0
0.585101,0.0
0.687577,1.0
0.611184,0.0
0.666946,0.0
0.574311,1.0
0.619573,1.0
0.609872,1.0
0.681034,1.0
0.577942,0.0
0.62131,1.0
0.68213,1.0
0.661162,0.0
0.683425,0.0
0.689201,0.0
0.590912,0.0
0.611742,1.0
0.611183,1.0
0.592712,0.0
0.617745,1.0
0.661081,0.0
0.619579,0.0
0.680892,1.0
0.610173,0.0
0.681583,1.0
0.593322,0.0
0.604767,1.0
0.577586,0.0
0.58955,0.0
0.688506,1.0
0.620265,1.0
0.61301,0.0
0.607161,1.0
0.582221,0.0
0.589632,0.0
0.580528,1.0
0.6195,1.0
0.678444,0.0
0.5771,0.0
0.615694,0.0
0.57737,0.0
0.338628,1.0
0.581252,1.0
0.579689,1.0
0.342628,1.0
0.580072,1.0
0.581477,1.0
0.582781,1.0
0.736154,1.0
0.354195,0.0
0.580152,1.0
0.356517,1.0
0.34182,0.0
0.73597,1.0
0.354028,0.0
0.358551,0.0
0.357248,0.0
0.353783,1.0
0.744505,1.0
0.738327,1.0
0.581848,1.0
0.581847,1.0
0.35749,0.0
0.355132,0.0
0.339448,1.0
0.744215,1.0
0.736183,1.0
0.354608,0.0
0.344892,0.0
0.35761,0.0
0.735134,0.0
0.735505,1.0
0.744987,0.0
0.358122,0.0
0.735827,1.0
0.737896,0.0
0.341169,0.0
0.741739,0.0
0.742789,1.0
0.346722,0.0
0.335099,0.0
0.578327,0.0
0.734042,1.0
0.581792,0.0
0.581274,0.0
0.735426,1.0
0.353088,1.0
0.33509,0.0
0.736135,1.0
0.735519,0.0
0.580175,1.0
0.341671,0.0
0.578499,1.0
0.336644,1.0
0.744013,1.0
0.352277,1.0
0.580102,0.0
0.737384,0.0
0.73771,1.0
0.340441,0.0
0.354135,1.0
0.580857,0.0
0.33822,0.0
0.743991,1.0
0.353927,1.0
0.578318,0.0
0.577402,1.0
0.737255,1.0
0.338646,0.0
0.581797,1.0
0.734812,0.0
0.340251,0.0
0.357181,0.0
0.356203,0.0
0.355516,0.0
0.744516,0.0
0.735729,1.0
0.734637,1.0
0.578327,0.0
0.577362,0.0
0.356476,1.0
0.576832,1.0
0.337876,1.0
0.743418,1.0
0.339485,0.0
0.578381,0.0
0.58018,0.0
0.581794,0.0
0.745141,1.0
0.340192,0.0
0.735532,0.0
0.740296,1.0
0.580065,1.0
0.581021,0.0
0.74382,0.0
0.581805,1.0
0.577405,0.0
0.363352,0.0
0.581841,1.0
0.577021,0.0
0.621881,1.0
0.661911,1.0
0.602329,1.0
0.594639,1.0
0.662015,0.0
0.610714,1.0
0.588,0.0
0.579371,0.0
0.592649,1.0
0.661352,0.0
0.610825,1.0
0.664566,0.0
0.660483,1.0
0.593878,1.0
0.661425,1.0
0.661951,1.0
0.661822,0.0
0.663005,1.0
0.594756,0.0
0.593253,0.0
0.584916,0.0
0.601871,0.0
0.661565,0.0
0.66161,0.0
0.662384,1.0
0.596314,1.0
0.59704,1.0
0.661446,0.0
0.660041,0.0
0.66225,1.0
0.592197,1.0
0.595971,1.0
0.59142,0.0
0.660582,1.0
0.592725,1.0
0.590555,1.0
0.660179,1.0
0.592174,1.0
0.597605,1.0
0.654408,0.0
0.656738,1.0
0.597561,0.0
0.597827,1.0
0.596722,0.0
0.598695,0.0
0.592675,1.0
0.664122,1.0
0.657433,0.0
0.592474,1.0
0.593519,1.0
0.609772,1.0
0.660274,1.0
0.602654,1.0
0.659617,1.0
0.594219,0.0
0.663218,0.0
0.62315,1.0
0.590627,1.0
0.593966,1.0
0.659588,1.0
0.662161,1.0
0.600722,1.0
0.659203,1.0
0.595691,1.0
0.663855,0.0
0.607328,1.0
0.611064,1.0
0.592521,0.0
0.658457,1.0
0.584461,0.0
0.593528,1.0
0.659374,1.0
0.661741,0.0
0.662283,1.0
0.662403,1.0
0.590881,0.0
0.594215,1.0
0.594139,1.0
0.597563,1.0
0.622029,1.0
0.664053,1.0
0.596482,1.0
0.660753,0.0
0.595291,0.0
0.658847,1.0
0.598086,0.0
0.621862,1.0
0.596462,0.0
0.593298,0.0
0.659982,1.0
0.593402,1.0
0.597332,0.0
0.610641,1.0
0.599796,1.0
0.588788,1.0
0.601664,1.0
0.622928,1.0
0.660596,0.0
0.584146,0.0
0.607414,1.0
0.574279,0.0
0.335487,0.0
0.584584,1.0
0.585409,1.0
0.353812,0.0
0.583869,0.0
0.585643,1.0
0.586256,1.0
0.735443,1.0
0.348255,0.0
0.583868,1.0
0.356127,0.0
0.332498,0.0
0.735489,0.0
0.332867,1.0
0.340264,0.0
0.351037,0.0
0.336966,0.0
0.746004,1.0
0.745128,1.0
0.585887,0.0
0.584242,1.0
0.35073,1.0
0.349085,0.0
0.336359,0.0
0.738937,1.0
0.737272,0.0
0.348593,0.0
0.349156,0.0
0.33867,0.0
0.732733,1.0
0.735771,1.0
0.742696,1.0
0.333924,0.0
0.735287,1.0
0.734753,1.0
0.33188,0.0
0.732923,0.0
0.738507,1.0
0.348174,0.0
0.326345,0.0
0.574313,0.0
0.735402,1.0
0.575141,1.0
0.57503,1.0
0.734978,1.0
0.338353,1.0
0.344301,0.0
0.735346,1.0
0.734231,0.0
0.583953,1.0
0.332268,1.0
0.584365,1.0
0.332994,0.0
0.745265,1.0
0.352795,1.0
0.575026,0.0
0.733889,1.0
0.737924,0.0
0.330744,1.0
0.336453,0.0
0.57509,0.0
0.329237,0.0
0.738712,1.0
0.353557,0.0
0.574321,0.0
0.583599,0.0
0.744415,1.0
0.329029,1.0
0.585919,1.0
0.733472,0.0
0.330523,1.0
0.350569,0.0
0.336354,0.0
0.336346,0.0
0.742037,0.0
0.735328,1.0
0.736281,1.0
0.574301,0.0
0.574279,0.0
0.340471,0.0
0.585039,0.0
0.350853,1.0
0.744997,1.0
0.329791,0.0
0.574342,0.0
0.575003,1.0
0.575134,0.0
0.745502,1.0
0.330977,0.0
0.733907,0.0
0.743121,1.0
0.583874,1.0
0.575109,0.0
0.732173,1.0
0.584691,1.0
0.574319,0.0
0.353602,0.0
0.585943,1.0
0.574269,0.0
0.368721,0.0
0.684229,0.0
0.383896,0.0
0.386285,0.0
0.709595,1.0
0.366536,0.0
0.402311,0.0
0.402028,0.0
0.590383,1.0
0.701072,0.0
0.382714,1.0
0.734321,0.0
0.686609,0.0
0.584754,0.0
0.691586,1.0
0.725142,1.0
0.722811,0.0
0.687702,1.0
0.642866,1.0
0.633289,1.0
0.385994,1.0
0.399449,0.0
0.724367,1.0
0.708249,0.0
0.6888,1.0
0.638392,0.0
0.629536,1.0
0.704194,1.0
0.706052,1.0
0.715383,1.0
0.61747,0.0
0.616082,1.0
0.621515,1.0
0.684258,1.0
0.588834,1.0
0.603,1.0
0.68287,1.0
0.595858,0.0
0.656611,1.0
0.667471,0.0
0.653228,1.0
0.388917,1.0
0.638538,0.0
0.401717,0.0
0.401896,0.0
0.587368,1.0
0.704827,0.0
0.671068,1.0
0.587964,1.0
0.627504,1.0
0.383066,0.0
0.691689,0.0
0.386334,0.0
0.667341,0.0
0.648093,0.0
0.712814,1.0
0.365364,0.0
0.605932,0.0
0.601044,1.0
0.68278,1.0
0.682121,1.0
0.369768,1.0
0.66968,1.0
0.630862,1.0
0.713919,1.0
0.371201,0.0
0.36922,1.0
0.615042,1.0
0.672616,0.0
0.402823,0.0
0.623923,1.0
0.681179,1.0
0.718764,0.0
0.703395,1.0
0.70612,0.0
0.603042,1.0
0.600038,0.0
0.626929,1.0
0.373401,0.0
0.368675,0.0
0.705912,1.0
0.372308,0.0
0.700044,1.0
0.629416,1.0
0.668466,0.0
0.38867,1.0
0.381818,0.0
0.385493,1.0
0.624026,1.0
0.678537,1.0
0.605178,1.0
0.660266,1.0
0.382902,0.0
0.369768,0.0
0.577417,1.0
0.383111,0.0
0.368258,0.0
0.707765,1.0
0.402832,0.0
0.372247,1.0
0.329402,0.0
0.853466,1.0
0.333657,0.0
0.334329,0.0
0.832768,1.0
0.325104,1.0
0.340045,1.0
0.339046,0.0
0.826215,1.0
0.835903,1.0
0.411384,0.0
0.802347,0.0
0.851231,1.0
0.823191,0.0
0.850184,1.0
0.818438,1.0
0.814078,0.0
0.855767,1.0
0.768411,1.0
0.77833,1.0
0.410625,0.0
0.339783,0.0
0.815543,0.0
0.828743,0.0
0.854664,1.0
0.766145,1.0
0.780585,1.0
0.838579,1.0
0.836495,1.0
0.828166,1.0
0.780334,1.0
0.79283,0.0
0.791625,1.0
0.859158,0.0
0.828956,1.0
0.812238,1.0
0.860665,1.0
0.806312,1.0
0.752669,1.0
0.868628,1.0
0.888783,1.0
0.417217,0.0
0.754594,0.0
0.343486,1.0
0.343744,0.0
0.8308,1.0
0.830722,1.0
0.871035,1.0
0.829553,1.0
0.781364,1.0
0.333754,1.0
0.844165,0.0
0.335143,1.0
0.86983,1.0
0.750225,1.0
0.827387,1.0
0.327324,1.0
0.79854,1.0
0.817251,1.0
0.85886,1.0
0.861225,1.0
0.405729,1.0
0.873324,1.0
0.782119,1.0
0.828628,1.0
0.330156,0.0
0.403512,1.0
0.79932,1.0
0.863234,1.0
0.339998,1.0
0.783629,0.0
0.860496,1.0
0.818169,0.0
0.840296,1.0
0.831877,1.0
0.811157,1.0
0.80392,0.0
0.780423,1.0
0.330886,0.0
0.329381,1.0
0.837613,1.0
0.327273,0.0
0.840412,1.0
0.784088,1.0
0.868827,1.0
0.417051,1.0
0.336142,0.0
0.414318,0.0
0.789105,1.0
0.864797,1.0
0.811695,1.0
0.741668,1.0
0.333725,0.0
0.328689,1.0
0.83885,1.0
0.333113,0.0
0.329164,1.0
0.833349,1.0
0.339973,0.0
0.408181,1.0
0.289067,0.0
0.679253,0.0
0.285193,0.0
0.285032,0.0
0.706824,1.0
0.352446,0.0
0.352735,0.0
0.284011,0.0
0.593753,1.0
0.695208,0.0
0.360995,0.0
0.72191,0.0
0.681103,0.0
0.577092,0.0
0.692918,1.0
0.719881,1.0
0.710927,1.0
0.68553,1.0
0.645061,1.0
0.635605,1.0
0.364214,0.0
0.285514,0.0
0.721502,0.0
0.697699,0.0
0.686461,1.0
0.634807,1.0
0.62588,0.0
0.701555,0.0
0.703257,1.0
0.710632,1.0
0.615757,0.0
0.612508,0.0
0.623896,0.0
0.678741,0.0
0.592238,1.0
0.605119,1.0
0.681036,1.0
0.591648,0.0
0.65775,1.0
0.66628,1.0
0.656291,1.0
0.371198,1.0
0.630268,1.0
0.356933,0.0
0.288325,0.0
0.590917,1.0
0.702149,0.0
0.672132,1.0
0.591505,1.0
0.62391,0.0
0.352906,1.0
0.685924,0.0
0.353285,0.0
0.665085,1.0
0.646388,1.0
0.714822,1.0
0.355279,0.0
0.604211,1.0
0.599208,1.0
0.68477,1.0
0.680636,1.0
0.446523,0.0
0.669742,1.0
0.631825,1.0
0.710879,1.0
0.289059,0.0
0.443762,0.0
0.61777,1.0
0.672661,0.0
0.352489,1.0
0.615038,1.0
0.683317,1.0
0.707209,0.0
0.699473,0.0
0.698425,0.0
0.602426,1.0
0.593953,0.0
0.62928,1.0
0.289109,0.0
0.356586,0.0
0.702038,0.0
0.28616,1.0
0.70241,1.0
0.631604,1.0
0.665839,1.0
0.455138,0.0
0.28808,1.0
0.368917,1.0
0.626486,1.0
0.677276,1.0
0.602788,1.0
0.664,1.0
0.28556,0.0
0.355493,0.0
0.582447,1.0
0.284962,0.0
0.356468,1.0
0.70505,0.0
0.28455,0.0
0.448916,0.0
0.620311,1.0
0.513389,1.0
0.621397,0.0
0.62146,0.0
0.519489,1.0
0.607948,0.0
0.608882,1.0
0.62188,1.0
0.572454,0.0
0.519963,1.0
0.611717,0.0
0.532057,0.0
0.514195,1.0
0.575677,1.0
0.514058,1.0
0.524366,0.0
0.52298,0.0
0.510977,1.0
0.587279,1.0
0.585163,0.0
0.610805,0.0
0.621653,1.0
0.532339,0.0
0.523309,0.0
0.511309,0.0
0.585502,1.0
0.58967,1.0
0.522841,1.0
0.518158,1.0
0.520942,0.0
0.585723,0.0
0.588225,0.0
0.587646,1.0
0.5162,1.0
0.572107,1.0
0.576185,1.0
0.508998,1.0
0.577564,1.0
0.592158,1.0
0.501762,0.0
0.497778,1.0
0.594681,0.0
0.587422,0.0
0.608231,0.0
0.621337,0.0
0.571642,0.0
0.522721,0.0
0.505101,0.0
0.57172,1.0
0.589377,1.0
0.593743,0.0
0.518748,1.0
0.608522,1.0
0.501361,1.0
0.586215,0.0
0.522588,0.0
0.607485,0.0
0.575604,1.0
0.574283,1.0
0.510683,0.0
0.508844,1.0
0.59236,1.0
0.504021,1.0
0.584148,0.0
0.521053,1.0
0.620349,1.0
0.592964,1.0
0.580027,0.0
0.510644,1.0
0.594187,0.0
0.583729,1.0
0.510064,1.0
0.526891,1.0
0.522119,0.0
0.521172,0.0
0.575136,0.0
0.581654,1.0
0.581985,0.0
0.620375,0.0
0.607328,0.0
0.52307,1.0
0.608174,1.0
0.517873,0.0
0.584851,1.0
0.50174,1.0
0.590753,0.0
0.608428,1.0
0.595062,0.0
0.581813,0.0
0.507371,1.0
0.577201,1.0
0.592311,1.0
0.621334,0.0
0.607509,1.0
0.567084,0.0
0.621411,0.0
0.592385,1.0
0.524163,1.0
0.621833,1.0
0.591881,1.0
0.664105,1.0
0.67773,1.0
0.666172,1.0
0.666308,1.0
0.685776,1.0
0.63718,1.0
0.639834,1.0
0.667182,0.0
0.613795,1.0
0.680755,1.0
0.648757,1.0
0.687845,1.0
0.678137,1.0
0.609964,1.0
0.683522,1.0
0.689006,1.0
0.689136,1.0
0.682142,0.0
0.617366,0.0
0.618028,0.0
0.64681,0.0
0.666777,1.0
0.688034,0.0
0.684336,1.0
0.683656,1.0
0.61772,1.0
0.615327,1.0
0.682155,1.0
0.685278,1.0
0.687707,1.0
0.614245,1.0
0.616414,1.0
0.613828,0.0
0.679834,1.0
0.612884,1.0
0.614015,1.0
0.68134,1.0
0.609275,0.0
0.620008,1.0
0.678952,1.0
0.676042,1.0
0.598896,0.0
0.620297,1.0
0.638174,0.0
0.666357,0.0
0.613859,1.0
0.683269,1.0
0.680801,1.0
0.612614,1.0
0.615408,1.0
0.594071,0.0
0.681053,1.0
0.638879,1.0
0.677619,0.0
0.617464,0.0
0.688239,0.0
0.63619,1.0
0.613748,1.0
0.613409,1.0
0.683362,1.0
0.681152,0.0
0.596098,1.0
0.67905,1.0
0.617806,1.0
0.686412,0.0
0.66419,1.0
0.597965,1.0
0.616362,1.0
0.676366,1.0
0.595275,1.0
0.618166,1.0
0.681794,1.0
0.684609,1.0
0.683099,1.0
0.682639,1.0
0.614112,0.0
0.612585,1.0
0.616047,1.0
0.664258,1.0
0.635861,1.0
0.682222,1.0
0.631937,1.0
0.686418,1.0
0.617306,1.0
0.677799,1.0
0.590128,0.0
0.632537,1.0
0.599886,1.0
0.616403,0.0
0.680607,1.0
0.615472,1.0
0.619249,0.0
0.666056,1.0
0.636616,1.0
0.610786,1.0
0.666185,1.0
0.592006,1.0
0.682574,1.0
0.667119,0.0
0.59459,1.0
0.579062,0.0
0.328339,0.0
0.579164,1.0
0.579171,1.0
0.334221,1.0
0.579123,0.0
0.579423,1.0
0.57799,1.0
0.733254,1.0
0.330736,0.0
0.579895,1.0
0.336322,0.0
0.328564,0.0
0.729429,1.0
0.331985,0.0
0.335648,0.0
0.335323,0.0
0.347946,1.0
0.74511,1.0
0.744274,1.0
0.578696,1.0
0.57922,1.0
0.351982,0.0
0.332015,0.0
0.330141,0.0
0.736538,1.0
0.733922,1.0
0.332041,0.0
0.333523,1.0
0.334147,0.0
0.732144,0.0
0.733317,0.0
0.743053,0.0
0.330219,0.0
0.733449,1.0
0.734724,1.0
0.329851,0.0
0.737551,0.0
0.737474,0.0
0.327607,1.0
0.326744,0.0
0.578274,0.0
0.734494,1.0
0.578467,1.0
0.577948,0.0
0.732947,1.0
0.331528,0.0
0.328171,0.0
0.733398,1.0
0.733199,0.0
0.578317,1.0
0.330775,0.0
0.579357,0.0
0.345905,0.0
0.744304,1.0
0.350765,1.0
0.579111,1.0
0.733666,0.0
0.73411,1.0
0.330137,0.0
0.347564,0.0
0.579402,0.0
0.328283,0.0
0.736714,1.0
0.350538,0.0
0.57907,0.0
0.579449,0.0
0.735909,1.0
0.327737,0.0
0.578432,1.0
0.733765,0.0
0.330438,0.0
0.334211,0.0
0.331363,0.0
0.33057,0.0
0.741666,1.0
0.73165,1.0
0.73624,1.0
0.579075,0.0
0.579126,0.0
0.332374,0.0
0.578374,1.0
0.332944,1.0
0.736895,1.0
0.327739,0.0
0.578749,0.0
0.578492,0.0
0.578472,0.0
0.744334,0.0
0.329297,0.0
0.733211,1.0
0.744033,0.0
0.579164,1.0
0.579164,0.0
0.73216,0.0
0.57916,1.0
0.579085,0.0
0.333798,0.0
0.577998,1.0
0.579385,0.0
0.532027,0.0
0.536589,0.0
0.530703,0.0
0.530695,1.0
0.528468,0.0
0.532993,0.0
0.531958,1.0
0.532133,0.0
0.534014,0.0
0.535301,0.0
0.531103,1.0
0.531857,0.0
0.536445,1.0
0.535023,1.0
0.534847,1.0
0.532352,0.0
0.532424,0.0
0.528652,1.0
0.52475,0.0
0.52634,1.0
0.532544,1.0
0.530853,0.0
0.529534,0.0
0.534259,1.0
0.535476,1.0
0.529348,1.0
0.530782,1.0
0.534602,1.0
0.528891,0.0
0.533238,1.0
0.535579,0.0
0.535498,0.0
0.533545,0.0
0.53574,1.0
0.534403,1.0
0.532488,1.0
0.535909,1.0
0.535454,0.0
0.531353,1.0
0.532822,0.0
0.537823,0.0
0.537864,1.0
0.527853,1.0
0.533128,0.0
0.533107,0.0
0.534689,1.0
0.534679,0.0
0.536656,0.0
0.534356,1.0
0.535385,0.0
0.536589,1.0
0.535255,0.0
0.53318,1.0
0.535593,0.0
0.523985,0.0
0.525151,1.0
0.531892,0.0
0.536684,0.0
0.533341,1.0
0.535582,1.0
0.534119,0.0
0.535395,0.0
0.536817,1.0
0.529236,1.0
0.531211,1.0
0.53202,1.0
0.53526,0.0
0.531173,1.0
0.537066,0.0
0.534814,0.0
0.534338,0.0
0.535683,0.0
0.533301,1.0
0.534795,1.0
0.535035,0.0
0.530285,1.0
0.533247,1.0
0.528278,0.0
0.531778,1.0
0.533043,0.0
0.534522,1.0
0.533157,1.0
0.529025,0.0
0.529722,0.0
0.537207,1.0
0.537019,0.0
0.534515,1.0
0.53593,0.0
0.532213,1.0
0.536214,0.0
0.533639,0.0
0.527255,0.0
0.530707,0.0
0.533353,0.0
0.538252,1.0
0.530704,0.0
0.537663,0.0
0.533984,0.0
0.532133,1.0
0.535496,0.0
0.574444,0.0
0.329955,0.0
0.581008,1.0
0.583505,0.0
0.338327,0.0
0.574571,1.0
0.584366,1.0
0.582267,0.0
0.73042,1.0
0.331122,0.0
0.583815,1.0
0.334927,0.0
0.321289,0.0
0.719938,1.0
0.323257,0.0
0.334515,0.0
0.334254,0.0
0.329783,0.0
0.73762,1.0
0.731052,1.0
0.585054,1.0
0.581114,1.0
0.338341,1.0
0.3234,0.0
0.322383,0.0
0.728442,1.0
0.725647,0.0
0.323166,0.0
0.337808,0.0
0.324906,0.0
0.725371,1.0
0.726854,1.0
0.731322,1.0
0.322218,0.0
0.723609,1.0
0.725467,1.0
0.322005,1.0
0.72542,0.0
0.726603,1.0
0.334208,0.0
0.32952,0.0
0.575798,0.0
0.727534,0.0
0.58292,0.0
0.574532,1.0
0.723252,1.0
0.331851,1.0
0.330186,0.0
0.723547,1.0
0.726623,0.0
0.588231,1.0
0.33116,0.0
0.576821,0.0
0.331352,0.0
0.737235,1.0
0.334082,1.0
0.581779,0.0
0.726447,0.0
0.72458,1.0
0.322448,0.0
0.332916,0.0
0.574333,0.0
0.321265,0.0
0.728701,1.0
0.327707,0.0
0.576762,1.0
0.574375,1.0
0.727203,1.0
0.329801,0.0
0.584021,1.0
0.727528,0.0
0.331102,0.0
0.324555,0.0
0.323083,0.0
0.331231,0.0
0.727658,1.0
0.722613,1.0
0.734279,1.0
0.576839,0.0
0.574575,0.0
0.323435,0.0
0.585222,1.0
0.337715,0.0
0.734803,1.0
0.321114,0.0
0.574479,0.0
0.576104,1.0
0.573663,0.0
0.72676,1.0
0.330478,0.0
0.730619,0.0
0.73419,0.0
0.581011,1.0
0.574454,1.0
0.717333,0.0
0.581009,0.0
0.572453,0.0
0.333081,0.0
0.584796,1.0
0.574306,0.0
0.558019,0.0
0.359021,0.0
0.595133,1.0
0.559791,1.0
0.351191,0.0
0.592816,1.0
0.59665,1.0
0.560019,1.0
0.744458,1.0
0.356587,0.0
0.596014,1.0
0.350073,1.0
0.35842,1.0
0.742714,1.0
0.355505,1.0
0.351073,1.0
0.351128,0.0
0.351036,1.0
0.750515,1.0
0.749026,1.0
0.597086,0.0
0.59526,1.0
0.375096,1.0
0.354245,0.0
0.356556,0.0
0.746875,1.0
0.726615,1.0
0.354916,1.0
0.351838,1.0
0.352452,1.0
0.743907,1.0
0.744122,1.0
0.74621,1.0
0.357265,1.0
0.743656,1.0
0.744957,1.0
0.381457,0.0
0.72701,1.0
0.746799,1.0
0.3585,1.0
0.361308,1.0
0.55548,0.0
0.727152,1.0
0.560236,1.0
0.593022,1.0
0.743446,1.0
0.380587,1.0
0.359093,0.0
0.743697,1.0
0.726294,0.0
0.600044,1.0
0.356583,0.0
0.557342,1.0
0.357294,1.0
0.7507,1.0
0.374545,1.0
0.560169,1.0
0.726501,1.0
0.744384,0.0
0.356852,0.0
0.354574,1.0
0.557324,1.0
0.359097,0.0
0.747098,1.0
0.348609,0.0
0.593191,0.0
0.593515,1.0
0.745929,1.0
0.359993,0.0
0.597929,1.0
0.726595,1.0
0.357385,1.0
0.352453,0.0
0.35537,1.0
0.356074,0.0
0.74663,0.0
0.743919,1.0
0.748156,1.0
0.557674,0.0
0.557981,0.0
0.354916,1.0
0.597719,1.0
0.352025,1.0
0.747377,1.0
0.359938,1.0
0.55722,0.0
0.594076,1.0
0.556514,1.0
0.746794,1.0
0.358294,0.0
0.726261,1.0
0.728382,1.0
0.595136,1.0
0.592958,1.0
0.725906,1.0
0.560138,1.0
0.554904,0.0
0.355043,1.0
0.597056,1.0
0.557283,1.0
0.551906,0.0
0.315555,0.0
0.60226,1.0
0.590204,1.0
0.320376,0.0
0.601574,0.0
0.603761,1.0
0.590404,1.0
0.750102,1.0
0.316664,0.0
0.603182,1.0
0.360922,0.0
0.359728,0.0
0.747224,1.0
0.360214,0.0
0.360875,0.0
0.319693,0.0
0.361047,0.0
0.754132,1.0
0.753699,1.0
0.564327,1.0
0.602379,1.0
0.367269,1.0
0.317313,0.0
0.316394,1.0
0.752438,1.0
0.74689,1.0
0.359971,1.0
0.360993,1.0
0.360446,1.0
0.747289,0.0
0.748189,0.0
0.751522,1.0
0.360002,1.0
0.750005,1.0
0.750954,1.0
0.320571,0.0
0.743403,1.0
0.752077,1.0
0.360196,1.0
0.360152,0.0
0.548534,0.0
0.747682,1.0
0.590558,0.0
0.601844,1.0
0.749819,1.0
0.364214,0.0
0.315719,0.0
0.74995,1.0
0.713715,0.0
0.606433,1.0
0.316699,0.0
0.589253,0.0
0.360162,0.0
0.753842,1.0
0.367613,0.0
0.590293,0.0
0.744429,0.0
0.720816,0.0
0.316423,0.0
0.360536,0.0
0.589364,0.0
0.315395,0.0
0.752683,1.0
0.321065,0.0
0.56281,1.0
0.602356,1.0
0.752005,1.0
0.315346,0.0
0.604558,1.0
0.74481,0.0
0.360145,0.0
0.318329,0.0
0.360037,1.0
0.3168,0.0
0.723655,1.0
0.748705,1.0
0.752423,1.0
0.551101,0.0
0.551848,0.0
0.36014,0.0
0.604823,0.0
0.36098,1.0
0.752721,1.0
0.360079,0.0
0.551076,1.0
0.603597,0.0
0.589318,1.0
0.752597,1.0
0.316013,1.0
0.746474,0.0
0.750019,1.0
0.602262,1.0
0.60178,0.0
0.74288,1.0
0.59009,1.0
0.54861,0.0
0.360772,1.0
0.604127,1.0
0.589369,0.0
0.596737,1.0
0.657341,1.0
0.564561,1.0
0.569428,1.0
0.66196,0.0
0.575805,1.0
0.560569,0.0
0.570376,1.0
0.589843,1.0
0.658828,1.0
0.56203,1.0
0.654543,1.0
0.648689,1.0
0.589363,1.0
0.650708,1.0
0.654001,1.0
0.66176,0.0
0.653771,0.0
0.592842,0.0
0.592776,1.0
0.576861,1.0
0.564257,1.0
0.660822,0.0
0.659713,0.0
0.660889,1.0
0.592546,0.0
0.590806,1.0
0.653447,1.0
0.656195,0.0
0.655074,0.0
0.584932,1.0
0.586573,1.0
0.59132,1.0
0.65191,0.0
0.59002,1.0
0.590402,0.0
0.659713,0.0
0.587085,0.0
0.59302,1.0
0.651802,0.0
0.647201,1.0
0.586705,0.0
0.592182,1.0
0.582309,0.0
0.562699,0.0
0.589935,1.0
0.653203,1.0
0.657304,1.0
0.589842,1.0
0.592652,1.0
0.554215,1.0
0.658848,1.0
0.579488,1.0
0.650025,1.0
0.592085,0.0
0.658361,0.0
0.583242,1.0
0.582732,0.0
0.59353,1.0
0.658243,1.0
0.651849,0.0
0.580483,1.0
0.656843,1.0
0.591738,1.0
0.662518,0.0
0.57744,1.0
0.561278,1.0
0.590996,1.0
0.656746,1.0
0.55902,0.0
0.585323,1.0
0.649949,1.0
0.660689,1.0
0.653178,1.0
0.659123,0.0
0.598145,0.0
0.590661,1.0
0.590473,1.0
0.594512,0.0
0.596338,1.0
0.651091,0.0
0.569912,1.0
0.656071,1.0
0.59239,1.0
0.647676,0.0
0.583519,0.0
0.568955,1.0
0.566697,0.0
0.59083,0.0
0.660291,0.0
0.585899,1.0
0.592496,0.0
0.564558,1.0
0.575138,1.0
0.584971,0.0
0.572066,1.0
0.587508,1.0
0.654045,1.0
0.559651,0.0
0.580354,1.0
0.566948,0.0
0.322248,0.0
0.592736,1.0
0.591466,1.0
0.343883,0.0
0.57474,1.0
0.592984,1.0
0.591151,1.0
0.732879,1.0
0.323152,0.0
0.593322,1.0
0.324551,0.0
0.321728,0.0
0.730226,1.0
0.322676,1.0
0.324286,0.0
0.343464,0.0
0.343256,0.0
0.746503,1.0
0.738351,1.0
0.58628,0.0
0.592789,1.0
0.351277,0.0
0.342382,0.0
0.32787,0.0
0.744137,1.0
0.731431,0.0
0.327197,1.0
0.347709,0.0
0.347181,0.0
0.725673,1.0
0.72662,1.0
0.734923,1.0
0.346374,1.0
0.732637,1.0
0.742187,1.0
0.342514,0.0
0.736187,1.0
0.736103,1.0
0.346405,0.0
0.321522,1.0
0.566012,0.0
0.733036,1.0
0.573511,1.0
0.592688,1.0
0.732398,1.0
0.323729,1.0
0.322366,0.0
0.7326,1.0
0.725477,1.0
0.594435,1.0
0.323175,0.0
0.571991,0.0
0.322352,1.0
0.746439,1.0
0.34632,1.0
0.572725,0.0
0.731974,0.0
0.730423,0.0
0.322986,0.0
0.342777,0.0
0.57218,1.0
0.322151,0.0
0.736496,1.0
0.344277,0.0
0.586154,0.0
0.593522,0.0
0.735272,1.0
0.322052,0.0
0.592936,1.0
0.724203,1.0
0.322326,0.0
0.324565,0.0
0.327128,0.0
0.34212,0.0
0.744016,1.0
0.731943,1.0
0.736656,1.0
0.567402,0.0
0.566918,0.0
0.34255,0.0
0.575247,1.0
0.329215,0.0
0.736423,1.0
0.342471,0.0
0.584363,0.0
0.574792,1.0
0.591507,1.0
0.744103,1.0
0.346244,0.0
0.725376,1.0
0.743581,0.0
0.592737,1.0
0.574752,1.0
0.735419,1.0
0.590913,1.0
0.56477,0.0
0.328081,0.0
0.593133,1.0
0.572172,1.0
0.552404,0.0
0.363007,0.0
0.599092,1.0
0.599352,1.0
0.355865,0.0
0.594311,0.0
0.602609,1.0
0.599129,1.0
0.742456,1.0
0.361567,0.0
0.599341,1.0
0.36059,1.0
0.366035,0.0
0.741769,1.0
0.385342,0.0
0.361239,1.0
0.356158,0.0
0.359872,1.0
0.75021,1.0
0.74709,1.0
0.559657,1.0
0.599112,1.0
0.350363,1.0
0.358955,0.0
0.36009,0.0
0.746999,1.0
0.726396,1.0
0.384216,0.0
0.357809,0.0
0.359157,1.0
0.741018,1.0
0.7409,1.0
0.744032,1.0
0.385027,1.0
0.742051,1.0
0.745225,1.0
0.359161,0.0
0.743435,1.0
0.745091,1.0
0.36247,1.0
0.386914,0.0
0.549494,0.0
0.744168,1.0
0.596256,1.0
0.602585,1.0
0.741881,1.0
0.384066,1.0
0.363033,0.0
0.742113,1.0
0.740813,0.0
0.599649,1.0
0.361567,0.0
0.554647,1.0
0.385673,1.0
0.750718,1.0
0.379274,1.0
0.555621,1.0
0.726041,1.0
0.726042,1.0
0.36216,0.0
0.361971,0.0
0.593849,1.0
0.363441,0.0
0.745137,1.0
0.354808,0.0
0.559272,0.0
0.562508,0.0
0.743967,1.0
0.363547,0.0
0.602492,1.0
0.740234,1.0
0.365072,1.0
0.359431,0.0
0.36264,1.0
0.359667,0.0
0.748281,1.0
0.742675,1.0
0.746089,1.0
0.551184,0.0
0.552375,1.0
0.362726,1.0
0.594574,1.0
0.359604,1.0
0.744874,1.0
0.365597,0.0
0.557901,0.0
0.594642,1.0
0.60296,1.0
0.746909,1.0
0.359137,0.0
0.739302,1.0
0.729029,0.0
0.599092,1.0
0.594341,1.0
0.742024,1.0
0.598999,1.0
0.550344,0.0
0.361895,1.0
0.602666,1.0
0.593853,0.0
0.414128,0.0
0.896096,0.0
0.415989,0.0
0.423345,1.0
0.86149,0.0
0.409144,0.0
0.425122,1.0
0.422349,0.0
0.854236,1.0
0.891161,1.0
0.416217,0.0
0.896736,1.0
0.905595,0.0
0.857706,1.0
0.894577,1.0
0.898857,1.0
0.863008,1.0
0.886685,1.0
0.774893,1.0
0.808073,1.0
0.415837,1.0
0.415967,0.0
0.846371,1.0
0.874064,0.0
0.884765,1.0
0.808652,1.0
0.861703,0.0
0.886096,0.0
0.867684,1.0
0.882844,1.0
0.864303,1.0
0.861456,0.0
0.839103,1.0
0.887441,1.0
0.856192,1.0
0.830448,1.0
0.874726,1.0
0.846826,0.0
0.824246,1.0
0.894743,1.0
0.903629,1.0
0.432645,0.0
0.830523,1.0
0.438153,0.0
0.426254,0.0
0.857419,1.0
0.89611,0.0
0.896131,1.0
0.856306,1.0
0.836991,1.0
0.414656,0.0
0.891131,1.0
0.424856,0.0
0.905444,1.0
0.771727,1.0
0.847916,1.0
0.420361,0.0
0.876365,1.0
0.861409,1.0
0.89309,1.0
0.884777,1.0
0.433355,0.0
0.897476,1.0
0.829901,1.0
0.857254,1.0
0.402526,0.0
0.391185,1.0
0.841311,1.0
0.897819,1.0
0.424053,1.0
0.866054,1.0
0.911017,1.0
0.883514,0.0
0.902544,1.0
0.876789,0.0
0.789631,1.0
0.848726,0.0
0.82663,1.0
0.424856,0.0
0.429451,0.0
0.896718,1.0
0.42495,0.0
0.892015,1.0
0.82946,1.0
0.897192,1.0
0.417226,1.0
0.427872,0.0
0.434307,1.0
0.816808,1.0
0.873386,1.0
0.872938,1.0
0.794172,1.0
0.415988,1.0
0.425871,1.0
0.862147,1.0
0.422205,0.0
0.423307,0.0
0.899522,1.0
0.425033,0.0
0.416975,1.0
0.59784,1.0
0.572449,1.0
0.602358,1.0
0.585121,1.0
0.566496,1.0
0.60083,1.0
0.585293,1.0
0.60147,0.0
0.622883,1.0
0.568388,1.0
0.602355,1.0
0.567807,1.0
0.573934,1.0
0.622291,1.0
0.568825,1.0
0.568147,1.0
0.563204,0.0
0.566176,0.0
0.612827,1.0
0.617648,0.0
0.584242,1.0
0.602363,1.0
0.558791,0.0
0.568762,1.0
0.56727,0.0
0.618613,0.0
0.626327,1.0
0.570668,0.0
0.56412,0.0
0.565525,0.0
0.621521,0.0
0.62594,0.0
0.621253,1.0
0.566109,1.0
0.623819,1.0
0.62038,0.0
0.565436,1.0
0.62238,0.0
0.62041,1.0
0.567468,1.0
0.570367,1.0
0.594541,0.0
0.618948,1.0
0.599061,1.0
0.601375,0.0
0.624037,0.0
0.570675,1.0
0.569238,1.0
0.623557,1.0
0.622267,1.0
0.602616,1.0
0.56838,1.0
0.598756,1.0
0.569052,0.0
0.610178,1.0
0.558755,0.0
0.599475,0.0
0.623722,0.0
0.62426,0.0
0.568721,0.0
0.567268,0.0
0.599424,0.0
0.569465,0.0
0.620124,0.0
0.562078,0.0
0.600563,1.0
0.586536,1.0
0.621667,1.0
0.569515,1.0
0.585458,1.0
0.622815,0.0
0.570005,1.0
0.570399,1.0
0.568721,0.0
0.569237,0.0
0.615039,0.0
0.624887,1.0
0.616809,1.0
0.596155,1.0
0.597822,1.0
0.567803,1.0
0.600691,1.0
0.567057,1.0
0.621193,0.0
0.569417,1.0
0.581371,0.0
0.600289,0.0
0.583806,0.0
0.618068,1.0
0.565183,1.0
0.625971,1.0
0.615775,1.0
0.586288,0.0
0.58423,1.0
0.62165,0.0
0.601476,0.0
0.596017,1.0
0.568215,1.0
0.601562,1.0
0.582775,1.0
0.351877,0.0
0.885225,1.0
0.330172,0.0
0.428454,0.0
0.855183,1.0
0.338103,1.0
0.424659,0.0
0.328602,0.0
0.855504,1.0
0.88478,1.0
0.329988,1.0
0.896506,0.0
0.892952,1.0
0.857968,0.0
0.886073,1.0
0.898118,1.0
0.859919,0.0
0.887823,1.0
0.784251,1.0
0.813967,1.0
0.437807,0.0
0.330144,0.0
0.853399,1.0
0.866268,0.0
0.878847,1.0
0.81429,1.0
0.858141,0.0
0.874489,1.0
0.863968,1.0
0.884717,1.0
0.861307,1.0
0.854861,0.0
0.843025,1.0
0.887357,0.0
0.85713,0.0
0.833729,1.0
0.870759,1.0
0.842633,1.0
0.830291,1.0
0.894686,1.0
0.89349,1.0
0.356074,1.0
0.835379,1.0
0.337644,1.0
0.325842,0.0
0.856475,1.0
0.891267,1.0
0.888801,1.0
0.857198,1.0
0.832386,1.0
0.32909,0.0
0.884766,0.0
0.34654,0.0
0.901276,1.0
0.781239,1.0
0.852298,1.0
0.340896,1.0
0.871826,1.0
0.861096,1.0
0.885764,1.0
0.878607,1.0
0.336,0.0
0.889314,1.0
0.83345,1.0
0.8548,1.0
0.341967,0.0
0.428901,0.0
0.844965,1.0
0.890177,1.0
0.424076,0.0
0.862552,1.0
0.907124,1.0
0.87469,1.0
0.900335,1.0
0.867976,1.0
0.796637,1.0
0.846299,0.0
0.832306,1.0
0.354887,0.0
0.350369,1.0
0.896252,1.0
0.335972,0.0
0.892818,1.0
0.833101,1.0
0.889406,1.0
0.446653,1.0
0.333301,0.0
0.425937,0.0
0.823549,1.0
0.869576,1.0
0.869887,1.0
0.796452,1.0
0.419879,1.0
0.434718,1.0
0.85986,1.0
0.328688,0.0
0.357591,0.0
0.898638,1.0
0.328841,0.0
0.44295,1.0
0.610137,1.0
0.566746,1.0
0.614063,1.0
0.599483,0.0
0.56195,1.0
0.598053,1.0
0.60021,1.0
0.614659,0.0
0.623654,1.0
0.566699,1.0
0.600235,0.0
0.571306,0.0
0.567874,0.0
0.625777,1.0
0.566895,1.0
0.568602,1.0
0.566289,0.0
0.567342,0.0
0.616204,1.0
0.619891,1.0
0.597283,1.0
0.614066,1.0
0.561901,1.0
0.567053,0.0
0.565996,0.0
0.620813,1.0
0.626318,1.0
0.565301,1.0
0.563666,1.0
0.566886,1.0
0.621688,1.0
0.625835,0.0
0.622538,1.0
0.570104,1.0
0.627415,1.0
0.621872,1.0
0.564571,1.0
0.619564,1.0
0.622174,1.0
0.568121,1.0
0.567957,1.0
0.595225,0.0
0.62026,1.0
0.599538,1.0
0.615117,0.0
0.624624,0.0
0.567639,0.0
0.567285,1.0
0.624256,1.0
0.621971,1.0
0.614176,0.0
0.569744,1.0
0.61181,1.0
0.569218,1.0
0.613551,1.0
0.561713,0.0
0.598559,1.0
0.623525,1.0
0.624681,1.0
0.567025,0.0
0.56597,0.0
0.613919,1.0
0.56754,1.0
0.621655,1.0
0.562125,1.0
0.611452,1.0
0.597716,1.0
0.622921,1.0
0.567477,1.0
0.600288,1.0
0.622855,1.0
0.56981,1.0
0.565148,1.0
0.569092,1.0
0.564261,0.0
0.617755,1.0
0.625278,1.0
0.618499,0.0
0.609838,1.0
0.596882,1.0
0.568349,0.0
0.613471,1.0
0.567869,1.0
0.622759,0.0
0.567382,1.0
0.576743,0.0
0.614147,0.0
0.60012,0.0
0.620139,1.0
0.564383,1.0
0.625967,1.0
0.616991,1.0
0.584317,0.0
0.581646,1.0
0.622014,0.0
0.614644,1.0
0.609401,1.0
0.56865,1.0
0.614441,1.0
0.578507,1.0
0.533454,0.0
0.504474,0.0
0.532381,1.0
0.536062,1.0
0.50833,1.0
0.536007,0.0
0.53687,1.0
0.531031,1.0
0.495644,1.0
0.504421,0.0
0.53452,1.0
0.505654,1.0
0.505536,1.0
0.496609,1.0
0.504315,1.0
0.502847,1.0
0.510112,1.0
0.506231,1.0
0.50498,0.0
0.501077,1.0
0.537985,1.0
0.53238,0.0
0.508484,0.0
0.509425,1.0
0.50719,1.0
0.501492,0.0
0.497623,1.0
0.505966,0.0
0.507165,0.0
0.504611,0.0
0.495125,0.0
0.499313,1.0
0.497473,1.0
0.504872,1.0
0.496496,1.0
0.498534,1.0
0.50624,1.0
0.497628,0.0
0.499617,0.0
0.503345,0.0
0.503394,1.0
0.535603,0.0
0.499199,1.0
0.535748,0.0
0.530903,0.0
0.497234,1.0
0.505823,0.0
0.503932,0.0
0.495534,1.0
0.500197,0.0
0.531269,1.0
0.505027,0.0
0.533006,1.0
0.502567,1.0
0.504565,0.0
0.510487,1.0
0.535841,1.0
0.493627,0.0
0.495302,1.0
0.506336,1.0
0.507293,0.0
0.532303,0.0
0.503927,1.0
0.498429,1.0
0.508294,1.0
0.533068,1.0
0.537682,0.0
0.497031,1.0
0.503732,0.0
0.536844,0.0
0.495722,0.0
0.501749,0.0
0.50581,1.0
0.502654,1.0
0.508646,1.0
0.503529,1.0
0.498671,1.0
0.499221,0.0
0.533534,1.0
0.536425,0.0
0.505142,1.0
0.532544,0.0
0.503528,0.0
0.500424,0.0
0.503928,1.0
0.540208,0.0
0.531164,1.0
0.535371,0.0
0.499638,1.0
0.506389,1.0
0.49461,0.0
0.50398,1.0
0.538833,1.0
0.540889,1.0
0.495973,1.0
0.532114,0.0
0.53367,1.0
0.5027,1.0
0.532266,1.0
0.541236,0.0
0.533658,1.0
0.536457,1.0
0.533112,0.0
0.535004,1.0
0.538983,0.0
0.537402,0.0
0.535264,1.0
0.532605,0.0
0.543053,1.0
0.536497,0.0
0.5367,1.0
0.54122,0.0
0.541239,1.0
0.542271,0.0
0.540873,1.0
0.541513,1.0
0.53903,1.0
0.541018,0.0
0.533871,0.0
0.54045,1.0
0.536054,1.0
0.533002,0.0
0.534134,1.0
0.539386,1.0
0.540504,1.0
0.537169,1.0
0.542586,1.0
0.535647,1.0
0.534944,0.0
0.536486,0.0
0.538992,0.0
0.542034,1.0
0.542305,0.0
0.540677,1.0
0.543241,1.0
0.541775,1.0
0.540022,1.0
0.537418,0.0
0.538406,1.0
0.537186,0.0
0.541261,1.0
0.537331,1.0
0.540903,1.0
0.53701,0.0
0.532444,1.0
0.543445,0.0
0.536932,0.0
0.536773,1.0
0.543431,1.0
0.538594,0.0
0.53278,1.0
0.536114,0.0
0.533411,1.0
0.541638,0.0
0.532489,0.0
0.538934,1.0
0.537406,1.0
0.540141,0.0
0.543658,1.0
0.54088,1.0
0.536063,0.0
0.532864,0.0
0.541015,1.0
0.541638,1.0
0.539022,1.0
0.5336,1.0
0.53603,0.0
0.542542,1.0
0.536863,0.0
0.535124,0.0
0.539659,0.0
0.537973,0.0
0.54018,0.0
0.541593,1.0
0.539807,0.0
0.539063,1.0
0.54177,1.0
0.536359,0.0
0.533802,1.0
0.537579,0.0
0.541478,1.0
0.53305,0.0
0.537067,0.0
0.538516,1.0
0.541053,1.0
0.541411,1.0
0.532647,1.0
0.534452,0.0
0.540711,1.0
0.539953,1.0
0.541378,0.0
0.538681,1.0
0.540032,1.0
0.541694,0.0
0.541889,1.0
0.532816,0.0
0.53388,1.0
0.541528,0.0
0.533026,1.0
0.542114,1.0
0.37633,1.0
0.903384,1.0
0.372005,0.0
0.380165,1.0
0.888474,0.0
0.403072,1.0
0.383333,0.0
0.367959,0.0
0.874818,1.0
0.907043,1.0
0.405698,1.0
0.907517,0.0
0.904534,1.0
0.876057,1.0
0.902429,1.0
0.908146,1.0
0.883891,1.0
0.905787,1.0
0.838776,1.0
0.852668,1.0
0.387545,1.0
0.367584,0.0
0.886601,1.0
0.887255,1.0
0.897832,1.0
0.853999,1.0
0.870614,1.0
0.89763,1.0
0.896068,1.0
0.906864,1.0
0.88129,1.0
0.86787,0.0
0.873153,1.0
0.900368,1.0
0.872411,1.0
0.86392,1.0
0.894586,1.0
0.871707,1.0
0.862842,1.0
0.91165,1.0
0.905933,1.0
0.407157,1.0
0.863037,1.0
0.398309,1.0
0.369112,0.0
0.879059,1.0
0.908982,1.0
0.905553,1.0
0.875728,1.0
0.867102,0.0
0.37466,1.0
0.904278,0.0
0.378544,0.0
0.912563,1.0
0.836005,1.0
0.883001,1.0
0.411857,1.0
0.886324,1.0
0.877144,1.0
0.901298,1.0
0.903008,1.0
0.366337,1.0
0.903759,1.0
0.863814,1.0
0.885218,1.0
0.380491,0.0
0.379642,1.0
0.869857,1.0
0.909562,1.0
0.372639,1.0
0.881609,1.0
0.916899,1.0
0.899613,1.0
0.908862,1.0
0.894906,1.0
0.841181,1.0
0.864953,0.0
0.867081,1.0
0.380881,1.0
0.40307,1.0
0.906565,1.0
0.367443,0.0
0.910841,1.0
0.863839,1.0
0.90403,1.0
0.471703,1.0
0.373552,0.0
0.367426,1.0
0.858128,1.0
0.893942,1.0
0.886264,1.0
0.839924,1.0
0.434268,0.0
0.447603,1.0
0.875319,1.0
0.366575,0.0
0.381228,0.0
0.911729,1.0
0.377163,1.0
0.471318,0.0
0.512932,0.0
0.512932,0.0
0.512932,0.0
0.512932,1.0
0.512932,0.0
0.512932,1.0
0.512932,1.0
0.512932,0.0
0.512932,1.0
0.512932,0.0
0.512932,1.0
0.512932,0.0
0.512932,1.0
0.512932,0.0
0.512932,0.0
0.512932,0.0
0.512932,1.0
0.512932,0.0
0.512932,0.0
0.512932,0.0
0.512932,1.0
0.512932,1.0
0.512932,0.0
0.512932,0.0
0.512932,1.0
0.512932,0.0
0.512932,0.0
0.512932,0.0
0.512932,1.0
0.512932,0.0
0.512932,1.0
0.512932,1.0
0.512932,0.0
0.512932,1.0
0.512932,1.0
0.512932,1.0
0.512932,1.0
0.512932,0.0
0.512932,0.0
0.512932,0.0
0.512932,1.0
0.512932,1.0
0.512932,0.0
0.512932,1.0
0.512932,0.0
0.512932,1.0
0.512932,1.0
0.512932,1.0
0.512932,0.0
0.512932,0.0
0.512932,1.0
0.512932,0.0
0.512932,0.0
0.512932,0.0
0.512932,1.0
0.512932,0.0
0.512932,1.0
0.512932,0.0
0.512932,0.0
0.512932,0.0
0.512932,0.0
0.512932,1.0
0.512932,0.0
0.512932,0.0
0.512932,1.0
0.512932,1.0
0.512932,0.0
0.512932,0.0
0.512932,0.0
0.512932,0.0
0.512932,1.0
0.512932,1.0
0.512932,0.0
0.512932,1.0
0.512932,0.0
0.512932,1.0
0.512932,0.0
0.512932,0.0
0.512932,1.0
0.512932,0.0
0.512932,0.0
0.512932,0.0
0.512932,0.0
0.512932,0.0
0.512932,1.0
0.512932,0.0
0.512932,0.0
0.512932,0.0
0.512932,1.0
0.512932,1.0
0.512932,0.0
0.512932,1.0
0.512932,0.0
0.512932,0.0
0.512932,0.0
0.512932,1.0
0.512932,1.0
0.512932,1.0
0.512932,0.0
0.512932,1.0
0.493895,0.0
0.493895,0.0
0.493895,1.0
0.518569,1.0
0.493895,0.0
0.518569,1.0
0.518569,1.0
0.493895,0.0
0.518569,1.0
0.493895,1.0
0.518569,1.0
0.493895,1.0
0.518569,0.0
0.493895,0.0
0.493895,0.0
0.493895,1.0
0.518569,0.0
0.493895,0.0
0.493895,0.0
0.493895,0.0
0.518569,1.0
0.518569,0.0
0.493895,0.0
0.493895,1.0
0.518569,1.0
0.493895,0.0
0.493895,1.0
0.493895,1.0
0.518569,1.0
0.493895,1.0
0.518569,1.0
0.518569,0.0
0.493895,1.0
0.518569,1.0
0.518569,1.0
0.518569,1.0
0.518569,0.0
0.493895,0.0
0.493895,0.0
0.493895,0.0
0.518569,1.0
0.518569,1.0
0.493895,0.0
0.518569,1.0
0.493895,1.0
0.518569,1.0
0.518569,1.0
0.518569,1.0
0.493895,0.0
0.493895,1.0
0.518569,1.0
0.493895,0.0
0.493895,1.0
0.493895,0.0
0.518569,1.0
0.493895,1.0
0.518569,0.0
0.493895,0.0
0.493895,1.0
0.493895,1.0
0.493895,0.0
0.518569,1.0
0.493895,1.0
0.493895,1.0
0.518569,1.0
0.518569,1.0
0.493895,0.0
0.493895,0.0
0.493895,0.0
0.493895,1.0
0.518569,1.0
0.518569,0.0
0.493895,0.0
0.518569,0.0
0.493895,1.0
0.518569,1.0
0.493895,0.0
0.493895,0.0
0.518569,1.0
0.493895,0.0
0.493895,1.0
0.493895,1.0
0.493895,1.0
0.493895,0.0
0.518569,0.0
0.493895,0.0
0.493895,0.0
0.493895,0.0
0.518569,0.0
0.518569,1.0
0.493895,0.0
0.518569,0.0
0.493895,0.0
0.493895,0.0
0.493895,1.0
0.518569,1.0
0.518569,1.0
0.518569,1.0
0.493895,1.0
0.518569,1.0
0.532489,1.0
0.532489,0.0
0.511904,1.0
0.499922,1.0
0.532489,1.0
0.499922,1.0
0.499922,0.0
0.532489,0.0
0.499922,0.0
0.511904,0.0
0.499922,1.0
0.511904,1.0
0.521149,1.0
0.532489,0.0
0.532489,1.0
0.511904,1.0
0.521149,0.0
0.532489,1.0
0.532489,1.0
0.532489,1.0
0.499922,1.0
0.521149,0.0
0.532489,0.0
0.511904,1.0
0.499922,1.0
0.532489,1.0
0.511904,1.0
0.511904,1.0
0.499922,1.0
0.511904,1.0
0.499922,0.0
0.521149,1.0
0.511904,1.0
0.499922,1.0
0.499922,1.0
0.499922,1.0
0.521149,1.0
0.532489,0.0
0.532489,1.0
0.532489,0.0
0.499922,0.0
0.499922,1.0
0.532489,1.0
0.499922,1.0
0.511904,1.0
0.499922,1.0
0.499922,1.0
0.499922,1.0
0.532489,0.0
0.511904,1.0
0.499922,1.0
0.532489,1.0
0.511904,1.0
0.532489,0.0
0.499922,1.0
0.511904,1.0
0.521149,1.0
0.532489,1.0
0.511904,1.0
0.511904,1.0
0.532489,1.0
0.499922,1.0
0.511904,0.0
0.511904,1.0
0.499922,0.0
0.499922,0.0
0.532489,1.0
0.532489,1.0
0.532489,1.0
0.511904,0.0
0.499922,1.0
0.521149,1.0
0.532489,0.0
0.521149,1.0
0.511904,1.0
0.499922,1.0
0.532489,1.0
0.532489,0.0
0.499922,0.0
0.532489,1.0
0.511904,1.0
0.511904,0.0
0.511904,1.0
0.532489,1.0
0.521149,1.0
0.532489,1.0
0.532489,1.0
0.532489,1.0
0.521149,0.0
0.499922,1.0
0.532489,1.0
0.521149,1.0
0.532489,0.0
0.532489,1.0
0.511904,1.0
0.499922,1.0
0.499922,1.0
0.499922,1.0
0.511904,0.0
0.499922,1.0
0.558531,1.0
0.576364,1.0
0.562203,1.0
0.564084,0.0
0.558531,1.0
0.564084,1.0
0.581833,1.0
0.576364,1.0
0.581833,1.0
0.580036,0.0
0.564084,0.0
0.562203,1.0
0.560397,1.0
0.576364,1.0
0.558531,1.0
0.562203,1.0
0.578189,0.0
0.558531,0.0
0.558531,1.0
0.558531,1.0
0.564084,1.0
0.578189,1.0
0.576364,0.0
0.562203,1.0
0.564084,1.0
0.558531,0.0
0.562203,1.0
0.562203,1.0
0.564084,0.0
0.562203,1.0
0.581833,1.0
0.560397,0.0
0.562203,1.0
0.564084,0.0
0.564084,0.0
0.564084,1.0
0.560397,0.0
0.576364,1.0
0.558531,1.0
0.576364,1.0
0.581833,1.0
0.564084,0.0
0.558531,1.0
0.564084,0.0
0.562203,0.0
0.564084,1.0
0.564084,1.0
0.564084,0.0
0.576364,1.0
0.562203,0.0
0.564084,1.0
0.558531,1.0
0.562203,0.0
0.576364,0.0
0.564084,0.0
0.562203,1.0
0.560397,1.0
0.558531,1.0
0.562203,0.0
0.562203,1.0
0.558531,1.0
0.564084,1.0
0.580036,1.0
0.562203,1.0
0.581833,1.0
0.581833,0.0
0.558531,1.0
0.558531,0.0
0.558531,1.0
0.580036,1.0
0.564084,0.0
0.560397,1.0
0.576364,0.0
0.560397,0.0
0.562203,1.0
0.564084,0.0
0.558531,1.0
0.576364,1.0
0.581833,1.0
0.558531,0.0
0.562203,0.0
0.580036,1.0
0.562203,0.0
0.558531,1.0
0.560397,0.0
0.558531,1.0
0.558531,0.0
0.558531,0.0
0.578189,1.0
0.564084,1.0
0.558531,1.0
0.560397,0.0
0.576364,1.0
0.558531,1.0
0.562203,1.0
0.564084,0.0
0.564084,1.0
0.564084,0.0
0.580036,1.0
0.564084,1.0
0.54565,1.0
0.544227,1.0
0.544438,1.0
0.54289,0.0
0.54565,1.0
0.543453,1.0
0.542573,1.0
0.544227,1.0
0.542573,0.0
0.542024,1.0
0.54289,1.0
0.544438,0.0
0.544676,1.0
0.544227,1.0
0.54565,1.0
0.544438,0.0
0.542794,0.0
0.545091,1.0
0.54565,0.0
0.54565,1.0
0.543453,1.0
0.543769,1.0
0.543231,0.0
0.544438,0.0
0.543453,1.0
0.545091,0.0
0.544438,0.0
0.544438,1.0
0.54289,1.0
0.544438,0.0
0.542573,1.0
0.544127,1.0
0.544438,1.0
0.54289,1.0
0.54289,0.0
0.543453,1.0
0.544127,1.0
0.544227,1.0
0.54565,1.0
0.544227,1.0
0.542573,1.0
0.54289,0.0
0.54565,1.0
0.54289,0.0
0.543864,1.0
0.543453,0.0
0.543453,1.0
0.54289,0.0
0.544227,0.0
0.543864,1.0
0.543453,0.0
0.54565,1.0
0.543864,0.0
0.543231,1.0
0.54289,1.0
0.544438,1.0
0.544676,1.0
0.54565,1.0
0.543864,0.0
0.544438,1.0
0.54565,1.0
0.543453,1.0
0.543012,0.0
0.544438,1.0
0.542573,0.0
0.541606,0.0
0.54565,0.0
0.545091,1.0
0.54565,1.0
0.543012,1.0
0.54289,1.0
0.544676,1.0
0.543231,1.0
0.544127,1.0
0.544438,1.0
0.54289,0.0
0.54565,0.0
0.544227,1.0
0.542573,0.0
0.545091,1.0
0.543864,0.0
0.543012,1.0
0.543864,1.0
0.54565,1.0
0.544127,0.0
0.54565,0.0
0.545091,0.0
0.545091,1.0
0.543769,0.0
0.543453,1.0
0.54565,0.0
0.544127,1.0
0.544227,1.0
0.54565,1.0
0.544438,1.0
0.54289,1.0
0.543453,0.0
0.54289,0.0
0.543012,0.0
0.543453,0.0
0.560573,1.0
0.592213,1.0
0.561874,1.0
0.556741,0.0
0.560573,1.0
0.561355,1.0
0.589872,1.0
0.592213,0.0
0.589411,1.0
0.592366,1.0
0.559573,0.0
0.559142,1.0
0.560037,1.0
0.592213,1.0
0.560573,1.0
0.559142,1.0
0.591215,0.0
0.559029,0.0
0.557866,1.0
0.560573,1.0
0.561355,1.0
0.590604,1.0
0.592976,1.0
0.559142,1.0
0.561355,1.0
0.556417,0.0
0.559142,1.0
0.561874,1.0
0.559573,1.0
0.559142,1.0
0.589872,1.0
0.558238,1.0
0.561874,1.0
0.559573,0.0
0.556741,1.0
0.561355,1.0
0.558238,0.0
0.592213,0.0
0.560573,1.0
0.592213,1.0
0.589872,1.0
0.556741,0.0
0.560573,1.0
0.556741,1.0
0.560345,1.0
0.558431,1.0
0.561355,1.0
0.556741,0.0
0.591923,1.0
0.560345,1.0
0.558431,1.0
0.560573,1.0
0.557709,0.0
0.593204,0.0
0.559573,1.0
0.561874,1.0
0.560037,0.0
0.560573,1.0
0.557709,1.0
0.561874,1.0
0.560573,1.0
0.561355,1.0
0.591082,1.0
0.561874,1.0
0.589411,1.0
0.590347,1.0
0.557866,1.0
0.559029,1.0
0.560573,1.0
0.591435,1.0
0.559573,1.0
0.560037,1.0
0.593204,1.0
0.558238,1.0
0.561874,1.0
0.556741,0.0
0.557866,1.0
0.592213,1.0
0.589411,1.0
0.559029,1.0
0.557709,0.0
0.591435,1.0
0.560345,1.0
0.560573,0.0
0.555428,0.0
0.557866,1.0
0.556417,1.0
0.559029,1.0
0.590209,1.0
0.561355,1.0
0.557866,1.0
0.558238,0.0
0.592213,1.0
0.560573,0.0
0.561874,1.0
0.559573,1.0
0.558431,0.0
0.556741,1.0
0.591082,1.0
0.558431,0.0
0.579548,0.0
0.579975,1.0
0.578497,0.0
0.560491,1.0
0.579548,1.0
0.576764,1.0
0.579748,1.0
0.578103,1.0
0.579382,1.0
0.579585,0.0
0.562798,1.0
0.57545,1.0
0.577822,1.0
0.579975,0.0
0.579548,1.0
0.57545,1.0
0.577724,0.0
0.56695,1.0
0.576448,1.0
0.579548,1.0
0.576764,1.0
0.579918,1.0
0.579634,0.0
0.57545,1.0
0.576764,1.0
0.564858,0.0
0.57545,1.0
0.578497,1.0
0.570444,0.0
0.57545,1.0
0.579748,1.0
0.571417,0.0
0.578497,1.0
0.562798,0.0
0.567784,1.0
0.576764,1.0
0.563895,1.0
0.578103,0.0
0.579548,0.0
0.579975,1.0
0.579748,1.0
0.560491,1.0
0.579548,0.0
0.567784,1.0
0.572886,0.0
0.573481,0.0
0.576764,1.0
0.560491,0.0
0.579737,0.0
0.572886,1.0
0.573481,0.0
0.579548,1.0
0.563825,0.0
0.578072,1.0
0.570444,0.0
0.578497,0.0
0.570069,1.0
0.579548,0.0
0.570479,0.0
0.578497,0.0
0.579548,1.0
0.576764,1.0
0.579481,0.0
0.578497,1.0
0.579382,0.0
0.579208,1.0
0.576448,1.0
0.573831,1.0
0.579548,0.0
0.579776,0.0
0.570444,1.0
0.577822,0.0
0.57982,1.0
0.571417,0.0
0.578497,0.0
0.560491,1.0
0.576448,0.0
0.579975,1.0
0.579382,1.0
0.573831,1.0
0.563825,1.0
0.579776,1.0
0.572886,0.0
0.572403,0.0
0.561555,1.0
0.576448,1.0
0.571381,1.0
0.573831,0.0
0.579619,0.0
0.576764,0.0
0.576448,1.0
0.563895,1.0
0.579975,0.0
0.572403,1.0
0.578497,1.0
0.570444,1.0
0.565903,1.0
0.567784,1.0
0.579481,0.0
0.565903,0.0
0.541974,0.0
0.595118,1.0
0.539936,1.0
0.587066,0.0
0.606585,1.0
0.605081,1.0
0.596012,1.0
0.594353,1.0
0.59543,1.0
0.560675,0.0
0.589325,1.0
0.602313,1.0
0.605941,1.0
0.561044,1.0
0.606585,1.0
0.602313,1.0
0.561765,0.0
0.593674,1.0
0.602951,1.0
0.606585,1.0
0.605081,1.0
0.595615,1.0
0.562045,0.0
0.602313,1.0
0.605081,1.0
0.530032,0.0
0.602313,1.0
0.605897,1.0
0.52822,1.0
0.602313,1.0
0.596012,1.0
0.530408,1.0
0.605897,1.0
0.519723,1.0
0.594747,1.0
0.605081,1.0
0.590527,1.0
0.561411,1.0
0.541974,1.0
0.595118,1.0
0.596012,1.0
0.587066,1.0
0.541974,0.0
0.594747,1.0
0.534381,0.0
0.532637,1.0
0.605081,1.0
0.519562,1.0
0.561659,1.0
0.599873,1.0
0.532637,1.0
0.606585,1.0
0.527691,1.0
0.593989,1.0
0.52822,1.0
0.539936,1.0
0.597227,1.0
0.541974,0.0
0.533655,1.0
0.539936,1.0
0.606585,1.0
0.605081,1.0
0.560889,1.0
0.605897,1.0
0.560131,0.0
0.595,1.0
0.602951,1.0
0.600596,1.0
0.541974,1.0
0.56025,1.0
0.597795,0.0
0.53747,0.0
0.5947,1.0
0.530408,0.0
0.539936,1.0
0.587066,1.0
0.539783,0.0
0.595118,1.0
0.59543,1.0
0.600596,1.0
0.590942,1.0
0.595483,1.0
0.534381,1.0
0.533963,0.0
0.588303,1.0
0.602951,0.0
0.598002,1.0
0.536423,0.0
0.560939,1.0
0.535311,1.0
0.602951,1.0
0.590527,1.0
0.561044,0.0
0.598951,1.0
0.605897,1.0
0.597795,1.0
0.592671,0.0
0.594747,1.0
0.560889,0.0
0.52404,0.0
0.499229,0.0
0.579926,0.0
0.504991,1.0
0.501534,0.0
0.491219,0.0
0.518202,1.0
0.57293,0.0
0.583554,0.0
0.576532,0.0
0.605056,0.0
0.509242,1.0
0.49065,0.0
0.509584,1.0
0.595016,0.0
0.491219,0.0
0.49065,1.0
0.611201,0.0
0.48614,0.0
0.484064,0.0
0.491219,0.0
0.518202,1.0
0.576442,0.0
0.610618,0.0
0.49065,0.0
0.518202,1.0
0.494973,0.0
0.49065,1.0
0.499268,1.0
0.519373,1.0
0.49065,1.0
0.57293,1.0
0.510417,1.0
0.499268,1.0
0.515886,1.0
0.502291,1.0
0.518202,1.0
0.500698,0.0
0.598355,1.0
0.496817,1.0
0.579926,0.0
0.57293,0.0
0.498917,1.0
0.499229,0.0
0.502291,1.0
0.503894,0.0
0.513517,1.0
0.518202,1.0
0.505298,0.0
0.597764,1.0
0.495178,1.0
0.513517,1.0
0.491219,1.0
0.494654,0.0
0.585634,0.0
0.519373,1.0
0.504991,0.0
0.505941,0.0
0.499229,0.0
0.495608,1.0
0.504991,1.0
0.491219,0.0
0.518202,1.0
0.595001,1.0
0.499268,0.0
0.602711,1.0
0.578874,1.0
0.484064,0.0
0.488334,0.0
0.496817,0.0
0.592022,1.0
0.514996,1.0
0.517907,0.0
0.582122,0.0
0.512749,1.0
0.504991,0.0
0.498917,0.0
0.493135,1.0
0.579926,1.0
0.576532,1.0
0.488334,1.0
0.48713,0.0
0.576683,0.0
0.50137,1.0
0.496631,0.0
0.491365,0.0
0.486426,0.0
0.483918,0.0
0.497327,0.0
0.594886,0.0
0.524859,1.0
0.484064,1.0
0.500698,1.0
0.605951,0.0
0.488106,1.0
0.499268,0.0
0.512742,1.0
0.506085,1.0
0.502291,1.0
0.60592,1.0
0.51232,1.0
0.708569,1.0
0.416251,0.0
0.696031,1.0
0.697599,1.0
0.650181,1.0
0.686909,1.0
0.422098,1.0
0.412684,0.0
0.418966,0.0
0.406155,0.0
0.685637,1.0
0.644974,0.0
0.67959,1.0
0.414984,0.0
0.650181,1.0
0.640007,1.0
0.399261,1.0
0.634112,1.0
0.628024,0.0
0.650181,0.0
0.686909,0.0
0.418927,0.0
0.400619,1.0
0.644974,0.0
0.686909,1.0
0.6523,1.0
0.640007,1.0
0.660099,0.0
0.718822,1.0
0.640007,1.0
0.394841,0.0
0.711443,1.0
0.660099,1.0
0.721977,0.0
0.671552,1.0
0.686909,0.0
0.676683,1.0
0.384736,0.0
0.682822,1.0
0.416251,0.0
0.422098,0.0
0.670771,1.0
0.708569,0.0
0.671552,1.0
0.713711,1.0
0.712181,1.0
0.686909,0.0
0.708019,1.0
0.385853,0.0
0.650515,0.0
0.712181,0.0
0.645874,1.0
0.661178,1.0
0.411332,0.0
0.718822,0.0
0.695043,1.0
0.681072,0.0
0.708569,1.0
0.664816,0.0
0.696031,1.0
0.650181,1.0
0.686909,0.0
0.388601,0.0
0.662811,1.0
0.382456,0.0
0.390224,0.0
0.628024,1.0
0.639069,0.0
0.683274,1.0
0.391559,0.0
0.712746,1.0
0.740394,0.0
0.414774,0.0
0.741301,1.0
0.695043,0.0
0.672616,1.0
0.681825,1.0
0.38915,0.0
0.391787,0.0
0.633325,1.0
0.625789,1.0
0.419081,0.0
0.689068,0.0
0.705903,1.0
0.659572,0.0
0.641892,1.0
0.612393,1.0
0.696282,1.0
0.414888,1.0
0.71799,1.0
0.620937,1.0
0.675387,1.0
0.404853,1.0
0.642262,1.0
0.662811,1.0
0.684337,1.0
0.705275,1.0
0.671552,1.0
0.379557,0.0
0.743743,0.0
0.739064,1.0
0.339652,0.0
0.709707,0.0
0.721608,1.0
0.668629,1.0
0.681621,1.0
0.426397,1.0
0.337857,0.0
0.340883,0.0
0.344358,0.0
0.688604,1.0
0.61082,0.0
0.679816,0.0
0.343639,0.0
0.668629,1.0
0.662174,1.0
0.421041,1.0
0.658892,1.0
0.585715,1.0
0.616158,1.0
0.65031,0.0
0.340825,0.0
0.422251,0.0
0.61082,0.0
0.681621,1.0
0.720567,1.0
0.662174,0.0
0.62934,1.0
0.716335,1.0
0.662174,1.0
0.328494,1.0
0.715778,1.0
0.673102,1.0
0.697412,0.0
0.682519,1.0
0.65031,0.0
0.690926,0.0
0.328042,0.0
0.706496,0.0
0.339652,0.0
0.342383,0.0
0.685988,1.0
0.70585,0.0
0.682519,1.0
0.742948,1.0
0.713887,1.0
0.65031,1.0
0.72983,1.0
0.328781,0.0
0.621956,1.0
0.686902,1.0
0.664345,1.0
0.708358,1.0
0.337349,0.0
0.691945,0.0
0.715366,0.0
0.651611,1.0
0.739064,1.0
0.660946,1.0
0.709707,1.0
0.668629,1.0
0.65031,0.0
0.330358,0.0
0.678276,0.0
0.333019,0.0
0.326497,1.0
0.648694,1.0
0.603118,0.0
0.710614,1.0
0.332074,1.0
0.707852,1.0
0.715707,0.0
0.339076,0.0
0.731508,0.0
0.679372,0.0
0.690711,1.0
0.731825,1.0
0.325946,0.0
0.327092,0.0
0.657721,1.0
0.652223,1.0
0.341007,0.0
0.676968,0.0
0.74239,1.0
0.631362,0.0
0.681605,1.0
0.63335,1.0
0.740037,1.0
0.426679,1.0
0.711286,1.0
0.644897,1.0
0.685448,1.0
0.425562,1.0
0.664493,1.0
0.678276,1.0
0.684411,0.0
0.712191,1.0
0.682519,1.0
0.331182,1.0
0.714098,0.0
0.748587,0.0
0.280421,0.0
0.713747,0.0
0.737051,1.0
0.685612,0.0
0.707941,1.0
0.449221,0.0
0.280144,0.0
0.280508,0.0
0.289071,0.0
0.712451,1.0
0.598279,0.0
0.676266,1.0
0.28457,0.0
0.685612,0.0
0.686488,0.0
0.453218,0.0
0.682674,1.0
0.617409,0.0
0.66166,1.0
0.674551,0.0
0.280471,0.0
0.369613,1.0
0.598279,1.0
0.707941,0.0
0.751597,0.0
0.644405,0.0
0.682535,1.0
0.752336,0.0
0.686488,0.0
0.344544,0.0
0.746636,1.0
0.694747,1.0
0.7356,0.0
0.704252,1.0
0.674551,0.0
0.672934,0.0
0.281836,0.0
0.704506,0.0
0.280421,0.0
0.280655,0.0
0.707737,1.0
0.731911,0.0
0.704252,0.0
0.751011,1.0
0.746382,1.0
0.704214,0.0
0.742461,1.0
0.282124,0.0
0.675152,1.0
0.743152,0.0
0.687101,0.0
0.732792,1.0
0.280177,0.0
0.729699,1.0
0.705722,0.0
0.696578,0.0
0.748587,0.0
0.725203,1.0
0.735601,0.0
0.685612,1.0
0.674551,1.0
0.282628,0.0
0.657635,0.0
0.287845,0.0
0.344143,0.0
0.67078,0.0
0.583713,0.0
0.724666,1.0
0.350142,0.0
0.743398,1.0
0.746767,1.0
0.28045,1.0
0.755219,0.0
0.697079,1.0
0.704031,1.0
0.749401,1.0
0.278365,0.0
0.278475,0.0
0.683551,1.0
0.679114,0.0
0.28057,0.0
0.705003,0.0
0.749777,1.0
0.631797,0.0
0.713118,1.0
0.658136,1.0
0.74917,1.0
0.453142,0.0
0.749934,1.0
0.671703,1.0
0.707104,0.0
0.457176,1.0
0.688579,1.0
0.692257,1.0
0.683083,0.0
0.741325,1.0
0.704252,1.0
0.354489,0.0
0.756489,1.0
0.53836,1.0
0.622465,1.0
0.562602,0.0
0.540587,1.0
0.585061,1.0
0.587793,1.0
0.593157,1.0
0.622425,0.0
0.622509,1.0
0.621085,1.0
0.578655,1.0
0.580324,1.0
0.586117,0.0
0.621913,1.0
0.585061,1.0
0.584409,1.0
0.591623,0.0
0.569259,0.0
0.575947,1.0
0.575132,1.0
0.595271,1.0
0.622513,1.0
0.5955,1.0
0.570522,1.0
0.59428,1.0
0.5373,0.0
0.582976,1.0
0.583,1.0
0.549646,0.0
0.584409,1.0
0.609723,1.0
0.543594,1.0
0.583114,1.0
0.553149,0.0
0.579987,0.0
0.595271,1.0
0.585473,1.0
0.621627,1.0
0.564706,1.0
0.622465,1.0
0.622557,1.0
0.574844,1.0
0.542254,0.0
0.587361,1.0
0.532492,1.0
0.544961,1.0
0.59624,1.0
0.538295,0.0
0.621613,1.0
0.578261,0.0
0.5603,1.0
0.586688,1.0
0.542511,1.0
0.622395,0.0
0.551723,0.0
0.565399,1.0
0.590781,0.0
0.53836,0.0
0.551516,0.0
0.557786,1.0
0.57853,1.0
0.588994,1.0
0.621599,1.0
0.586608,1.0
0.620743,1.0
0.609704,1.0
0.577863,1.0
0.579809,0.0
0.55347,1.0
0.60882,1.0
0.547006,0.0
0.536693,0.0
0.610165,1.0
0.540365,0.0
0.564764,1.0
0.575306,0.0
0.533013,0.0
0.622158,1.0
0.622192,1.0
0.574988,1.0
0.574105,1.0
0.622505,0.0
0.56578,0.0
0.532081,0.0
0.579648,0.0
0.552421,1.0
0.563651,0.0
0.532319,0.0
0.592137,1.0
0.547246,1.0
0.57192,1.0
0.585885,0.0
0.573654,1.0
0.576341,0.0
0.582008,1.0
0.591393,0.0
0.543488,0.0
0.579987,1.0
0.60787,1.0
0.536244,0.0
0.51746,0.0
0.52997,1.0
0.518086,1.0
0.51494,0.0
0.529215,1.0
0.52175,0.0
0.538996,0.0
0.528926,0.0
0.529958,1.0
0.5303,1.0
0.520624,0.0
0.559278,0.0
0.525381,0.0
0.530104,0.0
0.529215,0.0
0.528585,0.0
0.538476,0.0
0.527483,1.0
0.560096,0.0
0.533242,1.0
0.527953,0.0
0.529958,1.0
0.53681,0.0
0.546271,0.0
0.522883,0.0
0.518258,0.0
0.534887,0.0
0.527887,0.0
0.515381,1.0
0.528585,0.0
0.533578,1.0
0.514309,0.0
0.524139,1.0
0.515835,0.0
0.522551,0.0
0.527953,0.0
0.52684,0.0
0.530171,1.0
0.519738,1.0
0.52997,1.0
0.529946,0.0
0.521225,0.0
0.518451,0.0
0.523648,0.0
0.517629,0.0
0.5141,0.0
0.52494,1.0
0.516196,0.0
0.530176,1.0
0.529755,0.0
0.515459,0.0
0.528369,1.0
0.515678,0.0
0.528934,1.0
0.515389,0.0
0.519589,1.0
0.527624,0.0
0.518528,1.0
0.517769,1.0
0.515923,1.0
0.526442,1.0
0.525998,0.0
0.53018,0.0
0.530643,0.0
0.530386,0.0
0.533584,0.0
0.53565,0.0
0.564828,1.0
0.516661,0.0
0.53384,0.0
0.514695,1.0
0.517303,0.0
0.532774,1.0
0.517912,0.0
0.52115,1.0
0.522322,1.0
0.518242,0.0
0.530042,0.0
0.530033,1.0
0.52664,0.0
0.532162,0.0
0.528905,1.0
0.520589,1.0
0.518644,0.0
0.542613,0.0
0.519708,0.0
0.532917,0.0
0.518523,0.0
0.539365,0.0
0.51369,0.0
0.529169,0.0
0.52354,1.0
0.541327,0.0
0.526013,0.0
0.524639,1.0
0.52566,1.0
0.515035,0.0
0.522196,1.0
0.534104,1.0
0.517401,0.0
0.747957,0.0
0.337066,0.0
0.724187,1.0
0.739258,1.0
0.666626,1.0
0.676384,1.0
0.375441,0.0
0.328663,0.0
0.336904,0.0
0.338685,0.0
0.686407,1.0
0.57645,1.0
0.679663,1.0
0.332193,0.0
0.668745,1.0
0.66942,1.0
0.377084,0.0
0.683081,1.0
0.542183,1.0
0.667954,0.0
0.665338,0.0
0.336903,0.0
0.397218,1.0
0.640796,1.0
0.673023,1.0
0.742261,1.0
0.66177,0.0
0.672989,1.0
0.733303,1.0
0.66942,1.0
0.35694,1.0
0.734605,1.0
0.674701,1.0
0.732102,0.0
0.686409,1.0
0.665338,0.0
0.675042,1.0
0.339183,0.0
0.714204,1.0
0.337066,0.0
0.331406,0.0
0.689013,1.0
0.742105,0.0
0.676353,0.0
0.746816,1.0
0.733231,1.0
0.663531,0.0
0.743415,1.0
0.339146,0.0
0.676955,0.0
0.724396,1.0
0.666302,1.0
0.736749,1.0
0.334,0.0
0.728285,1.0
0.715838,0.0
0.670412,1.0
0.745722,1.0
0.72703,1.0
0.72665,1.0
0.675104,1.0
0.672321,0.0
0.333692,1.0
0.667402,0.0
0.334744,0.0
0.351554,1.0
0.66429,0.0
0.482525,0.0
0.72872,1.0
0.352622,1.0
0.729232,1.0
0.737569,1.0
0.375374,0.0
0.739331,0.0
0.705997,0.0
0.687484,1.0
0.744342,1.0
0.333243,0.0
0.338444,0.0
0.679595,1.0
0.671653,0.0
0.333568,1.0
0.715761,1.0
0.747319,1.0
0.653676,0.0
0.720316,1.0
0.679646,1.0
0.746584,1.0
0.379228,0.0
0.729766,1.0
0.676819,1.0
0.677925,0.0
0.511435,1.0
0.68332,1.0
0.675636,0.0
0.673054,0.0
0.736044,1.0
0.67898,1.0
0.360143,1.0
0.733702,1.0
0.782788,1.0
0.308631,0.0
0.777711,0.0
0.790279,1.0
0.711159,1.0
0.736798,1.0
0.321933,0.0
0.30328,0.0
0.308547,0.0
0.309291,0.0
0.744245,1.0
0.588321,1.0
0.72135,1.0
0.305286,0.0
0.713125,1.0
0.715023,1.0
0.3221,1.0
0.714576,1.0
0.519971,1.0
0.677745,0.0
0.701573,0.0
0.308547,0.0
0.418024,0.0
0.669606,1.0
0.732545,1.0
0.792725,1.0
0.675084,0.0
0.714902,1.0
0.79321,1.0
0.715023,1.0
0.390881,1.0
0.79754,0.0
0.723858,1.0
0.787641,1.0
0.734634,1.0
0.701573,1.0
0.718879,0.0
0.309688,0.0
0.768605,1.0
0.308631,0.0
0.304987,0.0
0.741035,1.0
0.783187,0.0
0.717021,1.0
0.792177,0.0
0.797998,1.0
0.712373,1.0
0.790777,1.0
0.309663,0.0
0.692093,1.0
0.793072,1.0
0.713427,1.0
0.788525,1.0
0.306689,0.0
0.796667,1.0
0.756695,0.0
0.718751,0.0
0.78558,1.0
0.781515,1.0
0.785247,1.0
0.715808,1.0
0.706914,0.0
0.375751,1.0
0.689747,1.0
0.306458,0.0
0.385847,0.0
0.671519,1.0
0.345072,1.0
0.783142,1.0
0.38641,1.0
0.793766,1.0
0.799716,0.0
0.328861,1.0
0.793089,0.0
0.74745,1.0
0.733172,1.0
0.793021,1.0
0.305917,0.0
0.309374,0.0
0.718449,1.0
0.685971,1.0
0.376045,1.0
0.771557,1.0
0.791143,1.0
0.65035,1.0
0.770611,1.0
0.70434,1.0
0.791478,0.0
0.323881,0.0
0.801398,0.0
0.711166,1.0
0.717128,1.0
0.538456,1.0
0.720235,1.0
0.707893,1.0
0.708107,1.0
0.793461,1.0
0.732694,0.0
0.392924,0.0
0.805011,0.0
0.364405,0.0
0.577698,1.0
0.420858,0.0
0.380404,0.0
0.717593,0.0
0.712562,1.0
0.578729,1.0
0.577629,0.0
0.577696,1.0
0.577731,0.0
0.672002,1.0
0.636257,1.0
0.717379,1.0
0.577679,0.0
0.717043,1.0
0.71301,0.0
0.577816,0.0
0.698542,0.0
0.597552,1.0
0.708897,1.0
0.719223,1.0
0.577696,1.0
0.579564,0.0
0.690105,0.0
0.717166,0.0
0.363207,0.0
0.704857,0.0
0.717194,1.0
0.375593,0.0
0.71301,0.0
0.573069,0.0
0.379175,0.0
0.715506,1.0
0.385381,0.0
0.688656,1.0
0.719568,0.0
0.714841,0.0
0.577722,1.0
0.45393,0.0
0.577698,1.0
0.577661,1.0
0.666281,1.0
0.371344,0.0
0.710261,1.0
0.361821,0.0
0.37936,1.0
0.720753,1.0
0.371598,0.0
0.577722,0.0
0.709638,0.0
0.40048,0.0
0.716884,1.0
0.384895,1.0
0.577664,0.0
0.38811,1.0
0.486154,1.0
0.717579,1.0
0.362379,0.0
0.400177,0.0
0.399662,0.0
0.717684,1.0
0.720551,1.0
0.572983,0.0
0.715681,1.0
0.577713,0.0
0.578784,1.0
0.702674,1.0
0.580803,1.0
0.413059,0.0
0.573121,0.0
0.383669,0.0
0.366043,0.0
0.576767,0.0
0.363459,0.0
0.529667,0.0
0.677146,1.0
0.361891,0.0
0.577677,1.0
0.577708,0.0
0.70809,1.0
0.69982,1.0
0.573017,1.0
0.436479,0.0
0.361057,0.0
0.688822,1.0
0.450862,1.0
0.695352,1.0
0.362488,0.0
0.578783,0.0
0.382805,0.0
0.708866,1.0
0.702456,1.0
0.567241,0.0
0.704344,1.0
0.718763,1.0
0.715312,1.0
0.381197,0.0
0.70351,1.0
0.579041,1.0
0.363207,0.0
0.786272,1.0
0.319401,1.0
0.771679,1.0
0.783907,1.0
0.696006,1.0
0.740207,1.0
0.316832,0.0
0.304348,0.0
0.319395,1.0
0.305059,0.0
0.745296,1.0
0.589117,0.0
0.725783,1.0
0.304527,0.0
0.716815,1.0
0.700046,0.0
0.368118,1.0
0.700816,1.0
0.426289,1.0
0.695123,1.0
0.715276,0.0
0.319395,0.0
0.358296,0.0
0.662757,1.0
0.717836,1.0
0.785024,1.0
0.674022,1.0
0.719395,1.0
0.786118,1.0
0.700046,1.0
0.442145,1.0
0.786191,1.0
0.727463,1.0
0.793613,0.0
0.73603,1.0
0.700715,0.0
0.699653,1.0
0.319458,0.0
0.772516,1.0
0.319401,1.0
0.318819,1.0
0.741903,1.0
0.783355,0.0
0.733383,1.0
0.779647,1.0
0.802625,1.0
0.730116,0.0
0.78345,1.0
0.305141,0.0
0.691204,1.0
0.789378,1.0
0.717724,1.0
0.794165,1.0
0.304844,0.0
0.802486,1.0
0.775842,0.0
0.718307,1.0
0.777563,1.0
0.778295,1.0
0.781567,1.0
0.719467,1.0
0.720152,0.0
0.433148,0.0
0.708014,1.0
0.30454,0.0
0.363424,0.0
0.691954,1.0
0.333534,0.0
0.781003,1.0
0.43858,1.0
0.787417,1.0
0.787405,0.0
0.374193,1.0
0.791775,1.0
0.767044,0.0
0.733797,1.0
0.785078,1.0
0.318877,0.0
0.305155,0.0
0.721318,1.0
0.702736,1.0
0.448918,0.0
0.773951,1.0
0.783027,1.0
0.678893,0.0
0.782933,1.0
0.70707,1.0
0.779077,1.0
0.302617,1.0
0.790192,1.0
0.714446,1.0
0.73277,0.0
0.608005,1.0
0.72272,1.0
0.724554,1.0
0.725773,1.0
0.787069,1.0
0.729174,1.0
0.366148,1.0
0.792382,1.0
0.525229,1.0
0.531261,1.0
0.521285,1.0
0.52411,0.0
0.524016,1.0
0.527502,1.0
0.537332,0.0
0.536061,1.0
0.53126,0.0
0.536115,1.0
0.52739,1.0
0.565596,0.0
0.526165,0.0
0.536076,1.0
0.525889,0.0
0.523907,1.0
0.533499,0.0
0.522536,1.0
0.539916,0.0
0.527266,1.0
0.527269,1.0
0.537422,1.0
0.539269,0.0
0.529374,0.0
0.525081,1.0
0.525015,0.0
0.52748,0.0
0.526008,1.0
0.524695,1.0
0.524189,0.0
0.53782,1.0
0.524439,1.0
0.526196,1.0
0.52408,0.0
0.526621,0.0
0.525322,1.0
0.524347,1.0
0.53743,1.0
0.520754,0.0
0.531261,1.0
0.531215,1.0
0.526688,0.0
0.523339,1.0
0.527341,0.0
0.524495,1.0
0.526072,1.0
0.526981,1.0
0.524479,1.0
0.53612,0.0
0.524234,0.0
0.524175,1.0
0.526012,1.0
0.524613,0.0
0.536096,1.0
0.525667,1.0
0.519813,1.0
0.526377,1.0
0.52428,1.0
0.522653,0.0
0.523262,1.0
0.525429,1.0
0.526614,1.0
0.542795,1.0
0.526479,0.0
0.536079,1.0
0.540059,0.0
0.526642,1.0
0.538269,1.0
0.522681,1.0
0.537608,0.0
0.524459,1.0
0.524149,0.0
0.533874,1.0
0.525876,1.0
0.51827,1.0
0.526019,1.0
0.525191,0.0
0.537385,1.0
0.53612,1.0
0.525723,1.0
0.526049,0.0
0.543852,1.0
0.521287,1.0
0.525033,1.0
0.529941,1.0
0.521121,0.0
0.525014,1.0
0.524348,0.0
0.5296,0.0
0.524829,1.0
0.525398,0.0
0.526458,1.0
0.536899,1.0
0.525596,1.0
0.526199,1.0
0.526964,1.0
0.524468,0.0
0.526368,0.0
0.534328,1.0
0.525979,1.0
0.668989,0.0
0.590678,0.0
0.664848,1.0
0.658911,0.0
0.600637,0.0
0.602309,1.0
0.634272,1.0
0.634312,1.0
0.591406,1.0
0.634307,1.0
0.607333,1.0
0.433177,1.0
0.593632,1.0
0.634325,0.0
0.591856,1.0
0.600599,1.0
0.571072,0.0
0.604155,0.0
0.573975,1.0
0.598416,1.0
0.602124,1.0
0.630877,0.0
0.62607,0.0
0.586807,1.0
0.60382,1.0
0.660262,0.0
0.595331,1.0
0.600548,1.0
0.668387,1.0
0.595117,1.0
0.538637,1.0
0.668101,1.0
0.601495,1.0
0.656336,1.0
0.59635,1.0
0.602288,1.0
0.603138,0.0
0.630896,1.0
0.653705,1.0
0.590678,0.0
0.59078,1.0
0.599441,1.0
0.666375,0.0
0.594674,1.0
0.669417,1.0
0.666742,1.0
0.601025,1.0
0.668622,0.0
0.636546,1.0
0.595529,1.0
0.666359,1.0
0.600431,0.0
0.657195,1.0
0.634286,0.0
0.665767,1.0
0.652026,0.0
0.601179,1.0
0.669155,0.0
0.657583,1.0
0.666601,1.0
0.599803,1.0
0.601526,1.0
0.591684,1.0
0.593177,0.0
0.634355,1.0
0.623542,1.0
0.596783,1.0
0.628403,1.0
0.665318,0.0
0.537267,1.0
0.667728,1.0
0.658068,0.0
0.56922,1.0
0.669235,1.0
0.651959,1.0
0.605979,1.0
0.6604,0.0
0.630929,1.0
0.634285,1.0
0.601148,1.0
0.592733,1.0
0.584444,1.0
0.66369,0.0
0.669315,0.0
0.595899,1.0
0.649562,0.0
0.598614,1.0
0.6605,0.0
0.597868,1.0
0.667839,1.0
0.592374,1.0
0.60213,1.0
0.574804,0.0
0.601643,0.0
0.600753,1.0
0.602836,1.0
0.658786,1.0
0.595621,1.0
0.575461,1.0
0.669238,1.0
0.537455,1.0
0.587534,0.0
0.536806,0.0
0.536117,1.0
0.593475,1.0
0.608148,0.0
0.605933,1.0
0.604852,1.0
0.594967,1.0
0.604879,1.0
0.60632,0.0
0.590106,1.0
0.605152,0.0
0.598955,0.0
0.602473,0.0
0.597716,0.0
0.581726,0.0
0.590828,0.0
0.596161,1.0
0.599926,1.0
0.604673,1.0
0.599209,1.0
0.598931,0.0
0.591729,1.0
0.602339,1.0
0.536585,0.0
0.5965,0.0
0.6038,1.0
0.541632,0.0
0.597897,1.0
0.572337,1.0
0.54113,0.0
0.60539,1.0
0.54172,0.0
0.605598,0.0
0.60042,1.0
0.594636,0.0
0.605113,0.0
0.537434,1.0
0.587534,1.0
0.594242,0.0
0.604157,0.0
0.534289,1.0
0.606816,1.0
0.539274,0.0
0.548482,1.0
0.606369,1.0
0.53655,0.0
0.605513,1.0
0.596687,0.0
0.542448,1.0
0.599364,1.0
0.545604,1.0
0.598956,0.0
0.548384,0.0
0.538086,1.0
0.603925,0.0
0.534779,0.0
0.538537,0.0
0.540151,1.0
0.603145,1.0
0.604797,0.0
0.598118,1.0
0.598103,1.0
0.604872,1.0
0.605329,0.0
0.598351,1.0
0.605102,0.0
0.535649,1.0
0.573723,1.0
0.541938,0.0
0.535164,0.0
0.587057,0.0
0.543,1.0
0.537241,1.0
0.604199,0.0
0.536698,1.0
0.605096,1.0
0.604876,0.0
0.603512,0.0
0.599938,0.0
0.600062,1.0
0.533861,1.0
0.536505,0.0
0.598496,0.0
0.538814,1.0
0.599189,0.0
0.534321,0.0
0.595376,0.0
0.542377,1.0
0.601581,1.0
0.605862,1.0
0.532176,1.0
0.599397,0.0
0.604829,1.0
0.606215,0.0
0.541361,0.0
0.605445,1.0
0.591496,1.0
0.543119,0.0
0.772673,0.0
0.385504,0.0
0.738374,0.0
0.7681,1.0
0.68043,1.0
0.708754,1.0
0.336138,0.0
0.340427,0.0
0.367657,0.0
0.340335,0.0
0.711147,1.0
0.278227,0.0
0.692793,0.0
0.351586,0.0
0.684164,1.0
0.656459,1.0
0.403062,1.0
0.678462,1.0
0.356049,0.0
0.671304,1.0
0.682184,1.0
0.354063,0.0
0.349272,0.0
0.648559,1.0
0.678744,1.0
0.767726,1.0
0.647026,0.0
0.690494,1.0
0.752142,1.0
0.661787,1.0
0.492749,0.0
0.750707,1.0
0.697727,1.0
0.752095,1.0
0.700926,1.0
0.660995,0.0
0.67996,0.0
0.335453,0.0
0.741326,1.0
0.389478,0.0
0.369448,0.0
0.705613,1.0
0.762273,0.0
0.703013,1.0
0.743121,1.0
0.779667,1.0
0.695732,1.0
0.768739,1.0
0.337825,0.0
0.653757,1.0
0.757773,0.0
0.709261,0.0
0.768715,1.0
0.351575,0.0
0.779304,1.0
0.775195,1.0
0.686855,0.0
0.762183,1.0
0.743012,1.0
0.749582,1.0
0.689681,1.0
0.683475,0.0
0.356322,0.0
0.70002,0.0
0.340367,0.0
0.332396,0.0
0.669338,1.0
0.334979,0.0
0.769162,1.0
0.467411,0.0
0.75389,1.0
0.762037,0.0
0.398628,1.0
0.757178,0.0
0.739435,0.0
0.698944,1.0
0.768562,1.0
0.339104,0.0
0.336743,0.0
0.689197,1.0
0.6724,0.0
0.34617,0.0
0.763871,0.0
0.767799,1.0
0.659867,0.0
0.782373,1.0
0.67558,1.0
0.75955,1.0
0.363522,1.0
0.755999,1.0
0.683171,1.0
0.69632,1.0
0.741599,1.0
0.710416,1.0
0.695611,1.0
0.695695,0.0
0.750919,1.0
0.695715,1.0
0.381401,0.0
0.756487,0.0
0.672323,0.0
0.609846,0.0
0.67326,1.0
0.660049,0.0
0.591577,1.0
0.592781,1.0
0.633082,1.0
0.631084,0.0
0.617819,1.0
0.631127,1.0
0.595784,1.0
0.66596,0.0
0.606856,0.0
0.626728,0.0
0.591424,0.0
0.593351,1.0
0.585659,0.0
0.59334,0.0
0.623784,0.0
0.591844,0.0
0.594108,1.0
0.624595,1.0
0.627872,0.0
0.590581,1.0
0.593521,1.0
0.660924,1.0
0.61011,1.0
0.591805,0.0
0.661219,1.0
0.59267,0.0
0.539452,1.0
0.661096,1.0
0.592087,1.0
0.660956,1.0
0.593992,1.0
0.610218,1.0
0.608091,1.0
0.634208,1.0
0.65851,0.0
0.606476,0.0
0.617881,1.0
0.596196,1.0
0.672728,1.0
0.592775,1.0
0.66127,0.0
0.660057,1.0
0.593138,0.0
0.660675,0.0
0.632305,1.0
0.593152,0.0
0.672952,1.0
0.604639,0.0
0.660229,0.0
0.626733,0.0
0.660185,1.0
0.654471,0.0
0.607206,0.0
0.660895,0.0
0.66035,1.0
0.660174,1.0
0.591281,0.0
0.608657,1.0
0.623501,1.0
0.605178,0.0
0.631112,0.0
0.635646,1.0
0.591114,0.0
0.634434,0.0
0.659127,0.0
0.557018,1.0
0.661051,1.0
0.673374,0.0
0.587659,0.0
0.673884,1.0
0.668559,0.0
0.59479,1.0
0.660556,0.0
0.631698,1.0
0.633616,1.0
0.592296,1.0
0.607381,1.0
0.628532,1.0
0.671071,1.0
0.660895,0.0
0.608319,0.0
0.656226,0.0
0.591495,1.0
0.661011,0.0
0.608294,1.0
0.660701,0.0
0.591449,1.0
0.59353,0.0
0.641245,0.0
0.591518,0.0
0.591807,1.0
0.607593,1.0
0.661035,0.0
0.593231,0.0
0.610585,1.0
0.674286,1.0
0.514608,0.0
0.53539,1.0
0.519279,1.0
0.514399,0.0
0.515147,1.0
0.511039,1.0
0.533076,1.0
0.534228,0.0
0.534116,0.0
0.533226,0.0
0.511559,1.0
0.53002,0.0
0.514783,0.0
0.534307,1.0
0.514958,0.0
0.518957,0.0
0.540189,0.0
0.51624,0.0
0.534597,0.0
0.517482,0.0
0.515703,0.0
0.53362,1.0
0.534188,0.0
0.520055,0.0
0.516112,0.0
0.514743,0.0
0.52133,1.0
0.514371,1.0
0.517165,0.0
0.518825,0.0
0.542412,1.0
0.517362,0.0
0.512634,0.0
0.517043,0.0
0.512464,1.0
0.519702,0.0
0.516378,0.0
0.532874,1.0
0.517873,0.0
0.5359,1.0
0.533958,0.0
0.512375,0.0
0.516167,1.0
0.512024,0.0
0.518532,0.0
0.512945,0.0
0.514153,1.0
0.514363,0.0
0.53314,0.0
0.519946,0.0
0.516723,0.0
0.512476,1.0
0.5143,0.0
0.534307,1.0
0.512854,0.0
0.511419,1.0
0.515902,1.0
0.515516,1.0
0.51818,0.0
0.517343,1.0
0.514276,1.0
0.516119,0.0
0.533694,0.0
0.514151,1.0
0.534226,0.0
0.532752,0.0
0.517503,0.0
0.533782,0.0
0.513936,0.0
0.539659,1.0
0.516774,1.0
0.516144,0.0
0.540202,0.0
0.517291,0.0
0.517374,1.0
0.513042,0.0
0.514617,0.0
0.533175,0.0
0.532925,0.0
0.513695,0.0
0.517128,0.0
0.533284,1.0
0.515138,0.0
0.51473,0.0
0.520689,0.0
0.511117,0.0
0.515526,0.0
0.515914,1.0
0.536495,0.0
0.516436,0.0
0.514539,1.0
0.513997,1.0
0.510802,0.0
0.511032,1.0
0.512839,1.0
0.514042,1.0
0.517086,0.0
0.513945,0.0
0.534614,0.0
0.517379,0.0
0.355391,1.0
0.582701,1.0
0.345228,1.0
0.356277,0.0
0.730229,1.0
0.729405,1.0
0.581242,0.0
0.579584,1.0
0.579289,1.0
0.578904,0.0
0.723678,1.0
0.579472,1.0
0.73559,1.0
0.582196,0.0
0.73602,1.0
0.733405,1.0
0.579374,0.0
0.732755,1.0
0.579914,1.0
0.734842,0.0
0.733817,1.0
0.581549,1.0
0.579809,0.0
0.731119,0.0
0.733544,1.0
0.357194,0.0
0.726959,1.0
0.731537,1.0
0.35466,0.0
0.734561,1.0
0.581307,0.0
0.354453,0.0
0.734438,0.0
0.354839,0.0
0.727444,1.0
0.73291,1.0
0.733312,1.0
0.581274,0.0
0.353662,1.0
0.582745,1.0
0.579337,1.0
0.726854,1.0
0.348161,0.0
0.733714,1.0
0.350774,0.0
0.359671,1.0
0.731041,1.0
0.35616,0.0
0.57887,1.0
0.733856,1.0
0.355351,1.0
0.731377,1.0
0.356626,0.0
0.582196,1.0
0.359943,1.0
0.358565,0.0
0.730864,1.0
0.347153,0.0
0.353855,1.0
0.347569,0.0
0.731802,0.0
0.733736,1.0
0.579178,0.0
0.731137,1.0
0.579583,0.0
0.5789,1.0
0.734849,1.0
0.579561,0.0
0.357496,0.0
0.581993,1.0
0.348038,1.0
0.353489,1.0
0.579144,1.0
0.35386,0.0
0.350882,1.0
0.730031,1.0
0.355563,0.0
0.578914,0.0
0.578898,0.0
0.734233,1.0
0.733406,1.0
0.581498,1.0
0.358131,0.0
0.355444,0.0
0.73097,1.0
0.363122,1.0
0.733998,1.0
0.346601,0.0
0.577716,1.0
0.353787,1.0
0.730484,1.0
0.730113,1.0
0.38093,0.0
0.73082,1.0
0.730647,1.0
0.729716,1.0
0.352992,0.0
0.734589,1.0
0.579479,0.0
0.353767,1.0
0.664457,1.0
0.604961,0.0
0.666059,1.0
0.661308,1.0
0.597634,1.0
0.595275,0.0
0.62375,1.0
0.606763,1.0
0.614245,1.0
0.626489,1.0
0.596494,0.0
0.617318,1.0
0.598147,1.0
0.61688,1.0
0.597343,0.0
0.600038,1.0
0.580562,0.0
0.598486,1.0
0.607538,0.0
0.594592,1.0
0.599674,1.0
0.611831,1.0
0.620265,0.0
0.595258,1.0
0.598727,1.0
0.659225,1.0
0.601857,1.0
0.5974,1.0
0.6617,1.0
0.599154,1.0
0.602381,1.0
0.661818,1.0
0.593049,1.0
0.661567,1.0
0.596552,1.0
0.601849,1.0
0.599537,1.0
0.624546,1.0
0.665732,1.0
0.603837,0.0
0.61498,1.0
0.597173,1.0
0.660838,0.0
0.596323,1.0
0.663536,0.0
0.66044,1.0
0.598373,1.0
0.661275,0.0
0.614502,0.0
0.59954,0.0
0.664521,1.0
0.596852,1.0
0.66142,1.0
0.604689,0.0
0.660341,1.0
0.658575,0.0
0.598798,0.0
0.661958,1.0
0.665519,1.0
0.661967,1.0
0.593559,1.0
0.60017,1.0
0.626706,1.0
0.597874,0.0
0.618885,1.0
0.615654,1.0
0.59822,1.0
0.619928,0.0
0.660824,0.0
0.600581,1.0
0.664697,1.0
0.665434,0.0
0.565436,0.0
0.66174,1.0
0.664485,0.0
0.59702,1.0
0.661332,1.0
0.626626,1.0
0.6273,1.0
0.596862,1.0
0.599356,1.0
0.612361,1.0
0.66002,1.0
0.661296,0.0
0.600781,1.0
0.661147,1.0
0.597522,0.0
0.662269,0.0
0.5829,1.0
0.665604,1.0
0.597101,1.0
0.598158,0.0
0.658063,0.0
0.59561,0.0
0.596381,1.0
0.59837,1.0
0.663048,1.0
0.597779,1.0
0.626136,1.0
0.664954,1.0
0.681725,0.0
0.578728,0.0
0.683226,1.0
0.688933,0.0
0.611528,0.0
0.590267,1.0
0.617367,1.0
0.602298,1.0
0.606824,1.0
0.619385,1.0
0.591508,0.0
0.607925,1.0
0.612793,1.0
0.613936,1.0
0.590405,1.0
0.6141,1.0
0.570086,0.0
0.613388,1.0
0.58087,0.0
0.619869,1.0
0.612263,1.0
0.604685,1.0
0.595649,0.0
0.620331,1.0
0.612884,1.0
0.687261,1.0
0.615946,1.0
0.612239,1.0
0.688807,1.0
0.61437,0.0
0.606951,1.0
0.688886,1.0
0.618074,0.0
0.688736,1.0
0.610939,1.0
0.61544,1.0
0.612959,1.0
0.61782,0.0
0.683361,1.0
0.578049,0.0
0.607287,1.0
0.61137,1.0
0.666926,0.0
0.609934,1.0
0.666735,0.0
0.677449,1.0
0.612727,1.0
0.666939,1.0
0.584866,1.0
0.59177,1.0
0.681167,1.0
0.611135,1.0
0.688944,1.0
0.57793,0.0
0.677381,1.0
0.665743,1.0
0.591819,0.0
0.689604,0.0
0.682122,1.0
0.689182,1.0
0.619014,0.0
0.61293,1.0
0.619679,1.0
0.59104,0.0
0.615579,1.0
0.607287,1.0
0.612786,0.0
0.595217,0.0
0.666654,0.0
0.598966,1.0
0.681461,1.0
0.660956,0.0
0.550421,0.0
0.688949,0.0
0.659828,0.0
0.611288,0.0
0.689005,1.0
0.619454,0.0
0.619795,1.0
0.610678,1.0
0.612779,0.0
0.604945,0.0
0.687757,1.0
0.666992,0.0
0.615011,0.0
0.678819,0.0
0.590423,0.0
0.667228,1.0
0.585305,0.0
0.682877,1.0
0.611107,0.0
0.591812,1.0
0.663418,0.0
0.590084,0.0
0.610317,0.0
0.611883,1.0
0.689884,0.0
0.612597,0.0
0.619642,0.0
0.681539,1.0
0.353316,0.0
0.581799,1.0
0.343148,0.0
0.355673,0.0
0.7435,1.0
0.736173,1.0
0.577363,1.0
0.580412,0.0
0.58014,1.0
0.577402,1.0
0.742169,0.0
0.579999,0.0
0.737453,1.0
0.577492,0.0
0.738453,1.0
0.736667,1.0
0.578438,0.0
0.736885,0.0
0.581627,1.0
0.736324,0.0
0.735614,1.0
0.580219,1.0
0.578304,0.0
0.734803,1.0
0.736585,1.0
0.337851,0.0
0.735473,1.0
0.737659,1.0
0.341356,0.0
0.743041,0.0
0.57763,0.0
0.34164,0.0
0.742915,1.0
0.34133,1.0
0.735911,0.0
0.73578,1.0
0.736048,1.0
0.576769,0.0
0.345333,1.0
0.581852,1.0
0.580115,1.0
0.734236,0.0
0.353311,0.0
0.736017,1.0
0.358178,0.0
0.333627,1.0
0.736861,1.0
0.339939,1.0
0.581505,0.0
0.737773,0.0
0.338572,1.0
0.737101,1.0
0.342367,0.0
0.581799,1.0
0.333671,0.0
0.340706,0.0
0.744304,1.0
0.356503,0.0
0.34047,1.0
0.342613,1.0
0.743045,1.0
0.73575,1.0
0.57744,0.0
0.744092,0.0
0.577521,0.0
0.580056,1.0
0.743392,1.0
0.578278,1.0
0.354755,0.0
0.580667,0.0
0.338633,0.0
0.353899,1.0
0.583272,1.0
0.35484,0.0
0.360374,0.0
0.742634,1.0
0.341615,1.0
0.576773,0.0
0.577391,0.0
0.736897,1.0
0.742893,0.0
0.579714,1.0
0.340311,0.0
0.354264,0.0
0.741235,1.0
0.352946,0.0
0.744511,1.0
0.341921,0.0
0.580825,0.0
0.341681,0.0
0.743914,1.0
0.737346,0.0
0.363398,1.0
0.744807,1.0
0.743804,1.0
0.736061,1.0
0.358377,0.0
0.743831,1.0
0.576863,1.0
0.338166,0.0
0.66168,0.0
0.585085,0.0
0.660215,1.0
0.662389,1.0
0.596067,0.0
0.590339,1.0
0.610007,1.0
0.621898,1.0
0.610811,1.0
0.611,1.0
0.590504,1.0
0.622686,1.0
0.594935,1.0
0.621012,0.0
0.59259,0.0
0.595985,1.0
0.589825,1.0
0.591559,1.0
0.585824,0.0
0.592504,0.0
0.594758,1.0
0.60988,1.0
0.599014,0.0
0.597215,1.0
0.595034,1.0
0.658966,0.0
0.597399,1.0
0.594439,1.0
0.660279,1.0
0.593423,1.0
0.619334,1.0
0.660337,1.0
0.597281,1.0
0.662907,1.0
0.589495,1.0
0.597242,1.0
0.595205,1.0
0.607292,1.0
0.663089,0.0
0.584965,0.0
0.610937,1.0
0.589825,1.0
0.661024,0.0
0.592668,1.0
0.661844,0.0
0.657529,1.0
0.594954,1.0
0.661019,1.0
0.614658,0.0
0.591342,1.0
0.661059,1.0
0.593634,0.0
0.660402,1.0
0.584471,0.0
0.65511,1.0
0.657375,0.0
0.595919,1.0
0.662266,0.0
0.661957,1.0
0.663173,1.0
0.596894,0.0
0.595285,1.0
0.623109,0.0
0.590662,1.0
0.621876,1.0
0.610659,1.0
0.596312,0.0
0.586655,0.0
0.661201,0.0
0.621458,1.0
0.658668,1.0
0.663407,0.0
0.576933,0.0
0.66241,1.0
0.661169,0.0
0.595948,1.0
0.663029,0.0
0.608237,1.0
0.622995,1.0
0.593258,1.0
0.59289,0.0
0.594729,1.0
0.659552,1.0
0.661363,0.0
0.597978,1.0
0.660114,1.0
0.594295,0.0
0.659408,0.0
0.600528,1.0
0.659939,1.0
0.595662,1.0
0.589332,0.0
0.662957,1.0
0.593627,0.0
0.595331,1.0
0.594267,1.0
0.662055,1.0
0.596601,1.0
0.596629,1.0
0.658753,1.0
0.348481,1.0
0.585874,1.0
0.333045,0.0
0.336249,0.0
0.745244,1.0
0.733697,1.0
0.583692,0.0
0.575093,0.0
0.583868,1.0
0.583605,1.0
0.730645,1.0
0.574969,1.0
0.737994,1.0
0.573924,0.0
0.744967,1.0
0.737638,0.0
0.57418,1.0
0.734616,1.0
0.585808,0.0
0.741639,0.0
0.7354,1.0
0.583949,1.0
0.574335,0.0
0.737013,0.0
0.736991,1.0
0.345757,0.0
0.736786,0.0
0.738092,1.0
0.332032,0.0
0.7362,1.0
0.574342,0.0
0.332285,0.0
0.73837,1.0
0.338141,1.0
0.731501,0.0
0.736579,1.0
0.736371,1.0
0.574171,0.0
0.355997,1.0
0.585884,1.0
0.583856,1.0
0.730058,1.0
0.34746,0.0
0.735342,1.0
0.351992,1.0
0.330529,1.0
0.737017,1.0
0.335096,0.0
0.57484,1.0
0.734743,1.0
0.33485,0.0
0.744393,1.0
0.332918,0.0
0.585918,0.0
0.325327,0.0
0.34631,1.0
0.738316,1.0
0.352032,1.0
0.336686,1.0
0.339414,1.0
0.745248,1.0
0.735749,1.0
0.573912,0.0
0.733742,0.0
0.57434,0.0
0.583871,1.0
0.745412,1.0
0.585514,0.0
0.348589,0.0
0.575168,0.0
0.329169,0.0
0.353045,1.0
0.58639,1.0
0.335471,0.0
0.3521,0.0
0.737407,1.0
0.353698,0.0
0.574211,1.0
0.574315,1.0
0.736777,1.0
0.742028,1.0
0.585404,1.0
0.330832,1.0
0.34831,0.0
0.737693,1.0
0.330727,1.0
0.745437,1.0
0.347186,1.0
0.575066,1.0
0.331853,1.0
0.738663,1.0
0.740142,1.0
0.344934,0.0
0.745263,1.0
0.738018,1.0
0.735842,1.0
0.339951,1.0
0.738801,0.0
0.585029,1.0
0.328761,1.0
0.71193,1.0
0.402637,1.0
0.686048,1.0
0.703113,1.0
0.650651,1.0
0.573246,1.0
0.369638,1.0
0.365346,0.0
0.382737,0.0
0.385562,0.0
0.572876,1.0
0.381769,1.0
0.627634,0.0
0.384087,0.0
0.627841,1.0
0.620697,1.0
0.390747,1.0
0.614678,1.0
0.386062,1.0
0.645471,1.0
0.605415,0.0
0.382968,0.0
0.388469,0.0
0.649354,0.0
0.615669,1.0
0.683258,1.0
0.631245,0.0
0.624947,0.0
0.682476,0.0
0.65284,1.0
0.369131,0.0
0.683875,1.0
0.6438,1.0
0.705905,0.0
0.565665,1.0
0.635725,0.0
0.615395,0.0
0.372673,0.0
0.739361,0.0
0.402575,0.0
0.382732,0.0
0.574775,1.0
0.695889,1.0
0.590709,1.0
0.739648,1.0
0.661575,1.0
0.617205,0.0
0.679641,1.0
0.397946,0.0
0.618841,0.0
0.677924,0.0
0.627861,1.0
0.685561,1.0
0.38622,0.0
0.645428,1.0
0.685417,0.0
0.633464,0.0
0.74049,1.0
0.695523,0.0
0.711757,1.0
0.69985,1.0
0.61056,1.0
0.383337,0.0
0.583276,1.0
0.36847,0.0
0.382911,0.0
0.685353,0.0
0.389412,0.0
0.699928,1.0
0.365103,0.0
0.666116,1.0
0.719353,0.0
0.401407,0.0
0.701567,0.0
0.720043,0.0
0.615948,1.0
0.717229,1.0
0.388387,0.0
0.38428,0.0
0.603376,1.0
0.639637,1.0
0.386227,0.0
0.683056,1.0
0.701601,1.0
0.672457,0.0
0.677912,1.0
0.636346,0.0
0.703005,1.0
0.386051,1.0
0.688649,1.0
0.631137,0.0
0.598408,0.0
0.708601,1.0
0.622862,0.0
0.617574,1.0
0.602676,0.0
0.732918,1.0
0.62391,1.0
0.388609,1.0
0.674449,0.0
0.828538,1.0
0.420679,1.0
0.857363,0.0
0.840565,1.0
0.75813,1.0
0.845276,1.0
0.403751,0.0
0.327244,0.0
0.333639,0.0
0.335374,0.0
0.846786,1.0
0.41382,0.0
0.776074,1.0
0.335609,0.0
0.783328,1.0
0.792341,1.0
0.419075,1.0
0.799418,1.0
0.410767,1.0
0.761256,1.0
0.796209,1.0
0.333704,0.0
0.336762,0.0
0.748488,1.0
0.798468,1.0
0.859147,1.0
0.767942,0.0
0.778911,1.0
0.855202,1.0
0.756014,1.0
0.329519,1.0
0.859528,1.0
0.767755,1.0
0.829594,1.0
0.855074,1.0
0.762169,1.0
0.787223,1.0
0.33102,0.0
0.794212,0.0
0.339904,0.0
0.333646,1.0
0.844364,1.0
0.84682,0.0
0.825155,1.0
0.799914,1.0
0.879535,1.0
0.785835,0.0
0.863577,1.0
0.342439,1.0
0.783511,1.0
0.859559,1.0
0.782559,1.0
0.857817,1.0
0.331129,1.0
0.895858,1.0
0.849466,0.0
0.768326,1.0
0.79905,1.0
0.840129,1.0
0.829398,1.0
0.707066,1.0
0.799401,0.0
0.335276,0.0
0.831939,1.0
0.32924,0.0
0.333731,0.0
0.71128,1.0
0.333206,0.0
0.842708,1.0
0.327066,0.0
0.876616,1.0
0.814995,0.0
0.338455,0.0
0.836432,0.0
0.816672,1.0
0.80043,1.0
0.825235,1.0
0.339568,0.0
0.337833,0.0
0.811742,1.0
0.767517,1.0
0.334302,0.0
0.858579,1.0
0.841161,1.0
0.721192,1.0
0.863796,1.0
0.765968,1.0
0.837611,1.0
0.415887,1.0
0.853081,1.0
0.772465,1.0
0.807034,1.0
0.833533,1.0
0.782229,1.0
0.796208,1.0
0.802042,1.0
0.807784,1.0
0.792732,1.0
0.414577,1.0
0.861524,0.0
0.713748,1.0
0.448236,0.0
0.680233,0.0
0.699214,1.0
0.653131,1.0
0.578684,1.0
0.361904,0.0
0.288058,0.0
0.285536,1.0
0.286178,1.0
0.57816,1.0
0.36431,1.0
0.624548,1.0
0.290234,0.0
0.630396,0.0
0.617428,1.0
0.451035,1.0
0.616087,1.0
0.447619,1.0
0.642492,0.0
0.604135,0.0
0.285521,0.0
0.290008,0.0
0.640727,0.0
0.617159,1.0
0.682652,1.0
0.617588,0.0
0.621991,1.0
0.677558,1.0
0.653819,0.0
0.356602,0.0
0.681919,1.0
0.644671,1.0
0.703161,0.0
0.568884,1.0
0.632892,0.0
0.613184,0.0
0.289429,1.0
0.73261,0.0
0.284575,0.0
0.352904,0.0
0.579786,1.0
0.690123,0.0
0.594119,0.0
0.741463,0.0
0.66623,1.0
0.609198,0.0
0.678427,1.0
0.357163,0.0
0.616257,1.0
0.673884,0.0
0.630498,1.0
0.683403,1.0
0.35292,0.0
0.650166,1.0
0.681593,0.0
0.630317,0.0
0.742332,1.0
0.693385,1.0
0.712392,1.0
0.703697,1.0
0.607348,1.0
0.29015,0.0
0.583956,0.0
0.28899,1.0
0.285563,0.0
0.683933,0.0
0.286458,0.0
0.697654,1.0
0.287966,0.0
0.66677,1.0
0.713145,0.0
0.283706,0.0
0.690471,1.0
0.712693,0.0
0.617155,1.0
0.713977,1.0
0.289076,0.0
0.288822,0.0
0.605637,1.0
0.642257,0.0
0.285027,0.0
0.685036,0.0
0.699169,1.0
0.669987,0.0
0.680414,1.0
0.63437,1.0
0.705048,1.0
0.448613,1.0
0.690158,1.0
0.627923,1.0
0.598495,0.0
0.704713,1.0
0.621197,0.0
0.619009,0.0
0.601337,1.0
0.733228,0.0
0.620157,1.0
0.445848,1.0
0.670899,1.0
0.52214,1.0
0.593311,1.0
0.516865,0.0
0.516551,1.0
0.590192,1.0
0.566411,0.0
0.610885,1.0
0.620392,0.0
0.608853,1.0
0.608813,0.0
0.566974,0.0
0.596437,1.0
0.582305,0.0
0.620397,1.0
0.588464,1.0
0.581079,1.0
0.575386,0.0
0.580122,1.0
0.575325,1.0
0.593496,1.0
0.582268,1.0
0.62134,1.0
0.620492,0.0
0.592442,1.0
0.581124,1.0
0.509716,0.0
0.589373,1.0
0.581126,1.0
0.506997,0.0
0.596254,1.0
0.607331,1.0
0.509407,0.0
0.588792,1.0
0.523066,0.0
0.563037,0.0
0.591612,1.0
0.585003,0.0
0.607649,0.0
0.535659,1.0
0.621825,1.0
0.60852,1.0
0.567627,0.0
0.520816,1.0
0.578367,0.0
0.536767,0.0
0.502512,1.0
0.586353,1.0
0.507932,0.0
0.608135,1.0
0.58001,1.0
0.511146,1.0
0.583836,1.0
0.51008,0.0
0.608135,1.0
0.494816,1.0
0.516937,1.0
0.589248,0.0
0.532112,1.0
0.513762,0.0
0.521667,0.0
0.601919,1.0
0.580838,1.0
0.620396,1.0
0.574708,1.0
0.607647,1.0
0.621334,0.0
0.60117,1.0
0.620975,0.0
0.515933,1.0
0.620401,1.0
0.502735,1.0
0.529066,1.0
0.621904,0.0
0.515,1.0
0.526536,1.0
0.580745,0.0
0.522198,1.0
0.620984,1.0
0.62094,1.0
0.576041,0.0
0.592767,1.0
0.621459,1.0
0.516364,1.0
0.516505,0.0
0.59884,0.0
0.508783,1.0
0.58378,0.0
0.518855,0.0
0.575841,1.0
0.512937,1.0
0.582498,1.0
0.58005,0.0
0.51865,0.0
0.585764,1.0
0.586058,1.0
0.575335,0.0
0.534134,0.0
0.581844,1.0
0.576512,1.0
0.506655,1.0
0.686851,1.0
0.599457,1.0
0.681494,1.0
0.68463,1.0
0.618762,1.0
0.611414,1.0
0.646914,1.0
0.664213,0.0
0.633424,1.0
0.633057,1.0
0.612277,1.0
0.604239,1.0
0.617552,1.0
0.664397,1.0
0.613602,1.0
0.616117,1.0
0.539988,0.0
0.615727,1.0
0.543593,1.0
0.616673,1.0
0.611914,1.0
0.666034,1.0
0.664611,1.0
0.616247,1.0
0.616367,1.0
0.682914,1.0
0.615978,1.0
0.615806,1.0
0.681589,1.0
0.617642,1.0
0.636229,1.0
0.682793,1.0
0.61893,1.0
0.68347,1.0
0.610486,1.0
0.616351,1.0
0.614236,1.0
0.630472,1.0
0.687851,1.0
0.667102,0.0
0.638834,1.0
0.612592,1.0
0.682064,1.0
0.611247,1.0
0.68877,0.0
0.678271,1.0
0.614576,1.0
0.682072,1.0
0.638228,1.0
0.615609,1.0
0.676589,1.0
0.616477,1.0
0.683063,1.0
0.638053,1.0
0.674576,1.0
0.680108,0.0
0.615585,1.0
0.690178,1.0
0.684605,1.0
0.687988,1.0
0.621928,1.0
0.616731,1.0
0.664389,1.0
0.60801,0.0
0.630813,0.0
0.666056,1.0
0.618495,0.0
0.665418,1.0
0.684315,1.0
0.664221,1.0
0.678376,1.0
0.685447,1.0
0.667259,0.0
0.68471,1.0
0.683599,1.0
0.617312,1.0
0.686892,1.0
0.665544,1.0
0.665417,1.0
0.61484,1.0
0.615902,1.0
0.666271,1.0
0.679223,1.0
0.685856,0.0
0.619308,1.0
0.681142,1.0
0.617219,1.0
0.686846,1.0
0.543601,1.0
0.683077,1.0
0.616099,1.0
0.612141,1.0
0.686614,1.0
0.61282,1.0
0.613169,1.0
0.614975,1.0
0.687975,1.0
0.616546,1.0
0.545369,1.0
0.68095,1.0
0.335195,0.0
0.579987,1.0
0.329774,0.0
0.332786,0.0
0.737755,1.0
0.731748,0.0
0.579687,1.0
0.577784,0.0
0.578488,1.0
0.578291,0.0
0.731239,0.0
0.57921,1.0
0.735346,1.0
0.579114,0.0
0.736288,1.0
0.734851,0.0
0.577812,0.0
0.735316,0.0
0.578536,1.0
0.735104,1.0
0.731844,0.0
0.579168,1.0
0.579124,1.0
0.734408,0.0
0.735316,0.0
0.32964,0.0
0.733006,1.0
0.735612,1.0
0.328633,0.0
0.736525,1.0
0.579161,1.0
0.329579,0.0
0.737115,1.0
0.331542,0.0
0.729751,1.0
0.733975,1.0
0.732731,1.0
0.578143,0.0
0.339193,0.0
0.577998,1.0
0.57934,1.0
0.731257,0.0
0.331652,0.0
0.732066,1.0
0.353077,0.0
0.328131,1.0
0.73346,1.0
0.329193,0.0
0.579416,0.0
0.734477,1.0
0.327856,0.0
0.736731,1.0
0.329923,0.0
0.579232,0.0
0.326203,1.0
0.347516,0.0
0.734736,1.0
0.340268,1.0
0.331152,0.0
0.334537,1.0
0.73837,1.0
0.734405,0.0
0.579111,0.0
0.738383,1.0
0.577718,0.0
0.579164,1.0
0.744125,1.0
0.57911,1.0
0.332635,0.0
0.579046,0.0
0.328151,0.0
0.335401,0.0
0.577907,0.0
0.332231,0.0
0.333811,0.0
0.735438,1.0
0.335144,0.0
0.579203,0.0
0.579188,0.0
0.734643,1.0
0.736062,1.0
0.579175,1.0
0.329714,0.0
0.348623,0.0
0.736238,0.0
0.33016,0.0
0.736783,1.0
0.333181,0.0
0.579617,1.0
0.331452,0.0
0.736277,0.0
0.731695,1.0
0.334176,0.0
0.735324,0.0
0.735093,1.0
0.73294,0.0
0.337075,0.0
0.735708,1.0
0.579807,0.0
0.329265,0.0
0.532928,0.0
0.533459,1.0
0.535653,1.0
0.534297,0.0
0.526388,1.0
0.539542,1.0
0.531479,1.0
0.533286,0.0
0.533048,0.0
0.534105,0.0
0.540267,1.0
0.534427,0.0
0.530435,0.0
0.531991,1.0
0.52951,0.0
0.535628,0.0
0.54466,0.0
0.535968,0.0
0.540635,0.0
0.52845,1.0
0.537029,1.0
0.530902,1.0
0.530765,0.0
0.532993,0.0
0.536237,0.0
0.535795,0.0
0.530212,0.0
0.530435,0.0
0.536323,0.0
0.527321,0.0
0.532176,1.0
0.535841,1.0
0.527962,1.0
0.534587,1.0
0.536758,0.0
0.530173,0.0
0.532317,0.0
0.534297,1.0
0.530584,0.0
0.532134,0.0
0.532027,0.0
0.540082,1.0
0.534777,0.0
0.534251,0.0
0.528558,1.0
0.532737,0.0
0.53153,1.0
0.536138,0.0
0.53318,0.0
0.531162,0.0
0.536991,0.0
0.529165,1.0
0.535707,0.0
0.533261,1.0
0.534169,1.0
0.533795,1.0
0.530095,0.0
0.52408,1.0
0.534964,0.0
0.527848,1.0
0.519485,1.0
0.535396,0.0
0.531993,0.0
0.532444,0.0
0.536419,0.0
0.530707,0.0
0.520217,0.0
0.530741,1.0
0.534445,0.0
0.532029,1.0
0.537031,0.0
0.532698,0.0
0.533081,0.0
0.534402,0.0
0.533669,0.0
0.531823,0.0
0.532916,1.0
0.531908,1.0
0.53192,0.0
0.532359,1.0
0.528352,1.0
0.53089,1.0
0.535965,1.0
0.532433,0.0
0.529748,0.0
0.535917,0.0
0.528612,1.0
0.533798,1.0
0.540473,0.0
0.535096,0.0
0.534197,0.0
0.534087,1.0
0.533561,0.0
0.535536,0.0
0.531335,1.0
0.537402,1.0
0.531538,0.0
0.531254,0.0
0.543092,0.0
0.536147,0.0
0.333882,0.0
0.585373,1.0
0.322191,0.0
0.332372,0.0
0.730494,1.0
0.716696,1.0
0.584055,0.0
0.574486,0.0
0.582605,1.0
0.573991,0.0
0.716168,1.0
0.58368,1.0
0.733291,1.0
0.576776,0.0
0.733963,1.0
0.72817,0.0
0.562221,0.0
0.728664,1.0
0.595386,0.0
0.727586,1.0
0.717875,0.0
0.583648,1.0
0.581044,0.0
0.728496,0.0
0.728715,0.0
0.330861,0.0
0.73088,0.0
0.733277,0.0
0.330384,0.0
0.734976,0.0
0.584497,0.0
0.322123,0.0
0.72948,0.0
0.323152,1.0
0.726713,0.0
0.731852,1.0
0.730355,1.0
0.576202,0.0
0.33678,0.0
0.582268,1.0
0.581892,1.0
0.716304,1.0
0.331613,0.0
0.729223,1.0
0.331383,0.0
0.334288,1.0
0.724926,0.0
0.330702,1.0
0.574536,1.0
0.73206,0.0
0.329843,1.0
0.728549,1.0
0.331062,0.0
0.57678,0.0
0.324463,0.0
0.324348,0.0
0.732671,1.0
0.335107,0.0
0.331695,1.0
0.330402,0.0
0.732809,0.0
0.727742,0.0
0.574459,0.0
0.730346,0.0
0.573709,0.0
0.581011,1.0
0.737615,0.0
0.58353,0.0
0.332297,0.0
0.576755,0.0
0.330085,1.0
0.333966,0.0
0.574518,0.0
0.331966,0.0
0.332945,0.0
0.733218,1.0
0.325259,0.0
0.5768,0.0
0.574479,0.0
0.725586,0.0
0.728365,0.0
0.583641,1.0
0.321936,0.0
0.334617,1.0
0.7316,1.0
0.330991,0.0
0.728935,0.0
0.324225,0.0
0.593939,1.0
0.331627,0.0
0.730006,1.0
0.722407,1.0
0.333629,0.0
0.728521,1.0
0.726248,1.0
0.719028,1.0
0.33551,0.0
0.733361,0.0
0.563868,0.0
0.330424,0.0
0.352106,0.0
0.597397,1.0
0.357019,0.0
0.354775,0.0
0.748681,1.0
0.741307,1.0
0.559868,1.0
0.557667,1.0
0.596731,1.0
0.557172,0.0
0.74075,1.0
0.597572,1.0
0.746683,1.0
0.557543,0.0
0.747384,1.0
0.726621,1.0
0.541134,0.0
0.744349,1.0
0.559639,1.0
0.746914,1.0
0.725714,1.0
0.596076,1.0
0.560136,0.0
0.727127,1.0
0.726359,1.0
0.357508,0.0
0.727177,1.0
0.72778,1.0
0.358543,0.0
0.727898,0.0
0.559742,1.0
0.357307,0.0
0.727401,1.0
0.379972,0.0
0.725786,1.0
0.746317,1.0
0.74516,1.0
0.556508,0.0
0.347878,1.0
0.596212,1.0
0.595884,1.0
0.740827,1.0
0.355589,0.0
0.744101,1.0
0.34361,0.0
0.38232,1.0
0.726521,1.0
0.382209,1.0
0.592902,0.0
0.727431,0.0
0.383153,1.0
0.747127,1.0
0.357442,0.0
0.557288,1.0
0.360202,1.0
0.353645,1.0
0.746702,1.0
0.343296,0.0
0.380936,1.0
0.349702,1.0
0.727746,1.0
0.726608,1.0
0.55804,0.0
0.727613,1.0
0.556386,0.0
0.595136,1.0
0.728579,1.0
0.559782,1.0
0.355064,0.0
0.557514,1.0
0.383223,0.0
0.351676,1.0
0.557728,1.0
0.35487,1.0
0.353711,0.0
0.745957,1.0
0.351723,0.0
0.557583,1.0
0.558073,1.0
0.72689,1.0
0.727516,1.0
0.596069,1.0
0.35761,0.0
0.378135,1.0
0.747601,1.0
0.357877,1.0
0.727975,1.0
0.353382,1.0
0.608066,1.0
0.356278,1.0
0.745517,1.0
0.743556,1.0
0.354202,0.0
0.744549,1.0
0.745588,1.0
0.742605,1.0
0.349585,0.0
0.727288,1.0
0.542927,1.0
0.358163,0.0
0.31928,0.0
0.604217,1.0
0.316218,0.0
0.317812,0.0
0.753241,1.0
0.746883,1.0
0.590341,1.0
0.589228,1.0
0.603615,1.0
0.551045,0.0
0.746632,0.0
0.604221,1.0
0.75174,1.0
0.550952,0.0
0.752258,1.0
0.745615,1.0
0.53032,0.0
0.749857,1.0
0.590934,0.0
0.751167,0.0
0.74263,1.0
0.603374,1.0
0.553091,1.0
0.745616,1.0
0.74619,0.0
0.316378,0.0
0.74629,0.0
0.748502,1.0
0.315925,0.0
0.721438,0.0
0.590459,0.0
0.31615,0.0
0.75009,1.0
0.321872,0.0
0.743828,1.0
0.750339,1.0
0.749776,1.0
0.549773,0.0
0.36176,1.0
0.603081,1.0
0.602796,0.0
0.746692,1.0
0.317136,0.0
0.749334,1.0
0.324657,0.0
0.364081,1.0
0.74655,0.0
0.363947,0.0
0.562896,1.0
0.717607,1.0
0.363626,1.0
0.752464,1.0
0.316543,0.0
0.589253,0.0
0.360164,0.0
0.360286,0.0
0.751237,1.0
0.325322,0.0
0.364218,1.0
0.361219,1.0
0.751421,0.0
0.745157,1.0
0.551926,0.0
0.746195,1.0
0.550211,0.0
0.602262,1.0
0.75122,1.0
0.590212,0.0
0.317722,0.0
0.589148,0.0
0.31986,0.0
0.360628,0.0
0.589214,1.0
0.360041,0.0
0.318367,0.0
0.751815,1.0
0.318936,0.0
0.589144,1.0
0.589076,1.0
0.747546,0.0
0.748924,1.0
0.603368,1.0
0.315985,1.0
0.365368,0.0
0.750978,1.0
0.360205,1.0
0.749686,1.0
0.360264,0.0
0.616015,1.0
0.360202,1.0
0.750692,1.0
0.748985,0.0
0.31887,0.0
0.749825,1.0
0.751282,1.0
0.747795,1.0
0.320917,0.0
0.748615,1.0
0.583528,0.0
0.315986,0.0
0.661287,1.0
0.55979,0.0
0.658137,1.0
0.6599,1.0
0.593059,1.0
0.587352,1.0
0.569004,1.0
0.5701,1.0
0.561281,1.0
0.594185,1.0
0.583848,1.0
0.559962,1.0
0.591753,1.0
0.594092,1.0
0.590927,1.0
0.58881,1.0
0.546187,0.0
0.59019,0.0
0.533588,0.0
0.588856,1.0
0.58716,1.0
0.561298,1.0
0.587288,0.0
0.589833,0.0
0.584855,1.0
0.658283,1.0
0.586389,1.0
0.589837,1.0
0.65766,1.0
0.595384,1.0
0.579749,1.0
0.657959,1.0
0.592008,1.0
0.66111,1.0
0.586768,1.0
0.593164,1.0
0.591014,0.0
0.590677,1.0
0.658272,1.0
0.562788,0.0
0.575869,1.0
0.588146,1.0
0.659402,0.0
0.589357,1.0
0.66427,1.0
0.654019,1.0
0.585678,1.0
0.651383,1.0
0.579481,0.0
0.597428,1.0
0.652616,1.0
0.591699,1.0
0.65835,0.0
0.579326,0.0
0.6477,1.0
0.651923,0.0
0.591626,0.0
0.664438,0.0
0.655245,1.0
0.656972,1.0
0.59087,0.0
0.589109,1.0
0.596792,1.0
0.587893,0.0
0.591549,1.0
0.564558,1.0
0.593799,0.0
0.581158,0.0
0.659737,0.0
0.58042,1.0
0.658654,0.0
0.653605,1.0
0.570291,0.0
0.651586,1.0
0.660493,0.0
0.591751,0.0
0.661066,1.0
0.568954,1.0
0.571639,1.0
0.584274,1.0
0.591066,0.0
0.561312,1.0
0.660262,1.0
0.655761,1.0
0.593117,1.0
0.652004,0.0
0.589831,0.0
0.65205,0.0
0.525386,1.0
0.65309,1.0
0.590238,1.0
0.585633,1.0
0.660359,1.0
0.589278,0.0
0.590815,0.0
0.589114,1.0
0.662517,1.0
0.590492,0.0
0.536675,1.0
0.657877,1.0
0.325275,0.0
0.593041,1.0
0.322827,1.0
0.324067,0.0
0.737929,1.0
0.729245,1.0
0.59152,1.0
0.591351,1.0
0.593238,1.0
0.566434,0.0
0.723814,0.0
0.593391,1.0
0.735389,1.0
0.566247,0.0
0.736097,1.0
0.729608,1.0
0.545082,0.0
0.741003,1.0
0.56967,0.0
0.731334,1.0
0.726761,1.0
0.593486,0.0
0.584247,0.0
0.738476,0.0
0.724935,0.0
0.322908,0.0
0.726358,0.0
0.732912,1.0
0.322533,0.0
0.731843,0.0
0.572464,1.0
0.322769,0.0
0.735041,1.0
0.324878,0.0
0.727502,1.0
0.734368,1.0
0.741279,1.0
0.565433,0.0
0.331214,1.0
0.592424,1.0
0.57512,0.0
0.728981,1.0
0.342293,0.0
0.732207,1.0
0.329853,1.0
0.32768,1.0
0.726007,1.0
0.32287,0.0
0.585875,0.0
0.733278,0.0
0.326736,1.0
0.736338,1.0
0.342135,1.0
0.572898,1.0
0.321704,0.0
0.342661,0.0
0.742979,1.0
0.346669,0.0
0.328442,0.0
0.329996,1.0
0.743114,1.0
0.729262,1.0
0.566959,0.0
0.738772,0.0
0.565923,0.0
0.592737,1.0
0.745545,1.0
0.573298,0.0
0.342626,0.0
0.572031,0.0
0.342231,0.0
0.323934,1.0
0.590874,0.0
0.322768,0.0
0.342868,1.0
0.743099,1.0
0.325049,0.0
0.591684,0.0
0.591091,0.0
0.726587,0.0
0.741902,1.0
0.593484,1.0
0.327427,0.0
0.32573,0.0
0.735751,1.0
0.346471,1.0
0.742502,0.0
0.342645,0.0
0.600389,1.0
0.327141,0.0
0.733937,1.0
0.72705,1.0
0.324854,0.0
0.741061,1.0
0.742722,1.0
0.730522,1.0
0.326624,0.0
0.741101,1.0
0.561993,1.0
0.322596,0.0
0.358621,1.0
0.602602,1.0
0.384008,0.0
0.36041,0.0
0.746889,1.0
0.74056,1.0
0.599377,1.0
0.599354,1.0
0.599257,1.0
0.551919,0.0
0.724437,1.0
0.59929,1.0
0.744466,1.0
0.551727,0.0
0.745165,1.0
0.741223,1.0
0.520894,0.0
0.744452,1.0
0.547719,1.0
0.743577,0.0
0.740499,1.0
0.562641,1.0
0.558281,0.0
0.727658,1.0
0.724758,1.0
0.362112,0.0
0.726075,1.0
0.742876,1.0
0.362726,0.0
0.726455,0.0
0.593919,1.0
0.36243,1.0
0.74396,1.0
0.359151,0.0
0.739788,1.0
0.744476,1.0
0.745319,1.0
0.550949,1.0
0.380974,1.0
0.602317,1.0
0.557456,1.0
0.740132,1.0
0.359332,0.0
0.742338,1.0
0.378507,1.0
0.384003,1.0
0.74042,1.0
0.363982,1.0
0.559205,1.0
0.726759,1.0
0.384756,0.0
0.745236,1.0
0.383766,0.0
0.59634,1.0
0.366752,1.0
0.361898,1.0
0.7467,1.0
0.350117,0.0
0.360738,1.0
0.381994,1.0
0.74865,1.0
0.741328,1.0
0.552415,0.0
0.727758,0.0
0.55144,0.0
0.599092,1.0
0.750502,1.0
0.554599,1.0
0.358953,0.0
0.554727,1.0
0.360376,0.0
0.383684,0.0
0.561015,1.0
0.363655,0.0
0.382277,0.0
0.745602,1.0
0.35892,0.0
0.561016,1.0
0.56105,0.0
0.725568,1.0
0.745888,1.0
0.599411,1.0
0.36076,0.0
0.359207,0.0
0.746061,1.0
0.384985,1.0
0.72838,1.0
0.361758,0.0
0.601203,1.0
0.362718,0.0
0.743545,1.0
0.740555,1.0
0.359977,0.0
0.744738,1.0
0.745877,1.0
0.741558,1.0
0.356825,0.0
0.744268,1.0
0.5921,1.0
0.362506,0.0
0.889901,1.0
0.424768,1.0
0.886965,1.0
0.88695,1.0
0.808199,1.0
0.870493,1.0
0.423315,0.0
0.423994,0.0
0.415512,0.0
0.416329,0.0
0.891372,1.0
0.415149,1.0
0.834419,1.0
0.417134,0.0
0.832572,1.0
0.86184,1.0
0.554922,1.0
0.835804,1.0
0.464332,1.0
0.819331,1.0
0.868453,1.0
0.406192,0.0
0.413706,0.0
0.847347,0.0
0.88605,1.0
0.89299,1.0
0.869996,0.0
0.850618,1.0
0.895081,1.0
0.82407,1.0
0.432456,1.0
0.902955,1.0
0.836399,1.0
0.882398,1.0
0.874544,1.0
0.826833,0.0
0.826067,1.0
0.435632,0.0
0.873299,1.0
0.42461,0.0
0.413724,1.0
0.870547,1.0
0.875484,0.0
0.856022,1.0
0.85804,1.0
0.893816,1.0
0.866498,0.0
0.907691,1.0
0.425751,1.0
0.846586,1.0
0.889494,1.0
0.828877,1.0
0.871913,1.0
0.442674,1.0
0.915898,1.0
0.893917,1.0
0.813686,1.0
0.836996,1.0
0.896024,1.0
0.880437,1.0
0.780981,1.0
0.859782,0.0
0.414079,0.0
0.839429,1.0
0.418506,0.0
0.415988,0.0
0.759535,1.0
0.430353,1.0
0.873844,1.0
0.424405,1.0
0.879223,1.0
0.884527,1.0
0.423154,0.0
0.898078,0.0
0.861515,1.0
0.823322,1.0
0.881529,1.0
0.414951,0.0
0.397859,0.0
0.883783,1.0
0.820832,1.0
0.41631,0.0
0.88718,1.0
0.882359,1.0
0.812878,0.0
0.887064,1.0
0.842712,1.0
0.884134,1.0
0.409891,1.0
0.893858,1.0
0.84595,1.0
0.867813,1.0
0.884796,1.0
0.837123,1.0
0.82419,0.0
0.86019,1.0
0.873469,1.0
0.835586,1.0
0.50303,1.0
0.894385,1.0
0.566703,1.0
0.585352,1.0
0.567469,1.0
0.567658,1.0
0.617674,1.0
0.624048,1.0
0.60136,1.0
0.601261,1.0
0.602445,1.0
0.597416,1.0
0.62684,1.0
0.58645,1.0
0.620685,1.0
0.597256,1.0
0.619059,1.0
0.623211,1.0
0.538701,1.0
0.621235,0.0
0.574732,1.0
0.619423,1.0
0.622618,1.0
0.602154,1.0
0.5989,0.0
0.623604,1.0
0.626373,1.0
0.568704,0.0
0.625731,1.0
0.621831,1.0
0.569058,1.0
0.621785,1.0
0.583122,1.0
0.568776,0.0
0.621987,1.0
0.566847,1.0
0.624691,1.0
0.623246,1.0
0.619392,1.0
0.596756,1.0
0.563646,1.0
0.601578,1.0
0.584343,1.0
0.625211,0.0
0.56901,1.0
0.622364,1.0
0.56078,0.0
0.567194,1.0
0.626492,1.0
0.56951,0.0
0.582766,1.0
0.622117,1.0
0.567927,1.0
0.619624,1.0
0.564664,0.0
0.581781,0.0
0.570721,0.0
0.56735,1.0
0.617527,1.0
0.557857,1.0
0.567697,1.0
0.564922,1.0
0.615086,0.0
0.625833,1.0
0.597849,1.0
0.620468,1.0
0.59699,1.0
0.602358,1.0
0.60994,1.0
0.581538,0.0
0.565274,1.0
0.582344,1.0
0.566263,1.0
0.567038,1.0
0.599859,0.0
0.572773,0.0
0.562617,1.0
0.620907,0.0
0.566695,1.0
0.600806,1.0
0.601505,1.0
0.624878,0.0
0.618531,1.0
0.602351,1.0
0.56769,1.0
0.566853,1.0
0.620005,0.0
0.566051,1.0
0.620589,0.0
0.567156,1.0
0.587643,1.0
0.568861,1.0
0.621035,1.0
0.623759,0.0
0.567262,1.0
0.620131,0.0
0.622643,1.0
0.623048,0.0
0.565221,1.0
0.621982,1.0
0.571015,1.0
0.56894,0.0
0.891221,1.0
0.424427,1.0
0.879714,1.0
0.881327,1.0
0.815988,0.0
0.868215,1.0
0.332174,0.0
0.332401,1.0
0.329831,1.0
0.353166,0.0
0.884523,1.0
0.423153,1.0
0.839067,0.0
0.353681,0.0
0.837488,1.0
0.861227,1.0
0.697193,1.0
0.838318,1.0
0.482575,1.0
0.817114,1.0
0.866129,0.0
0.335013,0.0
0.341294,1.0
0.846383,1.0
0.880574,1.0
0.885677,1.0
0.864118,0.0
0.85245,1.0
0.887969,1.0
0.823653,1.0
0.439829,1.0
0.900687,1.0
0.840772,1.0
0.877542,0.0
0.871227,1.0
0.827595,1.0
0.831626,0.0
0.353861,0.0
0.875852,1.0
0.329113,1.0
0.438521,1.0
0.866742,1.0
0.867496,0.0
0.856866,1.0
0.861873,1.0
0.892714,1.0
0.860512,1.0
0.904185,1.0
0.442252,1.0
0.850852,1.0
0.881788,1.0
0.834314,1.0
0.865737,1.0
0.438204,1.0
0.910144,1.0
0.89409,0.0
0.820704,0.0
0.837114,1.0
0.895918,1.0
0.881849,1.0
0.788301,1.0
0.855169,1.0
0.351848,0.0
0.83631,1.0
0.354476,0.0
0.330172,0.0
0.769298,1.0
0.445552,0.0
0.870022,1.0
0.448267,0.0
0.87459,1.0
0.877613,1.0
0.335379,0.0
0.886254,1.0
0.857139,1.0
0.827537,1.0
0.876811,1.0
0.338537,0.0
0.338978,1.0
0.877579,1.0
0.827023,1.0
0.32994,0.0
0.881479,1.0
0.877477,1.0
0.81333,0.0
0.887039,1.0
0.84595,1.0
0.878697,1.0
0.416135,1.0
0.88693,1.0
0.848667,1.0
0.864408,1.0
0.879637,1.0
0.839443,1.0
0.825383,1.0
0.858434,1.0
0.870008,1.0
0.839922,1.0
0.512322,0.0
0.886813,1.0
0.567635,1.0
0.583748,1.0
0.565943,1.0
0.566189,1.0
0.623246,1.0
0.624225,1.0
0.613958,1.0
0.600034,0.0
0.600243,1.0
0.609974,1.0
0.626198,1.0
0.58378,1.0
0.625192,0.0
0.609908,1.0
0.620582,1.0
0.623607,1.0
0.528827,1.0
0.622525,0.0
0.571333,1.0
0.619799,1.0
0.625644,1.0
0.613069,1.0
0.59762,1.0
0.620922,1.0
0.625898,1.0
0.567012,0.0
0.62544,1.0
0.622691,1.0
0.567163,1.0
0.621982,1.0
0.580747,1.0
0.569133,1.0
0.62336,1.0
0.568737,0.0
0.624695,1.0
0.621039,1.0
0.62418,1.0
0.610977,1.0
0.565369,1.0
0.600588,1.0
0.580275,1.0
0.625301,0.0
0.567241,1.0
0.623058,1.0
0.563317,1.0
0.567855,1.0
0.623412,1.0
0.569612,0.0
0.579703,1.0
0.623053,1.0
0.566261,1.0
0.621263,1.0
0.563943,0.0
0.581071,0.0
0.570394,0.0
0.570997,1.0
0.622838,1.0
0.558775,1.0
0.5683,0.0
0.566279,1.0
0.618078,1.0
0.622906,1.0
0.61014,1.0
0.620303,1.0
0.609807,1.0
0.614063,1.0
0.613575,1.0
0.595649,0.0
0.564454,1.0
0.595368,1.0
0.565169,0.0
0.565631,1.0
0.613579,1.0
0.567087,0.0
0.562338,1.0
0.622671,0.0
0.565507,1.0
0.612747,1.0
0.597559,1.0
0.624477,1.0
0.620331,0.0
0.6141,1.0
0.566209,1.0
0.565616,0.0
0.621203,0.0
0.567044,1.0
0.621649,0.0
0.565805,1.0
0.585046,0.0
0.567022,1.0
0.622074,1.0
0.623895,0.0
0.565926,0.0
0.621383,1.0
0.620608,1.0
0.623451,1.0
0.564448,1.0
0.623378,1.0
0.584948,1.0
0.567176,1.0
0.50369,1.0
0.540279,1.0
0.505061,1.0
0.504853,0.0
0.50196,1.0
0.493681,1.0
0.532406,1.0
0.534583,1.0
0.535535,0.0
0.533501,1.0
0.491864,1.0
0.540238,0.0
0.500433,0.0
0.533521,0.0
0.497571,1.0
0.495323,0.0
0.518995,1.0
0.499682,1.0
0.543445,1.0
0.50152,1.0
0.495579,1.0
0.53265,1.0
0.535969,0.0
0.497973,0.0
0.492862,1.0
0.506353,0.0
0.496998,0.0
0.49608,0.0
0.504016,1.0
0.501138,0.0
0.541184,1.0
0.502576,1.0
0.498185,1.0
0.507875,1.0
0.493469,1.0
0.500578,1.0
0.500135,0.0
0.533241,1.0
0.505611,1.0
0.535451,1.0
0.541085,1.0
0.495845,0.0
0.507403,1.0
0.495297,1.0
0.507398,1.0
0.503582,0.0
0.49597,1.0
0.504236,0.0
0.54129,0.0
0.497012,0.0
0.504857,0.0
0.498422,1.0
0.508807,1.0
0.539813,1.0
0.503527,0.0
0.504006,1.0
0.501305,1.0
0.510496,1.0
0.505153,0.0
0.504892,1.0
0.505142,1.0
0.496673,0.0
0.533453,1.0
0.498266,0.0
0.53355,0.0
0.532381,0.0
0.507037,1.0
0.536915,0.0
0.506318,0.0
0.538746,1.0
0.507679,1.0
0.505369,0.0
0.532386,1.0
0.50642,1.0
0.507942,0.0
0.501343,0.0
0.505429,1.0
0.53274,1.0
0.536088,0.0
0.492516,0.0
0.50117,0.0
0.53237,1.0
0.50484,1.0
0.507339,1.0
0.50404,0.0
0.504311,0.0
0.498149,0.0
0.505272,1.0
0.538937,0.0
0.504201,0.0
0.496387,1.0
0.49614,1.0
0.506933,0.0
0.497429,0.0
0.499934,1.0
0.495397,1.0
0.506259,0.0
0.498303,1.0
0.544698,1.0
0.504232,0.0
0.541165,1.0
0.541045,1.0
0.540524,1.0
0.536256,1.0
0.540155,1.0
0.54348,1.0
0.533098,1.0
0.536718,0.0
0.536938,0.0
0.533805,0.0
0.54479,1.0
0.54075,0.0
0.53798,0.0
0.533687,1.0
0.541065,0.0
0.539961,0.0
0.523694,0.0
0.542063,1.0
0.544685,0.0
0.540515,0.0
0.54231,0.0
0.533293,1.0
0.537378,0.0
0.538292,0.0
0.544574,1.0
0.536557,0.0
0.539259,0.0
0.539228,0.0
0.540972,1.0
0.538274,0.0
0.541947,1.0
0.541608,1.0
0.542802,1.0
0.540142,0.0
0.543794,0.0
0.541271,1.0
0.537436,0.0
0.533491,1.0
0.540334,0.0
0.537089,1.0
0.542156,1.0
0.5407,0.0
0.539417,0.0
0.542699,1.0
0.539487,0.0
0.537059,1.0
0.542914,1.0
0.537795,0.0
0.541874,0.0
0.539464,0.0
0.536287,0.0
0.54147,1.0
0.539743,0.0
0.540747,1.0
0.53816,0.0
0.541041,1.0
0.539971,0.0
0.537845,1.0
0.537305,0.0
0.54067,0.0
0.539206,1.0
0.539456,1.0
0.533783,0.0
0.537696,0.0
0.5337,0.0
0.533003,1.0
0.53641,1.0
0.535438,1.0
0.535434,0.0
0.536502,1.0
0.540292,0.0
0.53599,0.0
0.533071,1.0
0.540854,0.0
0.534425,1.0
0.53832,1.0
0.540366,1.0
0.53331,1.0
0.537514,1.0
0.540698,1.0
0.537232,0.0
0.533106,1.0
0.540623,1.0
0.540458,0.0
0.535149,0.0
0.536679,0.0
0.538301,1.0
0.540477,0.0
0.539808,0.0
0.536647,1.0
0.542048,1.0
0.543052,1.0
0.536164,0.0
0.538145,0.0
0.54096,1.0
0.542889,1.0
0.535431,0.0
0.542808,0.0
0.5392,0.0
0.5366,0.0
0.905019,1.0
0.443921,1.0
0.899291,1.0
0.901964,1.0
0.849061,1.0
0.880487,1.0
0.377412,1.0
0.399997,0.0
0.398554,0.0
0.375377,0.0
0.887027,1.0
0.432736,1.0
0.867258,1.0
0.376384,1.0
0.87021,1.0
0.882148,1.0
0.783749,1.0
0.865137,1.0
0.51818,1.0
0.857786,1.0
0.879404,0.0
0.378651,1.0
0.402994,0.0
0.873375,1.0
0.885124,1.0
0.906488,1.0
0.877978,1.0
0.878539,1.0
0.90338,1.0
0.863067,1.0
0.455177,1.0
0.909025,1.0
0.867482,1.0
0.897862,1.0
0.886,1.0
0.858523,1.0
0.863748,1.0
0.378493,0.0
0.900893,1.0
0.409322,0.0
0.463818,1.0
0.884477,1.0
0.892359,0.0
0.875225,1.0
0.893098,1.0
0.907426,1.0
0.875417,1.0
0.914782,1.0
0.45108,1.0
0.877242,0.0
0.905564,1.0
0.863935,1.0
0.894283,1.0
0.440328,1.0
0.917193,1.0
0.903711,0.0
0.8563,1.0
0.873987,1.0
0.911511,1.0
0.903904,1.0
0.835585,1.0
0.873982,1.0
0.375334,1.0
0.869674,1.0
0.370743,0.0
0.373239,0.0
0.820526,1.0
0.37777,1.0
0.899597,1.0
0.389261,1.0
0.899327,1.0
0.903504,0.0
0.377206,1.0
0.904458,1.0
0.888826,0.0
0.860848,1.0
0.897819,1.0
0.378483,0.0
0.409992,0.0
0.88498,1.0
0.864088,1.0
0.377652,1.0
0.900198,1.0
0.900823,1.0
0.849832,1.0
0.908166,1.0
0.869865,1.0
0.902204,1.0
0.422526,1.0
0.904659,1.0
0.871195,1.0
0.87737,1.0
0.903839,1.0
0.87246,1.0
0.858113,1.0
0.875669,1.0
0.899619,1.0
0.87175,1.0
0.383268,1.0
0.907754,1.0
0.512932,0.0
0.512932,1.0
0.512932,1.0
0.512932,0.0
0.512932,0.0
0.512932,0.0
0.512932,0.0
0.512932,1.0
0.512932,0.0
0.512932,1.0
0.512932,0.0
0.512932,0.0
0.512932,0.0
0.512932,1.0
0.512932,1.0
0.512932,0.0
0.512932,0.0
0.512932,0.0
0.512932,1.0
0.512932,1.0
0.512932,0.0
0.512932,1.0
0.512932,0.0
0.512932,1.0
0.512932,0.0
0.512932,0.0
0.512932,0.0
0.512932,0.0
0.512932,1.0
0.512932,1.0
0.512932,1.0
0.512932,0.0
0.512932,0.0
0.512932,0.0
0.512932,1.0
0.512932,1.0
0.512932,0.0
0.512932,0.0
0.512932,1.0
0.512932,0.0
0.512932,0.0
0.512932,0.0
0.512932,1.0
0.512932,0.0
0.512932,0.0
0.512932,0.0
0.512932,0.0
0.512932,1.0
0.512932,1.0
0.512932,1.0
0.512932,0.0
0.512932,0.0
0.512932,1.0
0.512932,0.0
0.512932,0.0
0.512932,1.0
0.512932,0.0
0.512932,1.0
0.512932,0.0
0.512932,0.0
0.512932,1.0
0.512932,0.0
0.512932,0.0
0.512932,1.0
0.512932,0.0
0.512932,0.0
0.512932,0.0
0.512932,0.0
0.512932,1.0
0.512932,0.0
0.512932,1.0
0.512932,0.0
0.512932,0.0
0.512932,0.0
0.512932,0.0
0.512932,1.0
0.512932,1.0
0.512932,0.0
0.512932,1.0
0.512932,1.0
0.512932,1.0
0.512932,0.0
0.512932,1.0
0.512932,0.0
0.512932,0.0
0.512932,1.0
0.512932,1.0
0.512932,1.0
0.512932,1.0
0.512932,0.0
0.512932,1.0
0.512932,0.0
0.512932,1.0
0.512932,0.0
0.512932,0.0
0.512932,0.0
0.512932,0.0
0.512932,1.0
0.512932,0.0
0.512932,0.0
0.493895,1.0
0.518569,1.0
0.518569,1.0
0.493895,1.0
0.493895,0.0
0.493895,0.0
0.493895,1.0
0.518569,1.0
0.493895,1.0
0.518569,1.0
0.493895,1.0
0.493895,1.0
0.493895,0.0
0.518569,1.0
0.518569,1.0
0.493895,1.0
0.493895,0.0
0.493895,0.0
0.518569,1.0
0.518569,1.0
0.493895,1.0
0.518569,1.0
0.493895,1.0
0.518569,1.0
0.493895,0.0
0.493895,0.0
0.493895,0.0
0.493895,1.0
0.518569,1.0
0.518569,1.0
0.518569,1.0
0.493895,1.0
0.493895,1.0
0.493895,0.0
0.518569,1.0
0.518569,1.0
0.493895,0.0
0.493895,1.0
0.518569,1.0
0.493895,0.0
0.493895,1.0
0.493895,1.0
0.518569,1.0
0.493895,0.0
0.493895,0.0
0.493895,0.0
0.493895,0.0
0.518569,1.0
0.518569,1.0
0.518569,1.0
0.493895,0.0
0.493895,0.0
0.518569,0.0
0.493895,1.0
0.493895,0.0
0.518569,1.0
0.493895,0.0
0.518569,1.0
0.493895,1.0
0.493895,0.0
0.518569,1.0
0.493895,0.0
0.493895,1.0
0.518569,0.0
0.493895,0.0
0.493895,0.0
0.493895,0.0
0.493895,0.0
0.518569,0.0
0.493895,0.0
0.518569,0.0
0.493895,0.0
0.493895,1.0
0.493895,0.0
0.493895,0.0
0.518569,1.0
0.518569,1.0
0.493895,0.0
0.518569,1.0
0.518569,0.0
0.518569,1.0
0.493895,1.0
0.518569,0.0
0.493895,1.0
0.493895,0.0
0.518569,0.0
0.518569,0.0
0.518569,1.0
0.518569,1.0
0.493895,1.0
0.518569,0.0
0.493895,1.0
0.518569,1.0
0.493895,1.0
0.493895,1.0
0.493895,1.0
0.493895,0.0
0.518569,0.0
0.493895,0.0
0.493895,1.0
0.511904,0.0
0.499922,1.0
0.499922,0.0
0.511904,1.0
0.532489,0.0
0.532489,1.0
0.511904,1.0
0.499922,1.0
0.511904,1.0
0.499922,0.0
0.511904,0.0
0.511904,1.0
0.532489,1.0
0.499922,1.0
0.499922,0.0
0.511904,0.0
0.532489,1.0
0.532489,1.0
0.499922,0.0
0.499922,0.0
0.511904,1.0
0.499922,0.0
0.511904,1.0
0.499922,0.0
0.532489,1.0
0.532489,0.0
0.532489,1.0
0.511904,1.0
0.499922,0.0
0.499922,1.0
0.499922,1.0
0.511904,1.0
0.511904,1.0
0.532489,1.0
0.499922,1.0
0.499922,0.0
0.532489,1.0
0.511904,0.0
0.499922,0.0
0.532489,1.0
0.511904,1.0
0.511904,1.0
0.499922,0.0
0.532489,0.0
0.532489,1.0
0.532489,1.0
0.532489,0.0
0.499922,0.0
0.499922,0.0
0.499922,1.0
0.532489,0.0
0.532489,1.0
0.521149,0.0
0.511904,0.0
0.532489,0.0
0.499922,1.0
0.532489,0.0
0.499922,1.0
0.511904,1.0
0.532489,0.0
0.499922,0.0
0.532489,0.0
0.511904,1.0
0.521149,1.0
0.532489,1.0
0.532489,1.0
0.532489,1.0
0.532489,0.0
0.521149,1.0
0.532489,0.0
0.521149,0.0
0.532489,1.0
0.511904,1.0
0.532489,1.0
0.532489,1.0
0.499922,1.0
0.499922,0.0
0.532489,1.0
0.499922,1.0
0.521149,1.0
0.499922,1.0
0.511904,1.0
0.521149,0.0
0.511904,1.0
0.532489,0.0
0.521149,1.0
0.521149,0.0
0.499922,1.0
0.499922,0.0
0.511904,0.0
0.521149,1.0
0.511904,0.0
0.499922,1.0
0.511904,0.0
0.511904,0.0
0.511904,0.0
0.532489,1.0
0.521149,1.0
0.532489,1.0
0.511904,1.0
0.580036,1.0
0.564084,1.0
0.581833,0.0
0.562203,1.0
0.576364,0.0
0.558531,1.0
0.562203,1.0
0.564084,1.0
0.562203,1.0
0.581833,1.0
0.580036,0.0
0.562203,1.0
0.558531,1.0
0.564084,0.0
0.581833,1.0
0.580036,0.0
0.558531,1.0
0.558531,1.0
0.581833,1.0
0.581833,0.0
0.562203,1.0
0.581833,1.0
0.562203,0.0
0.581833,0.0
0.558531,0.0
0.576364,1.0
0.558531,1.0
0.562203,0.0
0.581833,1.0
0.564084,0.0
0.564084,0.0
0.562203,0.0
0.562203,0.0
0.558531,0.0
0.564084,1.0
0.581833,1.0
0.558531,0.0
0.580036,0.0
0.581833,0.0
0.558531,0.0
0.562203,0.0
0.562203,0.0
0.581833,1.0
0.576364,0.0
0.558531,0.0
0.558531,1.0
0.576364,0.0
0.581833,1.0
0.581833,1.0
0.564084,1.0
0.576364,1.0
0.558531,1.0
0.578189,0.0
0.580036,1.0
0.576364,1.0
0.564084,1.0
0.576364,1.0
0.564084,1.0
0.562203,0.0
0.576364,1.0
0.581833,1.0
0.576364,1.0
0.562203,1.0
0.560397,0.0
0.558531,1.0
0.558531,0.0
0.558531,1.0
0.576364,1.0
0.560397,1.0
0.576364,0.0
0.578189,0.0
0.558531,1.0
0.562203,1.0
0.558531,1.0
0.558531,0.0
0.564084,1.0
0.581833,0.0
0.558531,1.0
0.564084,1.0
0.560397,1.0
0.564084,1.0
0.562203,0.0
0.578189,0.0
0.562203,1.0
0.576364,0.0
0.560397,0.0
0.578189,1.0
0.564084,1.0
0.581833,1.0
0.580036,1.0
0.560397,1.0
0.580036,1.0
0.564084,1.0
0.580036,0.0
0.580036,0.0
0.580036,1.0
0.558531,0.0
0.560397,1.0
0.558531,1.0
0.562203,1.0
0.543012,1.0
0.543453,0.0
0.541606,1.0
0.544438,1.0
0.543231,0.0
0.54565,1.0
0.544438,1.0
0.543453,0.0
0.544438,1.0
0.542573,0.0
0.542024,0.0
0.544438,1.0
0.54565,0.0
0.54289,1.0
0.542573,1.0
0.542024,0.0
0.54565,0.0
0.54565,1.0
0.542573,1.0
0.541606,1.0
0.544438,0.0
0.542573,1.0
0.543864,1.0
0.541606,1.0
0.545091,1.0
0.544227,0.0
0.54565,1.0
0.543864,1.0
0.542573,1.0
0.54289,0.0
0.54289,1.0
0.543864,1.0
0.543864,0.0
0.545091,1.0
0.543453,0.0
0.542573,1.0
0.545091,1.0
0.542024,1.0
0.541606,1.0
0.545091,0.0
0.543864,1.0
0.543864,1.0
0.542573,1.0
0.543231,1.0
0.545091,0.0
0.54565,1.0
0.543231,1.0
0.542573,0.0
0.542573,1.0
0.543453,1.0
0.544227,0.0
0.54565,1.0
0.542794,0.0
0.543012,0.0
0.544227,1.0
0.543453,1.0
0.544227,0.0
0.543453,0.0
0.543864,1.0
0.544227,1.0
0.542573,0.0
0.544227,0.0
0.544438,1.0
0.544127,1.0
0.54565,0.0
0.545091,1.0
0.54565,0.0
0.544227,1.0
0.544676,1.0
0.543231,1.0
0.542794,1.0
0.54565,0.0
0.544438,0.0
0.54565,0.0
0.545091,1.0
0.543453,1.0
0.541606,1.0
0.54565,1.0
0.543453,0.0
0.544676,1.0
0.543453,0.0
0.543864,1.0
0.542794,1.0
0.544438,0.0
0.543231,0.0
0.544127,0.0
0.543769,1.0
0.543453,1.0
0.542573,0.0
0.543012,1.0
0.544676,1.0
0.543012,0.0
0.543453,1.0
0.542024,0.0
0.542024,1.0
0.543012,1.0
0.545091,1.0
0.544676,1.0
0.54565,1.0
0.544438,1.0
0.591435,1.0
0.558431,1.0
0.59074,1.0
0.561874,0.0
0.592976,1.0
0.560573,1.0
0.561874,1.0
0.558431,1.0
0.561874,1.0
0.589411,1.0
0.592076,0.0
0.561874,0.0
0.557866,0.0
0.559573,1.0
0.589872,1.0
0.592076,0.0
0.557866,1.0
0.560573,1.0
0.589872,0.0
0.59074,1.0
0.559142,1.0
0.589872,1.0
0.560345,0.0
0.59074,1.0
0.559029,0.0
0.591923,1.0
0.560573,1.0
0.560345,0.0
0.589872,1.0
0.556741,1.0
0.559573,0.0
0.560345,0.0
0.557709,1.0
0.559029,1.0
0.558431,1.0
0.589872,1.0
0.559029,1.0
0.592366,0.0
0.59074,1.0
0.556417,1.0
0.560345,1.0
0.560345,0.0
0.589872,1.0
0.593204,0.0
0.556417,0.0
0.560573,1.0
0.593204,1.0
0.589411,1.0
0.589872,0.0
0.561355,1.0
0.591923,1.0
0.560573,1.0
0.591215,1.0
0.591082,1.0
0.592213,1.0
0.561355,1.0
0.591923,1.0
0.558431,1.0
0.560345,1.0
0.592213,1.0
0.589411,1.0
0.591923,1.0
0.561874,1.0
0.558238,1.0
0.557866,1.0
0.559029,1.0
0.557866,1.0
0.592213,1.0
0.560037,0.0
0.593204,0.0
0.591543,0.0
0.557866,1.0
0.559142,1.0
0.557866,0.0
0.559029,0.0
0.561355,1.0
0.59074,0.0
0.560573,1.0
0.558431,1.0
0.560037,1.0
0.558431,1.0
0.560345,0.0
0.591543,0.0
0.559142,1.0
0.592976,1.0
0.555428,0.0
0.590604,1.0
0.561355,1.0
0.589411,1.0
0.591435,1.0
0.560037,0.0
0.591082,0.0
0.561355,0.0
0.592076,1.0
0.592366,1.0
0.591435,1.0
0.559029,0.0
0.560037,1.0
0.560573,1.0
0.561874,1.0
0.579776,1.0
0.573481,1.0
0.579497,0.0
0.571217,1.0
0.579634,1.0
0.579548,1.0
0.578497,0.0
0.573481,0.0
0.578497,0.0
0.579382,1.0
0.577617,1.0
0.571217,0.0
0.569614,1.0
0.570444,1.0
0.579748,0.0
0.577617,1.0
0.576448,0.0
0.579548,1.0
0.577546,1.0
0.579497,0.0
0.57545,1.0
0.579748,1.0
0.565871,1.0
0.579497,0.0
0.56695,0.0
0.579737,1.0
0.579548,1.0
0.565871,1.0
0.579748,1.0
0.567784,1.0
0.562798,1.0
0.565871,0.0
0.570479,1.0
0.573831,1.0
0.573481,1.0
0.579748,1.0
0.573831,0.0
0.5777,0.0
0.579497,1.0
0.571381,0.0
0.572886,0.0
0.565871,1.0
0.579748,1.0
0.578072,1.0
0.564858,1.0
0.579548,1.0
0.57982,0.0
0.579382,0.0
0.577546,0.0
0.576764,1.0
0.579737,1.0
0.579548,1.0
0.579481,1.0
0.579481,0.0
0.579975,1.0
0.576764,0.0
0.579737,1.0
0.573481,0.0
0.572886,1.0
0.579975,0.0
0.579382,0.0
0.579737,1.0
0.578497,0.0
0.571417,0.0
0.576448,0.0
0.573831,0.0
0.576448,0.0
0.579975,1.0
0.570069,1.0
0.578072,0.0
0.577803,0.0
0.576448,0.0
0.57545,1.0
0.569614,1.0
0.56695,1.0
0.576764,1.0
0.577438,0.0
0.579548,1.0
0.573481,1.0
0.577822,1.0
0.573481,0.0
0.565871,0.0
0.577803,1.0
0.57545,1.0
0.579634,1.0
0.561555,1.0
0.579918,1.0
0.576764,0.0
0.579382,0.0
0.579776,1.0
0.570069,1.0
0.577627,1.0
0.568886,1.0
0.579351,1.0
0.579585,1.0
0.579776,1.0
0.56695,1.0
0.577822,0.0
0.579548,1.0
0.578497,0.0
0.595483,1.0
0.601051,1.0
0.559901,1.0
0.597994,1.0
0.594244,1.0
0.606585,1.0
0.539936,1.0
0.532637,0.0
0.539936,0.0
0.59543,1.0
0.593851,1.0
0.531644,0.0
0.596042,1.0
0.597795,1.0
0.559451,0.0
0.593851,1.0
0.539783,0.0
0.606585,1.0
0.595062,1.0
0.559901,1.0
0.602313,1.0
0.596012,1.0
0.592642,1.0
0.559901,0.0
0.529633,1.0
0.594632,1.0
0.606585,1.0
0.592642,1.0
0.596012,1.0
0.594747,0.0
0.589325,1.0
0.527268,0.0
0.597311,1.0
0.600596,1.0
0.601051,1.0
0.596012,0.0
0.536423,1.0
0.561027,0.0
0.595539,1.0
0.53565,0.0
0.534381,0.0
0.592642,1.0
0.596012,1.0
0.593989,1.0
0.591959,1.0
0.606585,0.0
0.561455,0.0
0.560131,1.0
0.559695,0.0
0.605081,0.0
0.594632,1.0
0.606585,1.0
0.594669,0.0
0.560889,1.0
0.595118,1.0
0.535311,1.0
0.594632,1.0
0.532637,0.0
0.599873,0.0
0.561044,1.0
0.560131,0.0
0.594632,1.0
0.539936,1.0
0.530408,1.0
0.539783,0.0
0.536423,0.0
0.539783,0.0
0.595118,1.0
0.597227,1.0
0.561849,1.0
0.561071,1.0
0.539783,1.0
0.602313,1.0
0.596042,1.0
0.593674,1.0
0.605081,1.0
0.560198,0.0
0.606585,1.0
0.601051,1.0
0.605941,1.0
0.532637,1.0
0.527268,1.0
0.594379,1.0
0.602313,1.0
0.594244,1.0
0.588303,1.0
0.595615,1.0
0.535311,0.0
0.560131,0.0
0.595483,1.0
0.597227,0.0
0.594202,1.0
0.596118,1.0
0.594554,1.0
0.595046,0.0
0.595483,1.0
0.593674,1.0
0.53747,0.0
0.606585,1.0
0.539936,1.0
0.576683,1.0
0.507342,1.0
0.590932,0.0
0.49585,0.0
0.584929,0.0
0.491219,0.0
0.504991,1.0
0.515851,1.0
0.50739,0.0
0.576532,1.0
0.585574,0.0
0.504281,1.0
0.482225,0.0
0.512742,1.0
0.599264,1.0
0.585574,0.0
0.493135,0.0
0.491219,0.0
0.576852,1.0
0.590932,1.0
0.49065,1.0
0.57293,0.0
0.492351,0.0
0.601719,1.0
0.493064,0.0
0.582929,0.0
0.491219,0.0
0.492351,0.0
0.57293,1.0
0.504696,1.0
0.509242,1.0
0.50142,0.0
0.488666,1.0
0.488334,0.0
0.507342,1.0
0.585245,1.0
0.494717,0.0
0.608486,1.0
0.575514,1.0
0.494506,0.0
0.503894,0.0
0.492351,1.0
0.57293,1.0
0.585634,0.0
0.483437,0.0
0.493164,1.0
0.607997,0.0
0.591886,1.0
0.603021,1.0
0.52009,1.0
0.582929,0.0
0.491219,0.0
0.594475,1.0
0.595001,0.0
0.579926,0.0
0.524859,1.0
0.582929,0.0
0.515851,1.0
0.497581,1.0
0.595016,0.0
0.602711,1.0
0.582929,1.0
0.504991,0.0
0.510417,1.0
0.493135,0.0
0.497327,0.0
0.493135,0.0
0.579926,0.0
0.505941,1.0
0.60024,0.0
0.597411,0.0
0.490502,0.0
0.49065,1.0
0.482225,0.0
0.48614,0.0
0.518202,1.0
0.605334,0.0
0.491219,0.0
0.507342,1.0
0.509584,1.0
0.513517,1.0
0.498888,0.0
0.582528,0.0
0.49065,1.0
0.584929,0.0
0.491365,0.0
0.576442,1.0
0.52723,0.0
0.602711,0.0
0.576683,1.0
0.508012,1.0
0.58356,0.0
0.514818,1.0
0.582047,0.0
0.591466,1.0
0.576683,0.0
0.48614,0.0
0.517907,0.0
0.491219,0.0
0.504991,1.0
0.391901,0.0
0.677226,1.0
0.419396,0.0
0.661434,1.0
0.412546,0.0
0.650181,1.0
0.696031,0.0
0.742874,0.0
0.722552,1.0
0.391787,1.0
0.411482,0.0
0.72399,1.0
0.621919,1.0
0.684337,1.0
0.385976,0.0
0.411482,0.0
0.683363,1.0
0.650181,1.0
0.390973,0.0
0.392792,0.0
0.640007,1.0
0.422098,0.0
0.651429,1.0
0.383815,0.0
0.670078,0.0
0.41383,0.0
0.650181,1.0
0.651429,1.0
0.394841,0.0
0.697632,1.0
0.685637,1.0
0.709965,1.0
0.625344,0.0
0.639069,1.0
0.677226,1.0
0.385759,1.0
0.674156,0.0
0.376846,0.0
0.39301,0.0
0.663854,0.0
0.713711,1.0
0.647098,1.0
0.394841,0.0
0.411332,1.0
0.604101,0.0
0.664377,0.0
0.403135,1.0
0.391459,0.0
0.381621,0.0
0.714585,1.0
0.41383,1.0
0.650181,1.0
0.378433,0.0
0.415109,0.0
0.416251,0.0
0.71799,1.0
0.41383,0.0
0.742874,0.0
0.671661,0.0
0.414984,0.0
0.382456,0.0
0.386812,0.0
0.695043,0.0
0.711443,1.0
0.683363,1.0
0.696282,1.0
0.683363,0.0
0.416251,0.0
0.680464,1.0
0.409609,0.0
0.41216,0.0
0.662711,0.0
0.640007,0.0
0.621919,0.0
0.634112,1.0
0.686909,1.0
0.405105,1.0
0.650181,1.0
0.677226,0.0
0.67959,0.0
0.712181,1.0
0.687357,0.0
0.413619,0.0
0.640007,1.0
0.412546,0.0
0.659572,1.0
0.391743,0.0
0.746432,1.0
0.407977,0.0
0.391901,1.0
0.707904,1.0
0.412782,0.0
0.688685,1.0
0.414952,1.0
0.381143,1.0
0.419081,0.0
0.634112,0.0
0.740394,1.0
0.650181,1.0
0.696031,0.0
0.327213,0.0
0.681149,1.0
0.346307,0.0
0.679746,1.0
0.338084,0.0
0.668629,1.0
0.676573,1.0
0.710478,0.0
0.739688,0.0
0.405839,0.0
0.33745,0.0
0.73631,1.0
0.644121,0.0
0.684411,1.0
0.335362,0.0
0.33745,0.0
0.73445,1.0
0.668629,1.0
0.326574,0.0
0.332831,0.0
0.662174,1.0
0.342383,0.0
0.67512,1.0
0.333982,0.0
0.663856,0.0
0.338561,0.0
0.668629,1.0
0.67512,1.0
0.328494,0.0
0.711113,0.0
0.688604,0.0
0.745664,1.0
0.593336,0.0
0.661313,1.0
0.681149,1.0
0.40946,1.0
0.664487,0.0
0.329419,1.0
0.32776,0.0
0.676781,1.0
0.742948,1.0
0.671618,1.0
0.328494,1.0
0.419704,0.0
0.551664,0.0
0.646568,0.0
0.424241,1.0
0.331966,0.0
0.332387,0.0
0.700974,1.0
0.421309,0.0
0.668629,1.0
0.326724,0.0
0.34374,0.0
0.339652,0.0
0.711286,1.0
0.338561,0.0
0.710478,0.0
0.658231,1.0
0.343639,1.0
0.333019,0.0
0.32493,0.0
0.679372,0.0
0.715778,0.0
0.73445,1.0
0.740037,1.0
0.691562,1.0
0.339652,0.0
0.683326,0.0
0.340549,0.0
0.341934,1.0
0.650781,0.0
0.609074,1.0
0.577629,1.0
0.658892,1.0
0.681621,1.0
0.425711,0.0
0.668629,1.0
0.644482,1.0
0.644837,1.0
0.713887,0.0
0.680649,0.0
0.338313,0.0
0.662174,1.0
0.338084,1.0
0.682095,1.0
0.327034,1.0
0.735681,1.0
0.345421,0.0
0.405982,1.0
0.708103,1.0
0.337935,0.0
0.685426,1.0
0.422121,1.0
0.406247,1.0
0.341007,0.0
0.59753,0.0
0.736894,1.0
0.668629,1.0
0.676573,0.0
0.278538,0.0
0.703816,0.0
0.285373,0.0
0.694667,1.0
0.280381,0.0
0.685612,1.0
0.731943,1.0
0.755778,0.0
0.737994,0.0
0.353625,0.0
0.280213,1.0
0.758144,1.0
0.61212,1.0
0.708791,0.0
0.2889,0.0
0.280213,0.0
0.748209,0.0
0.685612,1.0
0.278309,1.0
0.283442,1.0
0.686488,0.0
0.280655,0.0
0.694053,1.0
0.288305,0.0
0.685187,0.0
0.280342,1.0
0.685612,1.0
0.694053,0.0
0.278646,0.0
0.715981,0.0
0.686575,1.0
0.751416,1.0
0.574856,0.0
0.68225,1.0
0.703816,0.0
0.444733,0.0
0.683308,0.0
0.353397,0.0
0.278637,0.0
0.749531,0.0
0.751011,1.0
0.696043,1.0
0.344544,0.0
0.360658,1.0
0.477034,0.0
0.666172,0.0
0.456043,1.0
0.283117,0.0
0.287529,0.0
0.740795,1.0
0.361434,0.0
0.685612,1.0
0.283331,0.0
0.284616,0.0
0.280421,0.0
0.749934,1.0
0.280342,0.0
0.755778,0.0
0.720411,0.0
0.352977,1.0
0.287845,0.0
0.278262,0.0
0.697079,0.0
0.728459,0.0
0.748209,1.0
0.74917,1.0
0.751584,0.0
0.280421,0.0
0.678743,0.0
0.283711,0.0
0.352195,0.0
0.666494,1.0
0.659164,0.0
0.604572,0.0
0.682674,1.0
0.707941,0.0
0.372081,0.0
0.685612,1.0
0.697909,0.0
0.698287,1.0
0.728211,0.0
0.702285,0.0
0.280208,0.0
0.686488,1.0
0.347557,0.0
0.698974,1.0
0.344147,0.0
0.763707,1.0
0.289442,0.0
0.436144,0.0
0.7397,1.0
0.280178,0.0
0.711105,1.0
0.446748,0.0
0.442203,1.0
0.28057,0.0
0.572635,0.0
0.759512,1.0
0.685612,0.0
0.704881,0.0
0.622187,0.0
0.591011,1.0
0.621903,1.0
0.578807,1.0
0.622396,1.0
0.57853,1.0
0.558022,1.0
0.542218,1.0
0.53857,1.0
0.612765,1.0
0.610123,0.0
0.534047,0.0
0.564231,0.0
0.590934,0.0
0.620667,1.0
0.622393,0.0
0.538062,1.0
0.57853,1.0
0.609918,0.0
0.609148,1.0
0.584409,1.0
0.622557,1.0
0.573991,0.0
0.620707,1.0
0.562663,0.0
0.610159,0.0
0.57853,0.0
0.581437,1.0
0.622229,1.0
0.556195,0.0
0.580516,0.0
0.531731,0.0
0.580871,0.0
0.573556,1.0
0.591011,1.0
0.59314,1.0
0.568531,0.0
0.607995,0.0
0.622196,0.0
0.540691,0.0
0.532492,1.0
0.574586,1.0
0.609723,1.0
0.59763,1.0
0.597006,0.0
0.57479,0.0
0.573889,1.0
0.62159,1.0
0.620769,1.0
0.553816,1.0
0.612137,1.0
0.57853,1.0
0.621266,0.0
0.621909,1.0
0.622465,1.0
0.547246,1.0
0.622426,1.0
0.542218,1.0
0.566288,0.0
0.594103,0.0
0.620743,1.0
0.622127,1.0
0.574295,0.0
0.554312,1.0
0.532714,1.0
0.532319,0.0
0.541846,1.0
0.622465,1.0
0.590108,1.0
0.621911,0.0
0.608921,0.0
0.558903,1.0
0.582638,1.0
0.574178,0.0
0.569259,0.0
0.59428,1.0
0.610102,0.0
0.57853,1.0
0.592719,0.0
0.58833,1.0
0.556277,1.0
0.561714,0.0
0.622436,0.0
0.577301,1.0
0.609638,1.0
0.573421,0.0
0.609729,1.0
0.536087,1.0
0.62107,1.0
0.595163,1.0
0.547225,0.0
0.622423,0.0
0.583763,0.0
0.593522,1.0
0.576614,0.0
0.622505,1.0
0.578715,1.0
0.535133,1.0
0.585061,0.0
0.57194,1.0
0.528981,1.0
0.523631,0.0
0.530106,1.0
0.524265,1.0
0.529988,0.0
0.526442,0.0
0.51637,1.0
0.516204,0.0
0.517537,0.0
0.532612,1.0
0.531745,0.0
0.518377,0.0
0.540781,0.0
0.523343,1.0
0.530406,1.0
0.528934,0.0
0.517269,0.0
0.526442,1.0
0.531778,1.0
0.533013,1.0
0.528585,0.0
0.529946,1.0
0.524902,0.0
0.530395,1.0
0.524628,0.0
0.531737,0.0
0.527,0.0
0.526866,1.0
0.530024,0.0
0.517192,0.0
0.523335,0.0
0.519008,0.0
0.563733,0.0
0.527352,0.0
0.523631,0.0
0.539019,0.0
0.525909,0.0
0.532987,1.0
0.528979,1.0
0.518602,0.0
0.517629,1.0
0.523845,1.0
0.533578,0.0
0.536273,0.0
0.535899,0.0
0.530523,1.0
0.541287,0.0
0.530182,0.0
0.530379,0.0
0.514105,1.0
0.532767,0.0
0.526442,1.0
0.529201,0.0
0.530105,0.0
0.52997,0.0
0.51369,0.0
0.52998,0.0
0.516204,1.0
0.520831,0.0
0.535936,1.0
0.530386,1.0
0.530049,0.0
0.523341,1.0
0.515552,1.0
0.517068,0.0
0.518523,1.0
0.517042,0.0
0.52997,0.0
0.525844,0.0
0.529049,0.0
0.532727,1.0
0.526212,0.0
0.539152,0.0
0.561851,0.0
0.527483,1.0
0.522883,1.0
0.532236,1.0
0.526442,1.0
0.527234,1.0
0.524687,1.0
0.515514,1.0
0.520878,0.0
0.528923,0.0
0.525902,0.0
0.533608,1.0
0.523676,1.0
0.533577,1.0
0.516584,1.0
0.530304,0.0
0.538343,1.0
0.514866,1.0
0.528926,0.0
0.521546,1.0
0.538884,1.0
0.540004,0.0
0.52996,0.0
0.564779,1.0
0.516802,1.0
0.529809,0.0
0.521411,0.0
0.335047,0.0
0.673885,1.0
0.337307,0.0
0.677718,1.0
0.331972,0.0
0.677957,1.0
0.716842,1.0
0.73471,0.0
0.747491,1.0
0.344542,0.0
0.365194,0.0
0.742861,1.0
0.660653,1.0
0.674814,1.0
0.34004,0.0
0.328736,0.0
0.744853,1.0
0.675104,1.0
0.3721,0.0
0.378085,0.0
0.66942,1.0
0.336714,0.0
0.687499,1.0
0.340089,0.0
0.712781,1.0
0.365036,0.0
0.680667,1.0
0.671306,1.0
0.332946,0.0
0.733083,1.0
0.687209,1.0
0.748077,1.0
0.467003,0.0
0.679429,1.0
0.673885,0.0
0.380416,1.0
0.703657,0.0
0.355449,0.0
0.334994,0.0
0.738547,1.0
0.743765,1.0
0.6809,1.0
0.351336,0.0
0.391145,1.0
0.301438,0.0
0.682768,1.0
0.509796,1.0
0.333578,0.0
0.334756,0.0
0.720717,1.0
0.33811,1.0
0.675104,1.0
0.331052,0.0
0.332189,0.0
0.331752,1.0
0.729766,1.0
0.331893,0.0
0.731843,1.0
0.713564,1.0
0.409604,0.0
0.340112,1.0
0.333363,0.0
0.699889,1.0
0.729355,0.0
0.744089,1.0
0.743562,1.0
0.736908,1.0
0.331752,0.0
0.673057,0.0
0.329119,0.0
0.352553,0.0
0.703476,0.0
0.656101,1.0
0.464886,0.0
0.683081,1.0
0.669478,1.0
0.342414,0.0
0.675104,1.0
0.666319,0.0
0.668871,1.0
0.727123,1.0
0.722859,0.0
0.328615,0.0
0.679056,1.0
0.356177,1.0
0.686003,1.0
0.357067,0.0
0.735884,1.0
0.333277,1.0
0.379562,1.0
0.729807,1.0
0.328661,1.0
0.679187,1.0
0.38108,1.0
0.486089,1.0
0.331588,1.0
0.423859,0.0
0.73842,1.0
0.671256,1.0
0.705324,0.0
0.307247,0.0
0.729458,1.0
0.308656,0.0
0.723172,1.0
0.305263,0.0
0.717743,1.0
0.78679,1.0
0.796321,0.0
0.788942,0.0
0.310778,0.0
0.321008,1.0
0.796445,1.0
0.686025,1.0
0.730605,0.0
0.30999,0.0
0.303313,0.0
0.790938,1.0
0.715808,1.0
0.326512,0.0
0.330402,1.0
0.715023,1.0
0.308448,0.0
0.724841,1.0
0.310028,0.0
0.761032,0.0
0.32092,0.0
0.716057,1.0
0.718995,0.0
0.305769,0.0
0.782517,1.0
0.731627,0.0
0.790978,1.0
0.331375,0.0
0.716194,1.0
0.716427,1.0
0.402593,1.0
0.735777,0.0
0.315787,1.0
0.307219,0.0
0.792927,0.0
0.789831,1.0
0.726615,1.0
0.313065,0.0
0.413459,0.0
0.283063,0.0
0.723939,1.0
0.536264,1.0
0.305984,0.0
0.30647,0.0
0.793971,1.0
0.376623,0.0
0.715808,1.0
0.304348,0.0
0.305284,0.0
0.374532,0.0
0.801398,1.0
0.305226,0.0
0.800076,0.0
0.772986,0.0
0.348076,0.0
0.380791,0.0
0.305977,0.0
0.752096,1.0
0.780857,0.0
0.79319,1.0
0.789118,1.0
0.79558,0.0
0.305157,0.0
0.707494,0.0
0.303422,0.0
0.314253,0.0
0.727516,0.0
0.688709,0.0
0.322259,0.0
0.714576,1.0
0.730836,1.0
0.30871,0.0
0.715808,1.0
0.703163,0.0
0.724309,0.0
0.788168,0.0
0.763318,0.0
0.303256,1.0
0.719945,1.0
0.390248,0.0
0.727184,1.0
0.317402,1.0
0.798979,1.0
0.375335,0.0
0.404283,0.0
0.79122,1.0
0.372074,1.0
0.738095,1.0
0.404894,1.0
0.50588,0.0
0.374423,1.0
0.304259,1.0
0.795993,1.0
0.711208,1.0
0.752882,0.0
0.577671,0.0
0.714889,1.0
0.57771,0.0
0.711907,0.0
0.577668,1.0
0.717141,1.0
0.415375,1.0
0.366128,0.0
0.364594,0.0
0.57796,1.0
0.577012,1.0
0.3603,0.0
0.691228,1.0
0.710529,1.0
0.577745,0.0
0.57763,0.0
0.364061,0.0
0.717684,1.0
0.578169,1.0
0.576752,0.0
0.71301,1.0
0.577694,1.0
0.694792,1.0
0.577744,1.0
0.480641,1.0
0.578157,1.0
0.715128,1.0
0.710738,1.0
0.577675,1.0
0.40079,1.0
0.696675,1.0
0.359641,0.0
0.580937,1.0
0.710837,0.0
0.716524,1.0
0.573206,1.0
0.57096,0.0
0.577148,0.0
0.577671,1.0
0.368015,0.0
0.360333,0.0
0.695107,1.0
0.578089,1.0
0.579495,1.0
0.577864,1.0
0.638193,1.0
0.567444,0.0
0.577691,0.0
0.577712,0.0
0.400219,0.0
0.578569,1.0
0.717684,1.0
0.577662,0.0
0.577679,1.0
0.578303,0.0
0.380765,0.0
0.577667,1.0
0.364577,0.0
0.461413,1.0
0.578804,1.0
0.578545,0.0
0.577678,1.0
0.539907,0.0
0.396399,0.0
0.363266,0.0
0.360971,0.0
0.369402,0.0
0.577665,0.0
0.71775,1.0
0.577642,0.0
0.57808,0.0
0.603787,0.0
0.702758,0.0
0.581407,1.0
0.698542,1.0
0.717582,0.0
0.577983,0.0
0.717684,0.0
0.717254,1.0
0.720853,1.0
0.396713,0.0
0.447307,0.0
0.576946,1.0
0.710808,1.0
0.578973,1.0
0.687483,1.0
0.577075,0.0
0.361361,0.0
0.578342,0.0
0.579525,0.0
0.387357,1.0
0.573021,0.0
0.693138,1.0
0.573253,1.0
0.57842,1.0
0.572998,1.0
0.582079,0.0
0.361533,0.0
0.715474,1.0
0.538862,0.0
0.304889,0.0
0.733236,1.0
0.305052,1.0
0.708189,1.0
0.318832,1.0
0.721165,1.0
0.795999,1.0
0.79527,1.0
0.7769,1.0
0.318753,0.0
0.387156,1.0
0.788153,1.0
0.693018,1.0
0.728185,1.0
0.305103,0.0
0.304349,1.0
0.783276,1.0
0.719467,1.0
0.320267,1.0
0.374611,1.0
0.718706,1.0
0.319387,1.0
0.726206,1.0
0.319423,0.0
0.769242,1.0
0.319046,1.0
0.719436,1.0
0.717488,1.0
0.318869,0.0
0.790246,1.0
0.72765,1.0
0.782736,1.0
0.281166,1.0
0.700865,1.0
0.733472,1.0
0.462444,1.0
0.746873,1.0
0.369674,0.0
0.319178,0.0
0.781489,0.0
0.781427,0.0
0.728378,1.0
0.318302,1.0
0.372412,1.0
0.314615,0.0
0.727687,1.0
0.604603,1.0
0.304565,0.0
0.304544,1.0
0.789564,1.0
0.360589,0.0
0.719467,1.0
0.30435,0.0
0.318793,0.0
0.345232,0.0
0.794673,1.0
0.318831,1.0
0.787559,1.0
0.780015,1.0
0.321492,0.0
0.347278,0.0
0.318881,1.0
0.759489,0.0
0.783382,1.0
0.785278,1.0
0.780838,1.0
0.784042,1.0
0.30456,0.0
0.72023,0.0
0.304319,0.0
0.304381,0.0
0.734852,1.0
0.675176,1.0
0.279827,1.0
0.716616,1.0
0.71607,1.0
0.30396,0.0
0.700505,1.0
0.71604,1.0
0.723606,1.0
0.77907,1.0
0.772606,1.0
0.383514,0.0
0.723056,1.0
0.365293,0.0
0.72809,1.0
0.37045,0.0
0.790315,1.0
0.345377,0.0
0.352974,1.0
0.796582,1.0
0.430857,1.0
0.739768,1.0
0.464922,1.0
0.441741,1.0
0.44788,1.0
0.335331,0.0
0.787442,1.0
0.715067,1.0
0.765052,0.0
0.5361,1.0
0.526973,0.0
0.52971,1.0
0.523607,1.0
0.531216,0.0
0.525559,0.0
0.523965,1.0
0.526155,0.0
0.52401,0.0
0.537399,0.0
0.535146,0.0
0.525727,0.0
0.526632,0.0
0.526553,1.0
0.536119,1.0
0.529656,0.0
0.524847,1.0
0.525429,1.0
0.53136,1.0
0.533904,1.0
0.526081,1.0
0.53126,1.0
0.525636,1.0
0.537429,1.0
0.519439,1.0
0.531271,0.0
0.525307,0.0
0.526054,1.0
0.537384,1.0
0.523593,0.0
0.526227,1.0
0.52508,0.0
0.528961,0.0
0.523382,0.0
0.527353,0.0
0.538919,1.0
0.517456,1.0
0.539472,1.0
0.537406,1.0
0.523151,0.0
0.523758,1.0
0.526155,1.0
0.531209,0.0
0.534769,1.0
0.537094,0.0
0.525646,1.0
0.537312,0.0
0.536079,1.0
0.529674,1.0
0.524181,1.0
0.539869,0.0
0.525429,1.0
0.536063,1.0
0.537379,1.0
0.538414,1.0
0.525559,1.0
0.531216,0.0
0.525315,1.0
0.520652,1.0
0.537659,1.0
0.538547,0.0
0.531221,1.0
0.517289,1.0
0.523479,0.0
0.525147,1.0
0.524742,1.0
0.524569,0.0
0.536077,1.0
0.526586,0.0
0.536059,1.0
0.536095,1.0
0.518062,0.0
0.527602,1.0
0.528868,0.0
0.525021,1.0
0.524955,1.0
0.536059,1.0
0.52341,1.0
0.52697,1.0
0.526395,1.0
0.522954,1.0
0.520694,1.0
0.540625,0.0
0.525808,0.0
0.540183,0.0
0.525655,0.0
0.539518,1.0
0.525993,1.0
0.538424,0.0
0.532814,1.0
0.524923,1.0
0.537109,1.0
0.527256,1.0
0.539036,0.0
0.539532,0.0
0.538109,1.0
0.537693,1.0
0.525622,1.0
0.525659,1.0
0.51825,1.0
0.63429,1.0
0.593849,1.0
0.595614,1.0
0.603246,1.0
0.591516,0.0
0.592005,0.0
0.66329,1.0
0.659751,1.0
0.660356,0.0
0.633373,1.0
0.562925,1.0
0.660449,1.0
0.587473,0.0
0.603318,1.0
0.634316,1.0
0.596565,1.0
0.669054,0.0
0.599803,0.0
0.590935,1.0
0.569079,1.0
0.600579,1.0
0.590677,1.0
0.602804,1.0
0.630916,1.0
0.654614,0.0
0.591966,0.0
0.592128,1.0
0.601555,1.0
0.630927,1.0
0.655597,1.0
0.604554,1.0
0.660616,0.0
0.606795,1.0
0.594675,0.0
0.594022,1.0
0.527651,1.0
0.646708,1.0
0.61619,1.0
0.630892,1.0
0.657933,0.0
0.66742,1.0
0.603803,1.0
0.591992,1.0
0.573694,1.0
0.633626,1.0
0.61306,0.0
0.563063,0.0
0.634335,1.0
0.595735,1.0
0.666444,1.0
0.624017,0.0
0.599803,0.0
0.634342,1.0
0.630933,1.0
0.625958,0.0
0.667815,1.0
0.591515,0.0
0.669186,1.0
0.657446,1.0
0.631671,0.0
0.627671,1.0
0.590788,0.0
0.64988,1.0
0.657924,1.0
0.66913,1.0
0.669357,0.0
0.659705,0.0
0.634312,1.0
0.594333,1.0
0.634324,0.0
0.634628,0.0
0.630609,0.0
0.599662,1.0
0.606939,0.0
0.601484,0.0
0.603844,1.0
0.634573,1.0
0.601093,1.0
0.602501,1.0
0.601612,0.0
0.666829,1.0
0.662446,1.0
0.613235,1.0
0.593335,1.0
0.623162,0.0
0.596028,1.0
0.615985,1.0
0.669363,1.0
0.628009,1.0
0.580768,1.0
0.666053,1.0
0.543859,1.0
0.604573,1.0
0.523048,1.0
0.542516,1.0
0.534941,1.0
0.626153,0.0
0.669294,0.0
0.599261,0.0
0.650484,0.0
0.604867,0.0
0.606636,1.0
0.594275,0.0
0.59886,0.0
0.588355,0.0
0.598961,1.0
0.546723,1.0
0.543581,1.0
0.533611,1.0
0.605787,1.0
0.588719,0.0
0.541989,0.0
0.592239,0.0
0.606017,0.0
0.604883,1.0
0.594989,0.0
0.536481,1.0
0.598986,0.0
0.594398,0.0
0.58702,0.0
0.603444,1.0
0.594241,1.0
0.603735,0.0
0.605117,0.0
0.536742,0.0
0.588544,1.0
0.602628,0.0
0.603366,0.0
0.605095,1.0
0.544634,1.0
0.605175,0.0
0.536046,0.0
0.597902,1.0
0.592598,0.0
0.60698,1.0
0.576589,0.0
0.536548,1.0
0.60248,0.0
0.605099,0.0
0.533142,0.0
0.53862,0.0
0.604807,0.0
0.595112,1.0
0.591269,0.0
0.605674,0.0
0.594094,0.0
0.528938,1.0
0.604867,1.0
0.594293,0.0
0.542567,1.0
0.599444,1.0
0.598986,1.0
0.604861,0.0
0.605093,1.0
0.598143,1.0
0.544133,1.0
0.588355,1.0
0.54164,0.0
0.54295,0.0
0.599537,0.0
0.604802,1.0
0.587542,1.0
0.535547,1.0
0.53988,0.0
0.541367,1.0
0.535848,0.0
0.535649,1.0
0.604861,1.0
0.604428,0.0
0.598945,0.0
0.599043,0.0
0.536386,1.0
0.596053,1.0
0.59145,0.0
0.597694,0.0
0.602125,1.0
0.604912,0.0
0.5978,1.0
0.60458,0.0
0.600962,1.0
0.538949,1.0
0.537419,1.0
0.603811,1.0
0.603767,1.0
0.599459,0.0
0.603491,0.0
0.602455,0.0
0.54309,1.0
0.604814,1.0
0.591054,1.0
0.546687,0.0
0.575494,0.0
0.607244,0.0
0.576132,1.0
0.585504,1.0
0.579164,1.0
0.597878,0.0
0.537899,0.0
0.598174,0.0
0.533371,1.0
0.336774,0.0
0.702411,1.0
0.370283,1.0
0.666347,1.0
0.379716,0.0
0.709949,1.0
0.775456,1.0
0.75852,0.0
0.758384,1.0
0.336457,0.0
0.382581,1.0
0.75107,1.0
0.684728,1.0
0.695158,1.0
0.340322,0.0
0.364777,0.0
0.769285,1.0
0.707907,1.0
0.368792,1.0
0.398779,0.0
0.689743,0.0
0.373315,0.0
0.692637,1.0
0.335442,0.0
0.773725,0.0
0.383032,0.0
0.68581,1.0
0.685229,1.0
0.339107,1.0
0.765938,1.0
0.69347,0.0
0.764935,1.0
0.359677,0.0
0.678991,1.0
0.703514,0.0
0.448543,1.0
0.732236,0.0
0.341694,0.0
0.335499,0.0
0.756413,0.0
0.740328,1.0
0.695181,1.0
0.367217,0.0
0.377891,1.0
0.33333,0.0
0.713501,1.0
0.739727,1.0
0.34038,1.0
0.370231,0.0
0.757845,1.0
0.351124,1.0
0.709978,1.0
0.336806,1.0
0.339114,0.0
0.356447,0.0
0.762191,1.0
0.383672,1.0
0.751548,1.0
0.762062,0.0
0.349384,0.0
0.338486,1.0
0.389473,0.0
0.73274,0.0
0.74669,0.0
0.751702,1.0
0.765555,1.0
0.766229,1.0
0.340398,0.0
0.681571,0.0
0.351615,0.0
0.351361,0.0
0.740289,0.0
0.651877,0.0
0.371483,0.0
0.703806,1.0
0.676998,0.0
0.336672,0.0
0.66265,1.0
0.686188,0.0
0.71387,1.0
0.745341,0.0
0.743182,0.0
0.338925,0.0
0.691424,1.0
0.347149,0.0
0.692298,1.0
0.341741,0.0
0.756722,0.0
0.338514,0.0
0.385163,0.0
0.772805,1.0
0.465804,0.0
0.70677,1.0
0.441196,1.0
0.392626,1.0
0.437154,1.0
0.353584,0.0
0.772309,1.0
0.704298,0.0
0.757535,0.0
0.633602,1.0
0.592305,1.0
0.604466,1.0
0.593165,1.0
0.612968,0.0
0.590225,0.0
0.659014,1.0
0.673776,0.0
0.66053,0.0
0.632936,1.0
0.59758,1.0
0.661564,1.0
0.589529,0.0
0.593453,1.0
0.631133,1.0
0.620288,0.0
0.660374,0.0
0.590655,1.0
0.605287,1.0
0.60209,1.0
0.606545,1.0
0.614853,1.0
0.592995,0.0
0.634213,1.0
0.666974,0.0
0.610027,0.0
0.591396,0.0
0.592706,0.0
0.620089,1.0
0.6597,1.0
0.608432,0.0
0.661056,0.0
0.621821,1.0
0.592052,0.0
0.60649,1.0
0.553727,1.0
0.664413,0.0
0.631375,1.0
0.634187,1.0
0.673506,0.0
0.661179,0.0
0.593587,1.0
0.618043,1.0
0.600153,0.0
0.635179,0.0
0.599262,0.0
0.640692,1.0
0.619449,1.0
0.617483,1.0
0.660269,1.0
0.613826,0.0
0.590376,0.0
0.622312,0.0
0.631693,1.0
0.623466,0.0
0.660719,0.0
0.595813,0.0
0.661437,1.0
0.669802,1.0
0.627765,0.0
0.620452,1.0
0.606479,0.0
0.667465,1.0
0.673815,1.0
0.660973,1.0
0.66095,0.0
0.660281,0.0
0.631098,0.0
0.608715,1.0
0.626714,0.0
0.626833,0.0
0.656548,0.0
0.608987,1.0
0.617115,0.0
0.591595,0.0
0.608714,1.0
0.633648,1.0
0.591891,1.0
0.608029,1.0
0.591313,0.0
0.673457,1.0
0.671944,1.0
0.631848,1.0
0.591891,0.0
0.628875,0.0
0.593589,1.0
0.631354,1.0
0.673939,1.0
0.632002,1.0
0.608543,1.0
0.660372,0.0
0.558946,0.0
0.594017,1.0
0.558,1.0
0.590358,0.0
0.560621,1.0
0.625816,1.0
0.660811,0.0
0.604532,0.0
0.666382,0.0
0.532926,1.0
0.512003,0.0
0.536781,1.0
0.517651,0.0
0.535148,0.0
0.511012,0.0
0.513117,0.0
0.51687,0.0
0.516114,0.0
0.533085,0.0
0.537218,0.0
0.517619,0.0
0.515059,0.0
0.513298,0.0
0.533225,1.0
0.534827,0.0
0.514474,0.0
0.510449,1.0
0.536716,1.0
0.535086,0.0
0.514639,0.0
0.534349,1.0
0.514023,1.0
0.532874,1.0
0.512225,1.0
0.535612,0.0
0.514596,0.0
0.515176,1.0
0.535754,1.0
0.514643,0.0
0.515146,0.0
0.515169,0.0
0.533861,0.0
0.515839,1.0
0.512769,0.0
0.540561,0.0
0.516795,0.0
0.533048,1.0
0.532876,1.0
0.516808,0.0
0.518943,1.0
0.51323,1.0
0.534101,0.0
0.539192,0.0
0.533736,1.0
0.51282,1.0
0.510846,0.0
0.535803,0.0
0.53401,1.0
0.516092,1.0
0.538234,0.0
0.511086,0.0
0.537489,0.0
0.533175,0.0
0.534714,0.0
0.515547,0.0
0.539612,0.0
0.51747,0.0
0.514726,0.0
0.534218,0.0
0.53572,0.0
0.535901,0.0
0.518146,0.0
0.518351,1.0
0.517487,0.0
0.515031,0.0
0.514883,0.0
0.534227,1.0
0.516335,0.0
0.534308,0.0
0.5343,0.0
0.512732,1.0
0.520748,0.0
0.534914,0.0
0.512016,1.0
0.517172,1.0
0.532923,0.0
0.517984,0.0
0.515532,0.0
0.510985,1.0
0.518593,0.0
0.518239,0.0
0.53312,0.0
0.514109,0.0
0.5341,0.0
0.513645,0.0
0.533049,1.0
0.517421,0.0
0.533144,0.0
0.534814,1.0
0.513729,1.0
0.54075,0.0
0.511739,1.0
0.540389,0.0
0.540022,0.0
0.540254,0.0
0.533376,1.0
0.514107,1.0
0.51289,1.0
0.514108,0.0
0.581266,1.0
0.734163,1.0
0.580128,0.0
0.733161,1.0
0.580246,1.0
0.736004,1.0
0.360431,1.0
0.352466,0.0
0.353808,0.0
0.578878,1.0
0.577902,1.0
0.353791,0.0
0.734511,1.0
0.733621,1.0
0.581273,0.0
0.579919,1.0
0.355778,0.0
0.730759,1.0
0.58018,1.0
0.579615,0.0
0.734359,1.0
0.581718,1.0
0.72991,1.0
0.581274,0.0
0.357002,1.0
0.580283,1.0
0.736123,1.0
0.730885,1.0
0.579972,1.0
0.358379,1.0
0.734001,1.0
0.354906,0.0
0.579164,1.0
0.730283,1.0
0.734098,1.0
0.577392,1.0
0.366112,1.0
0.581367,0.0
0.581274,1.0
0.352635,1.0
0.34256,1.0
0.728307,1.0
0.579284,1.0
0.57923,1.0
0.581906,1.0
0.715466,1.0
0.380844,1.0
0.577539,0.0
0.581677,1.0
0.349194,0.0
0.579151,1.0
0.735961,1.0
0.578847,0.0
0.578914,0.0
0.579891,1.0
0.354842,1.0
0.579404,1.0
0.353955,0.0
0.36103,1.0
0.579808,1.0
0.577557,0.0
0.580363,1.0
0.360821,0.0
0.345835,1.0
0.354008,0.0
0.355095,0.0
0.355285,1.0
0.581968,1.0
0.733616,1.0
0.579813,1.0
0.57981,0.0
0.379732,1.0
0.731328,1.0
0.580111,1.0
0.730628,1.0
0.729019,1.0
0.578897,0.0
0.734363,1.0
0.733864,1.0
0.731358,1.0
0.353033,1.0
0.354665,1.0
0.578966,1.0
0.735679,1.0
0.579804,1.0
0.732098,1.0
0.581369,0.0
0.353849,1.0
0.578906,1.0
0.581831,1.0
0.35014,1.0
0.580438,1.0
0.727432,1.0
0.577694,1.0
0.579375,1.0
0.577715,0.0
0.581576,1.0
0.348987,0.0
0.731518,1.0
0.364505,0.0
0.612306,1.0
0.595953,1.0
0.58945,1.0
0.599012,1.0
0.608339,0.0
0.595139,0.0
0.660725,1.0
0.662884,1.0
0.662302,0.0
0.614639,1.0
0.580597,1.0
0.661856,1.0
0.596532,1.0
0.597149,1.0
0.623567,1.0
0.607275,1.0
0.661136,1.0
0.594252,1.0
0.578601,1.0
0.625956,1.0
0.59808,0.0
0.610948,1.0
0.597428,0.0
0.624546,1.0
0.662242,0.0
0.607293,0.0
0.59706,0.0
0.598041,1.0
0.581851,1.0
0.66255,1.0
0.598938,1.0
0.661708,0.0
0.614223,1.0
0.597834,1.0
0.597294,1.0
0.561136,1.0
0.662922,1.0
0.624596,1.0
0.612443,1.0
0.665831,0.0
0.666451,1.0
0.596955,0.0
0.614251,1.0
0.571907,0.0
0.604564,1.0
0.599692,0.0
0.65961,0.0
0.596633,1.0
0.611736,1.0
0.661002,1.0
0.575789,1.0
0.595245,0.0
0.58979,1.0
0.626626,0.0
0.607151,0.0
0.665097,1.0
0.570781,1.0
0.661699,1.0
0.662653,1.0
0.608027,0.0
0.597229,1.0
0.607096,0.0
0.661547,1.0
0.665753,1.0
0.661738,1.0
0.661591,0.0
0.664498,0.0
0.603544,0.0
0.600196,1.0
0.607887,0.0
0.620026,0.0
0.658619,0.0
0.601494,1.0
0.60811,0.0
0.596068,0.0
0.599655,1.0
0.627297,1.0
0.598815,0.0
0.599478,1.0
0.595865,0.0
0.665823,1.0
0.665396,1.0
0.614946,1.0
0.597262,1.0
0.608264,0.0
0.597004,1.0
0.624599,1.0
0.664963,1.0
0.614644,1.0
0.610466,1.0
0.66392,1.0
0.597095,0.0
0.596007,1.0
0.563029,1.0
0.568435,1.0
0.573666,1.0
0.612753,0.0
0.660898,0.0
0.596731,1.0
0.660385,0.0
0.604767,1.0
0.609824,1.0
0.595553,1.0
0.613406,1.0
0.581809,0.0
0.589356,0.0
0.677734,1.0
0.689886,1.0
0.667059,0.0
0.606696,1.0
0.583923,1.0
0.688966,1.0
0.610848,0.0
0.611037,1.0
0.617297,1.0
0.602933,0.0
0.688899,0.0
0.608268,0.0
0.580808,1.0
0.619717,1.0
0.590979,1.0
0.604324,1.0
0.591135,0.0
0.61782,1.0
0.659095,0.0
0.581208,0.0
0.590295,0.0
0.612909,0.0
0.582945,1.0
0.679246,1.0
0.613697,1.0
0.667076,0.0
0.606706,1.0
0.612965,0.0
0.610572,1.0
0.56969,1.0
0.681565,0.0
0.61791,1.0
0.604849,1.0
0.661076,0.0
0.684182,1.0
0.59107,1.0
0.606822,1.0
0.555288,0.0
0.600109,0.0
0.593635,0.0
0.655304,0.0
0.601291,1.0
0.604778,1.0
0.688568,1.0
0.582006,1.0
0.589487,0.0
0.598494,0.0
0.599094,0.0
0.580616,0.0
0.682325,1.0
0.578988,1.0
0.688884,1.0
0.679608,0.0
0.581068,0.0
0.601675,0.0
0.581205,1.0
0.688573,1.0
0.68272,1.0
0.688882,1.0
0.66704,1.0
0.66045,0.0
0.576924,0.0
0.613047,1.0
0.581003,0.0
0.595528,0.0
0.655779,0.0
0.615052,1.0
0.581502,0.0
0.590241,0.0
0.614063,1.0
0.619793,1.0
0.591427,1.0
0.612348,1.0
0.590288,0.0
0.682529,1.0
0.682245,0.0
0.606927,0.0
0.611955,1.0
0.581196,0.0
0.611179,1.0
0.617912,1.0
0.681571,0.0
0.606723,0.0
0.604158,1.0
0.681417,1.0
0.576183,0.0
0.610577,1.0
0.57126,0.0
0.577365,0.0
0.586807,1.0
0.583314,0.0
0.667091,0.0
0.611064,0.0
0.665621,0.0
0.58018,0.0
0.736369,1.0
0.576874,0.0
0.736885,1.0
0.581602,1.0
0.745122,1.0
0.334693,1.0
0.344953,0.0
0.355724,0.0
0.580093,1.0
0.581226,1.0
0.341288,0.0
0.743599,1.0
0.736248,1.0
0.57737,0.0
0.579943,1.0
0.355147,0.0
0.743715,1.0
0.581384,1.0
0.577527,0.0
0.736933,1.0
0.580265,1.0
0.744907,1.0
0.577361,0.0
0.355107,1.0
0.581649,1.0
0.745418,1.0
0.743796,1.0
0.581252,1.0
0.336255,1.0
0.736783,1.0
0.35469,0.0
0.580131,1.0
0.743746,1.0
0.73606,1.0
0.581831,1.0
0.36424,0.0
0.577375,0.0
0.580175,0.0
0.354736,1.0
0.345071,1.0
0.73657,1.0
0.580139,1.0
0.583039,1.0
0.580058,1.0
0.73979,1.0
0.36115,0.0
0.577123,1.0
0.580232,0.0
0.340994,0.0
0.58142,1.0
0.745083,1.0
0.577039,1.0
0.578118,1.0
0.581644,1.0
0.340419,1.0
0.581581,1.0
0.341159,0.0
0.353847,1.0
0.581602,1.0
0.576832,1.0
0.581869,1.0
0.348177,0.0
0.341148,0.0
0.341282,1.0
0.340262,0.0
0.352657,0.0
0.581845,1.0
0.735788,1.0
0.581607,0.0
0.57831,0.0
0.368605,0.0
0.735499,0.0
0.581607,1.0
0.744924,1.0
0.736508,0.0
0.577391,0.0
0.737933,1.0
0.735939,1.0
0.744417,1.0
0.341079,0.0
0.355831,0.0
0.579581,1.0
0.737783,1.0
0.581591,1.0
0.736304,1.0
0.577375,1.0
0.352928,0.0
0.57959,0.0
0.580291,1.0
0.338945,0.0
0.582028,1.0
0.735589,1.0
0.581549,1.0
0.581351,0.0
0.576671,1.0
0.581401,1.0
0.354007,1.0
0.74395,1.0
0.358919,0.0
0.621862,1.0
0.592578,1.0
0.612059,1.0
0.595327,1.0
0.586318,0.0
0.593069,0.0
0.657907,1.0
0.66081,1.0
0.66173,1.0
0.61053,1.0
0.603923,1.0
0.660333,1.0
0.595256,0.0
0.593558,1.0
0.621881,1.0
0.59498,1.0
0.662323,0.0
0.593909,0.0
0.601779,1.0
0.623437,1.0
0.591951,1.0
0.609915,1.0
0.59511,0.0
0.622053,1.0
0.661654,0.0
0.586232,0.0
0.594613,0.0
0.596611,1.0
0.602327,1.0
0.659285,1.0
0.595587,1.0
0.661529,0.0
0.610711,1.0
0.596374,0.0
0.593244,1.0
0.5993,1.0
0.660603,0.0
0.622132,1.0
0.62188,1.0
0.663769,1.0
0.663459,1.0
0.59162,1.0
0.610807,1.0
0.578465,0.0
0.593388,1.0
0.596175,0.0
0.657006,0.0
0.603547,1.0
0.622119,1.0
0.660039,1.0
0.604587,0.0
0.593185,1.0
0.58801,0.0
0.587748,1.0
0.585764,0.0
0.662041,1.0
0.604129,0.0
0.660272,1.0
0.663191,1.0
0.585789,1.0
0.588116,1.0
0.602426,0.0
0.660309,1.0
0.659761,1.0
0.662981,0.0
0.658764,0.0
0.660024,0.0
0.584054,1.0
0.595364,1.0
0.59808,0.0
0.59899,0.0
0.659005,1.0
0.59238,1.0
0.586142,0.0
0.593951,0.0
0.592164,1.0
0.622994,1.0
0.593636,1.0
0.594774,1.0
0.593716,1.0
0.659714,1.0
0.661947,1.0
0.595536,1.0
0.594224,0.0
0.585803,0.0
0.593546,1.0
0.610256,1.0
0.661659,1.0
0.607706,0.0
0.609963,1.0
0.658632,0.0
0.586124,1.0
0.593007,1.0
0.583615,1.0
0.599987,0.0
0.597533,1.0
0.585798,0.0
0.66389,0.0
0.595613,0.0
0.661225,0.0
0.575003,0.0
0.735681,1.0
0.573853,0.0
0.737855,1.0
0.585771,1.0
0.745442,1.0
0.331259,1.0
0.335531,0.0
0.334267,0.0
0.583885,1.0
0.584459,0.0
0.331989,1.0
0.745682,1.0
0.73592,1.0
0.574279,1.0
0.585395,0.0
0.350674,0.0
0.74497,1.0
0.584629,1.0
0.574374,0.0
0.735362,1.0
0.583951,1.0
0.745887,1.0
0.574279,0.0
0.352977,1.0
0.585779,1.0
0.746234,1.0
0.739021,1.0
0.584584,1.0
0.332654,1.0
0.737621,1.0
0.348699,0.0
0.583875,1.0
0.745767,1.0
0.7355,1.0
0.584796,1.0
0.356042,0.0
0.574286,0.0
0.575002,0.0
0.338534,0.0
0.341635,0.0
0.73496,0.0
0.583868,1.0
0.586304,1.0
0.585525,1.0
0.742616,1.0
0.350142,0.0
0.58425,0.0
0.57503,0.0
0.33164,0.0
0.583961,0.0
0.737889,1.0
0.585383,1.0
0.585785,1.0
0.585813,1.0
0.336731,1.0
0.583998,1.0
0.331858,0.0
0.337907,1.0
0.586171,1.0
0.585733,0.0
0.584201,1.0
0.337302,0.0
0.3313,0.0
0.353434,0.0
0.3462,0.0
0.346511,0.0
0.586305,1.0
0.735894,1.0
0.575126,1.0
0.574337,1.0
0.338536,1.0
0.733009,1.0
0.585784,1.0
0.745577,1.0
0.733479,0.0
0.574315,0.0
0.737391,1.0
0.735898,1.0
0.737088,1.0
0.331232,0.0
0.335181,0.0
0.58533,1.0
0.745426,1.0
0.585808,0.0
0.736521,1.0
0.583671,0.0
0.332223,0.0
0.574765,0.0
0.58395,1.0
0.346282,0.0
0.58615,1.0
0.735265,1.0
0.586235,1.0
0.575172,1.0
0.584735,1.0
0.585806,0.0
0.353651,1.0
0.745636,1.0
0.351152,0.0
0.365766,0.0
0.591696,1.0
0.373074,1.0
0.630221,1.0
0.402562,0.0
0.622206,1.0
0.664413,1.0
0.702275,0.0
0.69405,1.0
0.382897,0.0
0.366807,1.0
0.692239,1.0
0.666463,1.0
0.597605,1.0
0.384754,1.0
0.369352,0.0
0.720003,0.0
0.62211,1.0
0.383842,0.0
0.3679,0.0
0.590857,1.0
0.382886,0.0
0.643953,1.0
0.368668,1.0
0.705875,1.0
0.402499,0.0
0.648425,1.0
0.651352,1.0
0.383896,0.0
0.672525,1.0
0.628245,0.0
0.704486,1.0
0.382782,1.0
0.678976,1.0
0.59514,0.0
0.383374,1.0
0.743245,1.0
0.36862,0.0
0.365767,0.0
0.698211,0.0
0.715853,1.0
0.57146,1.0
0.382739,0.0
0.401613,0.0
0.38611,0.0
0.625475,1.0
0.675919,1.0
0.371924,0.0
0.365593,0.0
0.679518,1.0
0.382284,0.0
0.604135,1.0
0.407506,0.0
0.389158,0.0
0.402641,0.0
0.696461,1.0
0.398606,1.0
0.683308,1.0
0.698019,1.0
0.385919,0.0
0.374756,0.0
0.399234,0.0
0.705176,0.0
0.678006,0.0
0.715638,1.0
0.685955,1.0
0.685775,1.0
0.386028,1.0
0.612787,0.0
0.401516,0.0
0.404715,1.0
0.698441,1.0
0.617726,1.0
0.402601,1.0
0.629623,1.0
0.589498,1.0
0.368252,0.0
0.613396,1.0
0.608638,0.0
0.601069,1.0
0.677294,1.0
0.696073,0.0
0.386139,0.0
0.642651,1.0
0.386134,0.0
0.602556,1.0
0.369541,0.0
0.683382,1.0
0.384899,0.0
0.382829,0.0
0.682446,1.0
0.384903,0.0
0.590259,1.0
0.386078,0.0
0.400511,1.0
0.390584,0.0
0.386525,0.0
0.724834,1.0
0.653494,1.0
0.713716,1.0
0.327507,0.0
0.824561,1.0
0.409246,0.0
0.7829,1.0
0.340029,0.0
0.790974,1.0
0.876799,0.0
0.835736,0.0
0.849721,1.0
0.333713,0.0
0.401087,1.0
0.849475,1.0
0.740315,1.0
0.818187,1.0
0.416207,0.0
0.325403,0.0
0.816892,1.0
0.790719,1.0
0.333581,1.0
0.328963,1.0
0.823652,1.0
0.333657,0.0
0.76846,1.0
0.40616,0.0
0.834493,1.0
0.339984,0.0
0.762462,1.0
0.759091,1.0
0.333657,0.0
0.868896,0.0
0.776293,0.0
0.838252,1.0
0.411427,0.0
0.729366,1.0
0.810695,1.0
0.41096,1.0
0.798906,0.0
0.329352,1.0
0.327508,0.0
0.839692,1.0
0.827734,1.0
0.848952,1.0
0.33364,0.0
0.338721,1.0
0.334118,0.0
0.789035,1.0
0.86516,1.0
0.327739,0.0
0.327411,0.0
0.863733,1.0
0.330875,0.0
0.811615,1.0
0.3432,0.0
0.335438,0.0
0.340021,0.0
0.845105,1.0
0.419665,1.0
0.860175,1.0
0.843447,1.0
0.333318,0.0
0.328003,0.0
0.339707,0.0
0.83262,1.0
0.859594,1.0
0.826815,1.0
0.856597,1.0
0.856868,1.0
0.411459,1.0
0.788348,0.0
0.343455,1.0
0.426778,0.0
0.842881,0.0
0.788748,1.0
0.420758,0.0
0.783487,1.0
0.827478,1.0
0.329165,0.0
0.800438,1.0
0.793515,0.0
0.81429,1.0
0.865914,0.0
0.841777,0.0
0.334319,0.0
0.768333,1.0
0.33121,1.0
0.814062,1.0
0.32685,0.0
0.860142,1.0
0.335099,0.0
0.333627,1.0
0.85995,1.0
0.332755,1.0
0.827732,1.0
0.333262,1.0
0.423479,1.0
0.337339,0.0
0.331431,0.0
0.815148,1.0
0.754942,1.0
0.828799,1.0
0.288179,1.0
0.594953,1.0
0.367282,0.0
0.631172,1.0
0.284688,1.0
0.624742,1.0
0.665419,0.0
0.69106,0.0
0.690964,0.0
0.285551,0.0
0.441437,0.0
0.693518,1.0
0.669439,1.0
0.6003,0.0
0.365989,0.0
0.285329,1.0
0.712615,1.0
0.62469,1.0
0.352446,0.0
0.356351,0.0
0.594437,1.0
0.285506,0.0
0.645962,1.0
0.36513,0.0
0.708095,1.0
0.28467,0.0
0.650622,1.0
0.652308,1.0
0.285192,0.0
0.672323,0.0
0.619212,0.0
0.701826,1.0
0.361017,1.0
0.681929,1.0
0.59452,0.0
0.443165,1.0
0.734155,1.0
0.356569,0.0
0.28818,0.0
0.691537,1.0
0.711275,1.0
0.573762,1.0
0.285536,0.0
0.351544,0.0
0.284903,0.0
0.627749,1.0
0.676331,1.0
0.28667,0.0
0.288141,0.0
0.678134,1.0
0.286454,0.0
0.606288,1.0
0.285802,0.0
0.285098,0.0
0.284655,0.0
0.697666,1.0
0.448497,1.0
0.681416,1.0
0.699199,0.0
0.284269,0.0
0.286127,0.0
0.285518,0.0
0.697577,0.0
0.673766,0.0
0.71247,1.0
0.685028,0.0
0.684912,0.0
0.442841,0.0
0.605461,0.0
0.356973,0.0
0.370548,1.0
0.695547,0.0
0.62007,0.0
0.363956,0.0
0.631868,1.0
0.589015,0.0
0.288983,1.0
0.61508,1.0
0.601661,1.0
0.603539,1.0
0.672796,0.0
0.685697,0.0
0.285069,1.0
0.64485,1.0
0.353036,0.0
0.60471,1.0
0.286541,1.0
0.68152,1.0
0.289542,0.0
0.352849,0.0
0.681955,1.0
0.351169,0.0
0.593488,1.0
0.351311,1.0
0.452933,1.0
0.286313,1.0
0.285736,0.0
0.726759,1.0
0.656025,1.0
0.71048,0.0
0.607732,0.0
0.572646,1.0
0.610068,0.0
0.584943,0.0
0.609408,0.0
0.58112,1.0
0.510527,0.0
0.520718,1.0
0.518733,1.0
0.621335,1.0
0.593414,0.0
0.51426,0.0
0.592496,0.0
0.580899,0.0
0.610964,1.0
0.608255,0.0
0.521228,1.0
0.581544,1.0
0.608604,0.0
0.607353,0.0
0.572012,1.0
0.621341,1.0
0.588462,0.0
0.610337,1.0
0.519966,0.0
0.621812,0.0
0.58876,0.0
0.590306,0.0
0.621397,1.0
0.513575,0.0
0.589512,0.0
0.517565,0.0
0.597096,0.0
0.597132,0.0
0.578308,1.0
0.576999,1.0
0.531444,0.0
0.607329,0.0
0.620383,0.0
0.512906,1.0
0.521186,0.0
0.564626,0.0
0.621334,0.0
0.609037,0.0
0.621472,0.0
0.584754,0.0
0.506942,0.0
0.620679,1.0
0.620385,0.0
0.507787,1.0
0.620869,1.0
0.575372,1.0
0.621773,0.0
0.621502,1.0
0.621817,1.0
0.515994,1.0
0.576121,1.0
0.509143,0.0
0.52198,1.0
0.621545,0.0
0.620789,1.0
0.621649,1.0
0.520813,1.0
0.511084,1.0
0.521628,1.0
0.516356,0.0
0.516289,1.0
0.594081,1.0
0.585413,1.0
0.608222,0.0
0.595816,0.0
0.522859,1.0
0.587405,0.0
0.611689,1.0
0.58381,0.0
0.578202,1.0
0.607644,0.0
0.579297,1.0
0.578259,0.0
0.575296,1.0
0.51373,1.0
0.51857,0.0
0.608993,0.0
0.587962,1.0
0.608117,1.0
0.576132,0.0
0.608068,1.0
0.509227,1.0
0.620499,1.0
0.608529,1.0
0.509457,0.0
0.608805,0.0
0.572705,0.0
0.594072,0.0
0.575144,0.0
0.608897,1.0
0.621022,0.0
0.526852,1.0
0.59029,1.0
0.526145,1.0
0.630624,1.0
0.612664,1.0
0.645072,1.0
0.618706,1.0
0.634524,0.0
0.614978,1.0
0.67839,1.0
0.681984,1.0
0.680314,1.0
0.666025,1.0
0.598315,1.0
0.68498,1.0
0.619627,0.0
0.612583,1.0
0.647482,1.0
0.631758,1.0
0.686436,1.0
0.615396,1.0
0.638721,1.0
0.635914,1.0
0.61193,1.0
0.666034,0.0
0.619419,1.0
0.645803,1.0
0.687171,0.0
0.667128,0.0
0.618958,0.0
0.620197,1.0
0.666139,1.0
0.679887,1.0
0.617254,1.0
0.686299,1.0
0.605053,1.0
0.621922,1.0
0.610248,1.0
0.546844,1.0
0.691863,0.0
0.635864,1.0
0.664201,1.0
0.682946,1.0
0.687782,1.0
0.610759,1.0
0.666054,1.0
0.639871,1.0
0.666327,0.0
0.619089,0.0
0.681272,0.0
0.66473,1.0
0.664204,1.0
0.680761,1.0
0.665145,1.0
0.612994,0.0
0.667151,1.0
0.666384,1.0
0.66709,0.0
0.68438,1.0
0.544097,1.0
0.682702,1.0
0.681726,1.0
0.666443,0.0
0.664939,1.0
0.666766,1.0
0.681166,1.0
0.676587,1.0
0.686685,1.0
0.680447,1.0
0.679121,0.0
0.601388,0.0
0.614166,1.0
0.638152,0.0
0.602106,1.0
0.682787,0.0
0.614946,1.0
0.649329,1.0
0.61739,1.0
0.610852,1.0
0.630445,1.0
0.615027,1.0
0.61665,1.0
0.613321,0.0
0.67873,1.0
0.682189,1.0
0.633452,1.0
0.618056,1.0
0.638013,0.0
0.615294,1.0
0.631696,1.0
0.681423,1.0
0.664573,1.0
0.638855,0.0
0.682743,1.0
0.639165,0.0
0.614325,1.0
0.594943,1.0
0.53913,1.0
0.633596,1.0
0.665464,1.0
0.688523,1.0
0.618444,1.0
0.683539,1.0
0.578116,0.0
0.733776,1.0
0.579714,0.0
0.736183,1.0
0.577582,1.0
0.737133,1.0
0.32778,0.0
0.331351,0.0
0.330416,0.0
0.579168,1.0
0.579219,1.0
0.33123,0.0
0.745105,0.0
0.732655,1.0
0.579912,1.0
0.578133,0.0
0.334507,0.0
0.736858,1.0
0.579318,0.0
0.579122,0.0
0.733682,1.0
0.577959,1.0
0.737602,1.0
0.579679,0.0
0.350047,1.0
0.57792,1.0
0.745034,1.0
0.737405,1.0
0.579168,1.0
0.32875,0.0
0.734282,1.0
0.332601,0.0
0.578736,1.0
0.738332,1.0
0.731529,1.0
0.579858,1.0
0.354493,0.0
0.579126,0.0
0.579048,1.0
0.33114,0.0
0.33415,0.0
0.73084,0.0
0.579163,1.0
0.579391,1.0
0.577883,1.0
0.742979,1.0
0.347454,0.0
0.579065,0.0
0.579047,0.0
0.329613,0.0
0.579095,0.0
0.743244,1.0
0.579241,1.0
0.579183,0.0
0.577999,0.0
0.332665,0.0
0.579817,1.0
0.329363,0.0
0.332045,1.0
0.577876,1.0
0.579069,0.0
0.57922,1.0
0.331231,0.0
0.327773,0.0
0.334865,0.0
0.329098,0.0
0.34707,1.0
0.579426,1.0
0.732629,1.0
0.578467,1.0
0.578843,0.0
0.349653,0.0
0.733153,0.0
0.580004,1.0
0.737112,1.0
0.730574,0.0
0.578125,0.0
0.735583,1.0
0.733313,1.0
0.742572,1.0
0.329142,0.0
0.33025,0.0
0.57829,1.0
0.737705,1.0
0.578379,0.0
0.734475,1.0
0.578367,1.0
0.329987,0.0
0.579113,0.0
0.578479,1.0
0.329772,0.0
0.578371,0.0
0.733189,1.0
0.578351,1.0
0.575764,1.0
0.578516,0.0
0.579099,0.0
0.3375,0.0
0.738146,1.0
0.333764,0.0
0.534299,1.0
0.533645,0.0
0.5323,1.0
0.529819,1.0
0.534119,0.0
0.529624,0.0
0.536886,1.0
0.534826,0.0
0.53552,1.0
0.530903,0.0
0.533324,0.0
0.534842,1.0
0.526495,0.0
0.533927,0.0
0.531379,1.0
0.534232,0.0
0.533208,0.0
0.529813,0.0
0.532862,1.0
0.533042,1.0
0.533154,1.0
0.532203,1.0
0.527769,1.0
0.532582,1.0
0.525975,1.0
0.531928,0.0
0.524108,0.0
0.52678,0.0
0.530898,0.0
0.53632,1.0
0.530853,1.0
0.534121,0.0
0.53394,0.0
0.522668,0.0
0.534054,0.0
0.540038,0.0
0.52747,0.0
0.533043,1.0
0.530805,1.0
0.535146,0.0
0.533215,1.0
0.539982,1.0
0.530707,1.0
0.531684,0.0
0.531979,1.0
0.528618,0.0
0.534314,1.0
0.532,0.0
0.531792,1.0
0.536124,1.0
0.531968,0.0
0.529617,1.0
0.530638,1.0
0.53188,1.0
0.533324,1.0
0.534426,1.0
0.540271,0.0
0.535895,0.0
0.529907,1.0
0.531977,0.0
0.531988,1.0
0.530854,0.0
0.535022,0.0
0.536997,1.0
0.53306,0.0
0.536042,1.0
0.52932,0.0
0.53499,0.0
0.531785,0.0
0.533129,0.0
0.535601,0.0
0.532194,0.0
0.53524,0.0
0.531275,0.0
0.529197,1.0
0.539382,0.0
0.534305,1.0
0.531208,1.0
0.531666,0.0
0.530285,0.0
0.536272,0.0
0.535306,0.0
0.532729,0.0
0.527561,0.0
0.534908,1.0
0.532902,0.0
0.533172,0.0
0.535869,0.0
0.531984,0.0
0.533439,1.0
0.535843,0.0
0.534454,1.0
0.534478,1.0
0.534872,0.0
0.539824,0.0
0.534438,1.0
0.53172,1.0
0.531628,1.0
0.525688,0.0
0.533728,0.0
0.576192,0.0
0.730751,1.0
0.57708,0.0
0.72814,0.0
0.583662,1.0
0.73472,1.0
0.321261,0.0
0.331415,0.0
0.322254,0.0
0.581142,0.0
0.582733,0.0
0.322993,0.0
0.735519,1.0
0.729944,1.0
0.584004,0.0
0.573918,0.0
0.333402,0.0
0.734484,1.0
0.576933,1.0
0.57688,0.0
0.724143,1.0
0.584842,0.0
0.730063,1.0
0.576974,0.0
0.333049,1.0
0.582103,1.0
0.737835,1.0
0.736054,1.0
0.581139,1.0
0.321706,0.0
0.726188,1.0
0.332499,0.0
0.583265,0.0
0.737638,1.0
0.728589,0.0
0.592351,0.0
0.341272,0.0
0.576881,0.0
0.583567,0.0
0.331394,0.0
0.324883,0.0
0.715649,0.0
0.583512,0.0
0.58166,1.0
0.584661,1.0
0.735406,1.0
0.324417,0.0
0.574444,0.0
0.576831,0.0
0.32195,0.0
0.574452,1.0
0.728882,1.0
0.583473,0.0
0.576792,1.0
0.576772,0.0
0.323655,0.0
0.592877,1.0
0.330704,0.0
0.328055,1.0
0.582134,0.0
0.57676,0.0
0.581115,1.0
0.331411,0.0
0.321013,1.0
0.333653,0.0
0.321808,0.0
0.33742,0.0
0.584192,0.0
0.730146,1.0
0.582921,1.0
0.573908,1.0
0.33497,0.0
0.726512,0.0
0.581438,0.0
0.72901,1.0
0.722817,0.0
0.576194,0.0
0.726737,1.0
0.730992,1.0
0.734306,1.0
0.330399,0.0
0.33112,0.0
0.582345,0.0
0.735952,0.0
0.576763,0.0
0.731909,1.0
0.582692,1.0
0.330831,0.0
0.57446,0.0
0.585702,0.0
0.331,0.0
0.576914,0.0
0.723572,1.0
0.584077,1.0
0.591463,0.0
0.576132,1.0
0.576842,0.0
0.327019,1.0
0.736623,1.0
0.33292,1.0
0.556498,1.0
0.744729,1.0
0.557814,1.0
0.727098,1.0
0.597367,1.0
0.747592,1.0
0.359326,0.0
0.355689,0.0
0.356673,0.0
0.560073,1.0
0.560243,1.0
0.355357,0.0
0.750375,1.0
0.744314,1.0
0.559916,0.0
0.557078,0.0
0.352632,0.0
0.747404,1.0
0.593436,1.0
0.557461,1.0
0.74452,1.0
0.559691,1.0
0.748032,1.0
0.557623,0.0
0.375367,1.0
0.596054,1.0
0.75082,1.0
0.748992,1.0
0.595289,1.0
0.358274,1.0
0.745545,1.0
0.354343,0.0
0.559817,0.0
0.751038,1.0
0.726728,1.0
0.558477,1.0
0.34225,0.0
0.557462,1.0
0.559772,0.0
0.356313,1.0
0.352298,0.0
0.724934,1.0
0.55979,1.0
0.595621,1.0
0.596918,1.0
0.748079,1.0
0.355252,1.0
0.558023,0.0
0.557663,0.0
0.357882,1.0
0.592516,1.0
0.747234,1.0
0.559805,0.0
0.593144,1.0
0.557082,1.0
0.354676,1.0
0.606671,1.0
0.35768,0.0
0.379124,1.0
0.560055,1.0
0.557527,0.0
0.59526,1.0
0.356242,1.0
0.382723,1.0
0.352362,0.0
0.357645,0.0
0.352456,1.0
0.560382,1.0
0.745332,1.0
0.596593,1.0
0.593674,0.0
0.351208,0.0
0.726732,0.0
0.560283,1.0
0.747246,1.0
0.725174,0.0
0.556499,0.0
0.745815,1.0
0.745655,1.0
0.747286,1.0
0.358495,1.0
0.356711,1.0
0.559801,1.0
0.728425,1.0
0.556832,1.0
0.745235,1.0
0.596825,0.0
0.357657,1.0
0.558042,1.0
0.559839,0.0
0.35767,0.0
0.557081,1.0
0.743588,1.0
0.597993,1.0
0.557853,0.0
0.594051,1.0
0.557688,0.0
0.376636,0.0
0.749701,1.0
0.379596,0.0
0.589243,1.0
0.750319,1.0
0.589208,0.0
0.749268,0.0
0.603909,1.0
0.752839,1.0
0.315373,1.0
0.316977,0.0
0.316286,0.0
0.59013,1.0
0.59053,1.0
0.316931,0.0
0.753711,1.0
0.749748,1.0
0.552259,0.0
0.550952,1.0
0.31884,0.0
0.752642,1.0
0.602461,0.0
0.589247,0.0
0.750128,1.0
0.590524,1.0
0.753373,1.0
0.551003,0.0
0.367074,1.0
0.602946,1.0
0.754174,1.0
0.753238,1.0
0.602405,1.0
0.359975,0.0
0.750969,1.0
0.317951,0.0
0.552353,1.0
0.753653,1.0
0.745008,1.0
0.591205,1.0
0.326795,0.0
0.589247,0.0
0.552176,1.0
0.360044,0.0
0.318601,0.0
0.742044,1.0
0.590206,1.0
0.602556,1.0
0.604001,1.0
0.752847,1.0
0.360718,0.0
0.55191,0.0
0.55109,0.0
0.360033,0.0
0.601342,1.0
0.752926,1.0
0.552236,0.0
0.602231,1.0
0.589277,1.0
0.360242,0.0
0.614114,1.0
0.316246,0.0
0.364756,1.0
0.590371,0.0
0.550937,1.0
0.602379,1.0
0.360003,0.0
0.363529,0.0
0.31907,1.0
0.315892,0.0
0.360776,0.0
0.590855,1.0
0.749417,1.0
0.603213,1.0
0.562912,0.0
0.320119,0.0
0.713553,0.0
0.590191,1.0
0.752957,1.0
0.709537,0.0
0.549763,0.0
0.751605,1.0
0.750092,0.0
0.752489,1.0
0.359952,0.0
0.359941,0.0
0.590449,0.0
0.7506,1.0
0.589393,1.0
0.751056,1.0
0.564273,0.0
0.360038,0.0
0.589079,0.0
0.551771,0.0
0.316472,0.0
0.589382,0.0
0.749993,1.0
0.604625,0.0
0.543363,0.0
0.603554,0.0
0.551118,0.0
0.325975,0.0
0.753568,1.0
0.323359,0.0
0.565361,1.0
0.58979,1.0
0.581052,1.0
0.587008,1.0
0.561033,0.0
0.590716,1.0
0.659185,1.0
0.659348,1.0
0.658324,1.0
0.571717,1.0
0.570619,0.0
0.659095,1.0
0.592605,0.0
0.590149,1.0
0.594739,1.0
0.584004,0.0
0.661022,1.0
0.591033,1.0
0.57294,1.0
0.579887,1.0
0.589169,1.0
0.567378,1.0
0.592747,0.0
0.594036,0.0
0.660283,0.0
0.563115,0.0
0.592958,1.0
0.593232,1.0
0.564193,1.0
0.64882,1.0
0.592573,1.0
0.660113,0.0
0.584123,1.0
0.593937,1.0
0.587666,1.0
0.542143,1.0
0.664817,1.0
0.579889,1.0
0.584702,1.0
0.650645,0.0
0.66078,1.0
0.585394,1.0
0.569415,1.0
0.564105,0.0
0.559969,1.0
0.593853,0.0
0.650994,0.0
0.596754,1.0
0.594482,1.0
0.649095,1.0
0.564009,0.0
0.590815,0.0
0.594988,1.0
0.56123,0.0
0.566933,0.0
0.651249,0.0
0.530733,0.0
0.658176,1.0
0.656795,1.0
0.582503,0.0
0.584144,1.0
0.564256,0.0
0.650711,1.0
0.649912,1.0
0.663717,1.0
0.657736,0.0
0.653369,0.0
0.569676,0.0
0.591622,1.0
0.562854,1.0
0.586848,1.0
0.661781,1.0
0.591452,1.0
0.572055,0.0
0.591469,0.0
0.590644,1.0
0.590652,1.0
0.590907,1.0
0.587036,1.0
0.591245,0.0
0.649171,1.0
0.650386,1.0
0.581404,1.0
0.59141,1.0
0.565745,0.0
0.590563,1.0
0.588364,1.0
0.649742,1.0
0.583326,1.0
0.592452,1.0
0.658206,0.0
0.578166,1.0
0.590188,1.0
0.571112,1.0
0.563715,1.0
0.569103,1.0
0.594566,0.0
0.663715,0.0
0.592768,1.0
0.662144,1.0
0.592374,1.0
0.733167,1.0
0.57211,0.0
0.729147,1.0
0.5926,1.0
0.736511,1.0
0.326756,1.0
0.323416,0.0
0.322895,0.0
0.590969,1.0
0.590638,0.0
0.323418,0.0
0.746292,1.0
0.732641,1.0
0.567021,1.0
0.584318,1.0
0.324921,0.0
0.736295,1.0
0.574749,1.0
0.572025,1.0
0.733094,1.0
0.59178,1.0
0.745248,1.0
0.567355,1.0
0.350927,1.0
0.592376,0.0
0.739479,1.0
0.737858,1.0
0.592799,1.0
0.32194,1.0
0.734606,1.0
0.342689,0.0
0.584439,1.0
0.739442,0.0
0.729053,1.0
0.595479,1.0
0.331634,0.0
0.572025,0.0
0.584407,1.0
0.342404,0.0
0.324775,0.0
0.725808,1.0
0.591468,1.0
0.592225,1.0
0.593681,1.0
0.744665,1.0
0.342962,0.0
0.56695,0.0
0.566338,0.0
0.322057,0.0
0.592466,1.0
0.744484,1.0
0.567003,0.0
0.593138,1.0
0.591604,1.0
0.342623,1.0
0.597739,1.0
0.322805,0.0
0.329757,1.0
0.573452,1.0
0.584288,0.0
0.592238,1.0
0.322478,0.0
0.322191,0.0
0.330459,0.0
0.341874,0.0
0.342965,0.0
0.590707,1.0
0.733052,1.0
0.592908,0.0
0.568731,0.0
0.325934,1.0
0.725464,0.0
0.590467,1.0
0.744584,1.0
0.722686,1.0
0.565426,0.0
0.734938,0.0
0.72901,1.0
0.744003,1.0
0.321966,1.0
0.322329,0.0
0.572649,1.0
0.735615,0.0
0.591806,1.0
0.734005,1.0
0.569579,1.0
0.322179,0.0
0.572294,0.0
0.566746,1.0
0.342127,1.0
0.57193,1.0
0.732603,1.0
0.575343,1.0
0.559037,1.0
0.57479,1.0
0.56741,1.0
0.345281,1.0
0.738472,1.0
0.326045,0.0
0.600048,1.0
0.742696,0.0
0.554838,1.0
0.741142,1.0
0.602347,1.0
0.745157,1.0
0.38385,1.0
0.361022,0.0
0.362066,1.0
0.599032,1.0
0.561186,1.0
0.361271,0.0
0.750484,1.0
0.742419,1.0
0.592063,1.0
0.600702,0.0
0.358999,0.0
0.744993,1.0
0.594461,1.0
0.59388,1.0
0.742986,1.0
0.599533,1.0
0.748047,1.0
0.594266,0.0
0.378687,1.0
0.562437,1.0
0.748586,1.0
0.746713,1.0
0.599115,1.0
0.386226,1.0
0.743904,1.0
0.358467,0.0
0.597552,0.0
0.728768,1.0
0.741092,1.0
0.601996,1.0
0.350847,1.0
0.5547,1.0
0.597612,1.0
0.363122,1.0
0.359308,0.0
0.739256,1.0
0.599353,1.0
0.602242,1.0
0.599466,1.0
0.747651,1.0
0.362854,0.0
0.552406,0.0
0.551815,0.0
0.365738,0.0
0.602491,1.0
0.747239,1.0
0.552424,1.0
0.602835,0.0
0.603039,1.0
0.385022,0.0
0.604118,1.0
0.362218,0.0
0.382252,0.0
0.596249,1.0
0.557879,0.0
0.602266,1.0
0.364448,1.0
0.365206,0.0
0.356616,1.0
0.361135,1.0
0.360325,0.0
0.602231,1.0
0.743609,1.0
0.562686,1.0
0.553694,0.0
0.381484,1.0
0.725747,0.0
0.602136,1.0
0.747265,1.0
0.739039,1.0
0.550943,0.0
0.727199,1.0
0.741973,1.0
0.746899,1.0
0.386065,1.0
0.364717,1.0
0.59384,1.0
0.727295,1.0
0.603174,1.0
0.743023,1.0
0.592723,0.0
0.365226,0.0
0.555152,1.0
0.5921,1.0
0.383855,1.0
0.593948,1.0
0.741974,1.0
0.594475,1.0
0.590765,1.0
0.594635,1.0
0.594262,1.0
0.379279,1.0
0.747498,1.0
0.357716,0.0
0.426402,0.0
0.835129,1.0
0.423872,0.0
0.861669,1.0
0.424075,1.0
0.833974,1.0
0.893534,0.0
0.889302,0.0
0.901821,1.0
0.422279,0.0
0.421137,1.0
0.890082,1.0
0.771604,1.0
0.853279,1.0
0.439122,0.0
0.426039,0.0
0.881881,1.0
0.833842,1.0
0.426801,1.0
0.434428,1.0
0.852831,1.0
0.423664,0.0
0.798839,1.0
0.433251,0.0
0.839794,1.0
0.414623,0.0
0.791033,1.0
0.8094,1.0
0.415959,1.0
0.908508,1.0
0.834998,1.0
0.87207,1.0
0.414605,1.0
0.796868,1.0
0.865773,1.0
0.430609,1.0
0.858981,1.0
0.424582,1.0
0.432083,0.0
0.898118,1.0
0.88297,1.0
0.879444,1.0
0.423347,1.0
0.424754,1.0
0.416016,1.0
0.795944,1.0
0.887452,1.0
0.414117,0.0
0.41674,1.0
0.904594,1.0
0.426317,1.0
0.81442,1.0
0.429486,0.0
0.410074,1.0
0.434691,0.0
0.879681,1.0
0.420289,1.0
0.893388,1.0
0.872206,0.0
0.438447,0.0
0.40895,0.0
0.424955,0.0
0.909161,1.0
0.902977,1.0
0.881214,1.0
0.891553,1.0
0.878899,1.0
0.430731,0.0
0.839095,0.0
0.405205,0.0
0.410246,0.0
0.87955,1.0
0.852374,1.0
0.431033,0.0
0.811551,1.0
0.870587,1.0
0.420648,0.0
0.855639,1.0
0.85519,1.0
0.814986,1.0
0.907712,1.0
0.909997,1.0
0.431012,1.0
0.850666,1.0
0.435047,1.0
0.848878,1.0
0.415673,0.0
0.903051,1.0
0.422256,0.0
0.440271,0.0
0.882366,1.0
0.435296,1.0
0.856159,1.0
0.423604,1.0
0.468579,1.0
0.427834,1.0
0.449014,0.0
0.849273,1.0
0.803767,1.0
0.876866,0.0
0.600991,0.0
0.621705,1.0
0.598912,0.0
0.624332,0.0
0.585434,0.0
0.619543,1.0
0.570269,1.0
0.571356,1.0
0.5686,1.0
0.601469,1.0
0.583769,0.0
0.568204,1.0
0.611099,1.0
0.622853,1.0
0.598424,1.0
0.598839,0.0
0.566756,1.0
0.619929,1.0
0.584093,0.0
0.582797,0.0
0.621383,1.0
0.601327,1.0
0.617273,0.0
0.596828,1.0
0.557052,0.0
0.601209,0.0
0.615061,1.0
0.618165,0.0
0.586295,1.0
0.569522,0.0
0.62176,0.0
0.564942,1.0
0.583635,1.0
0.617007,0.0
0.622691,0.0
0.584241,0.0
0.561258,0.0
0.582312,0.0
0.599929,0.0
0.568026,0.0
0.566953,1.0
0.624591,0.0
0.58512,1.0
0.585305,0.0
0.58633,0.0
0.618426,1.0
0.567719,1.0
0.597842,1.0
0.580407,0.0
0.570649,1.0
0.585079,1.0
0.617595,1.0
0.597824,1.0
0.585401,1.0
0.600198,1.0
0.566141,1.0
0.586377,1.0
0.568771,1.0
0.568231,0.0
0.599018,0.0
0.599359,1.0
0.601521,1.0
0.569714,0.0
0.570381,1.0
0.56525,1.0
0.566964,0.0
0.566211,1.0
0.600686,1.0
0.623673,1.0
0.602274,0.0
0.598662,0.0
0.564742,1.0
0.622738,1.0
0.600629,1.0
0.617935,1.0
0.625017,1.0
0.596557,0.0
0.622798,1.0
0.621995,1.0
0.618186,1.0
0.5694,1.0
0.569843,0.0
0.583349,1.0
0.622666,1.0
0.583707,0.0
0.62271,0.0
0.59955,1.0
0.570399,1.0
0.599165,1.0
0.598257,1.0
0.565239,0.0
0.582661,0.0
0.624079,1.0
0.584607,1.0
0.576782,1.0
0.583944,1.0
0.597253,0.0
0.559016,1.0
0.616386,1.0
0.569262,1.0
0.329024,0.0
0.831548,1.0
0.342494,0.0
0.859721,1.0
0.420213,0.0
0.838751,1.0
0.889168,1.0
0.879578,1.0
0.900363,1.0
0.33217,0.0
0.432882,0.0
0.883893,1.0
0.781099,1.0
0.854696,1.0
0.343292,0.0
0.335116,0.0
0.877105,1.0
0.838631,1.0
0.431058,1.0
0.437161,1.0
0.854269,1.0
0.332126,0.0
0.805185,1.0
0.346679,0.0
0.844635,1.0
0.33205,1.0
0.800056,1.0
0.815197,0.0
0.42395,0.0
0.903614,1.0
0.837788,1.0
0.868493,1.0
0.43779,0.0
0.806364,1.0
0.862785,1.0
0.425179,1.0
0.865008,0.0
0.444276,1.0
0.333087,0.0
0.896771,1.0
0.878018,1.0
0.873333,1.0
0.428454,0.0
0.42085,1.0
0.419388,0.0
0.804411,1.0
0.881531,1.0
0.35187,0.0
0.455718,0.0
0.89554,1.0
0.425595,1.0
0.821417,0.0
0.350329,0.0
0.42679,1.0
0.331367,0.0
0.873176,1.0
0.41834,0.0
0.886587,0.0
0.862209,1.0
0.334213,1.0
0.345503,0.0
0.32929,0.0
0.905283,1.0
0.894263,1.0
0.884276,1.0
0.891706,1.0
0.874291,1.0
0.330984,0.0
0.838153,0.0
0.331336,0.0
0.34538,0.0
0.88117,0.0
0.846695,1.0
0.33121,0.0
0.818848,1.0
0.867977,1.0
0.35214,1.0
0.858155,1.0
0.855921,0.0
0.821911,0.0
0.903529,0.0
0.905894,1.0
0.438888,1.0
0.854283,1.0
0.42615,0.0
0.849527,1.0
0.34204,0.0
0.894316,1.0
0.345424,0.0
0.343712,1.0
0.882635,1.0
0.437707,0.0
0.85712,1.0
0.432993,1.0
0.474243,1.0
0.435623,1.0
0.339716,1.0
0.85431,1.0
0.811941,1.0
0.868996,1.0
0.614699,1.0
0.621681,1.0
0.612591,1.0
0.624717,0.0
0.600909,0.0
0.621061,1.0
0.56733,1.0
0.5659,1.0
0.568902,1.0
0.613935,1.0
0.598099,1.0
0.56657,1.0
0.614508,1.0
0.62364,1.0
0.612816,1.0
0.613211,1.0
0.56555,0.0
0.621441,1.0
0.582174,0.0
0.581046,0.0
0.622193,1.0
0.613972,1.0
0.619813,0.0
0.611433,1.0
0.560357,1.0
0.599941,1.0
0.617978,0.0
0.623586,0.0
0.600126,1.0
0.569531,1.0
0.623051,1.0
0.564211,1.0
0.596518,1.0
0.61963,1.0
0.622904,1.0
0.583579,1.0
0.567074,1.0
0.578749,0.0
0.614295,0.0
0.568606,1.0
0.565691,1.0
0.62434,1.0
0.599483,1.0
0.584353,0.0
0.60085,1.0
0.621152,0.0
0.566217,1.0
0.610137,1.0
0.591716,1.0
0.568243,1.0
0.58355,1.0
0.622966,1.0
0.611359,1.0
0.58197,1.0
0.614337,1.0
0.564957,1.0
0.601196,1.0
0.569995,1.0
0.563317,1.0
0.600394,1.0
0.611025,1.0
0.614381,1.0
0.569747,1.0
0.568062,1.0
0.566632,1.0
0.56789,1.0
0.565129,1.0
0.614291,1.0
0.624312,1.0
0.613781,0.0
0.611248,0.0
0.56924,1.0
0.622013,1.0
0.614269,0.0
0.620197,1.0
0.625052,1.0
0.595747,1.0
0.623521,1.0
0.625566,1.0
0.623503,1.0
0.572194,1.0
0.56983,0.0
0.580906,1.0
0.623569,1.0
0.600101,0.0
0.623605,0.0
0.611793,1.0
0.568074,1.0
0.611916,1.0
0.598584,1.0
0.566572,1.0
0.597812,0.0
0.624786,0.0
0.581947,1.0
0.574474,1.0
0.581504,1.0
0.599803,1.0
0.561872,1.0
0.618859,1.0
0.564245,1.0
0.532095,1.0
0.498808,0.0
0.53266,1.0
0.497063,1.0
0.535147,0.0
0.497319,0.0
0.504073,1.0
0.505186,0.0
0.502551,0.0
0.532414,0.0
0.53716,0.0
0.504541,0.0
0.504981,0.0
0.495884,1.0
0.532718,1.0
0.532456,1.0
0.507327,0.0
0.497548,1.0
0.539448,1.0
0.539791,1.0
0.495426,1.0
0.532402,1.0
0.504007,1.0
0.533074,1.0
0.509646,1.0
0.535475,0.0
0.504234,1.0
0.503471,1.0
0.53694,0.0
0.502263,0.0
0.498631,1.0
0.506515,0.0
0.538117,0.0
0.50238,0.0
0.494474,0.0
0.53998,1.0
0.507596,1.0
0.540208,1.0
0.53112,1.0
0.503141,0.0
0.505273,1.0
0.492898,1.0
0.53716,0.0
0.538846,0.0
0.536296,1.0
0.505135,1.0
0.504859,1.0
0.533453,1.0
0.539184,1.0
0.503111,1.0
0.540342,0.0
0.500657,0.0
0.533134,0.0
0.540406,0.0
0.532287,0.0
0.505976,1.0
0.536509,0.0
0.504819,1.0
0.507513,1.0
0.535409,0.0
0.533193,0.0
0.532284,0.0
0.502022,1.0
0.503267,1.0
0.504551,0.0
0.503727,1.0
0.505836,0.0
0.532304,1.0
0.499812,1.0
0.531263,0.0
0.531915,1.0
0.505556,0.0
0.497933,0.0
0.531229,0.0
0.500403,1.0
0.49495,1.0
0.536452,1.0
0.495369,1.0
0.49703,0.0
0.500942,0.0
0.502798,1.0
0.504003,1.0
0.541129,0.0
0.495981,0.0
0.535373,0.0
0.497977,1.0
0.532985,1.0
0.503273,0.0
0.532977,0.0
0.536014,1.0
0.504866,1.0
0.536193,1.0
0.497325,1.0
0.540791,0.0
0.543386,0.0
0.540938,1.0
0.53557,1.0
0.50835,1.0
0.501243,0.0
0.506534,0.0
0.532895,1.0
0.538163,0.0
0.533204,1.0
0.543521,1.0
0.534397,0.0
0.537977,0.0
0.541005,1.0
0.536055,1.0
0.537552,0.0
0.532997,0.0
0.535404,0.0
0.536436,0.0
0.53296,0.0
0.543044,1.0
0.533183,1.0
0.533166,1.0
0.535986,0.0
0.541596,1.0
0.540548,1.0
0.540819,1.0
0.542154,1.0
0.533095,1.0
0.540201,0.0
0.533501,1.0
0.538383,0.0
0.536901,1.0
0.539093,1.0
0.540143,1.0
0.535226,1.0
0.537718,0.0
0.542535,1.0
0.53532,0.0
0.536186,0.0
0.536339,0.0
0.539561,0.0
0.540747,1.0
0.539331,0.0
0.541503,1.0
0.532609,1.0
0.537289,0.0
0.540433,1.0
0.543532,1.0
0.535305,1.0
0.539658,1.0
0.534999,0.0
0.541118,0.0
0.540626,0.0
0.533783,0.0
0.537384,1.0
0.541364,1.0
0.540759,1.0
0.536319,0.0
0.533346,0.0
0.541205,0.0
0.532893,1.0
0.540163,1.0
0.534966,0.0
0.540609,0.0
0.539405,0.0
0.536746,0.0
0.533529,0.0
0.532927,1.0
0.541826,1.0
0.541299,1.0
0.536489,1.0
0.541164,1.0
0.535754,0.0
0.533022,0.0
0.541082,1.0
0.532686,0.0
0.533174,1.0
0.535874,0.0
0.538977,1.0
0.532613,0.0
0.540719,1.0
0.544024,1.0
0.538025,1.0
0.542986,0.0
0.538963,1.0
0.53665,0.0
0.541524,1.0
0.541914,0.0
0.541539,0.0
0.539715,0.0
0.534449,0.0
0.542777,0.0
0.533504,1.0
0.537142,1.0
0.533291,0.0
0.537439,1.0
0.540685,1.0
0.535012,1.0
0.543621,1.0
0.541252,1.0
0.543626,0.0
0.541726,0.0
0.537053,1.0
0.539039,1.0
0.536139,0.0
0.535266,1.0
0.376393,1.0
0.868307,1.0
0.377601,1.0
0.875617,1.0
0.367775,1.0
0.872274,1.0
0.903573,1.0
0.900568,1.0
0.914126,1.0
0.367379,0.0
0.374358,1.0
0.906617,1.0
0.836077,1.0
0.874306,1.0
0.377114,1.0
0.378004,0.0
0.902532,1.0
0.866448,1.0
0.439852,1.0
0.442531,1.0
0.87393,1.0
0.377392,0.0
0.851117,1.0
0.379295,0.0
0.882608,1.0
0.403974,0.0
0.842338,1.0
0.847652,1.0
0.37906,1.0
0.915213,1.0
0.86579,1.0
0.898778,1.0
0.37938,1.0
0.853961,1.0
0.882915,1.0
0.440608,1.0
0.891548,0.0
0.457839,1.0
0.373301,0.0
0.912319,1.0
0.898443,1.0
0.882384,1.0
0.378973,0.0
0.425322,1.0
0.377006,0.0
0.850382,1.0
0.903649,1.0
0.375335,0.0
0.398178,1.0
0.906889,1.0
0.436664,0.0
0.858656,1.0
0.368373,0.0
0.445786,1.0
0.372374,0.0
0.895848,1.0
0.372304,1.0
0.903351,1.0
0.892401,1.0
0.396384,1.0
0.370271,0.0
0.372777,0.0
0.910988,1.0
0.906309,0.0
0.903521,1.0
0.904978,1.0
0.90181,1.0
0.37129,0.0
0.860292,0.0
0.364774,0.0
0.376608,1.0
0.902547,0.0
0.869836,1.0
0.36404,0.0
0.855515,1.0
0.879516,0.0
0.418081,1.0
0.880296,1.0
0.871607,1.0
0.858836,1.0
0.908104,1.0
0.913831,1.0
0.44175,1.0
0.879645,1.0
0.367373,1.0
0.87575,1.0
0.379711,1.0
0.908072,1.0
0.36841,0.0
0.411217,1.0
0.900611,1.0
0.379547,1.0
0.874785,1.0
0.443757,1.0
0.466648,1.0
0.447795,1.0
0.408087,1.0
0.885271,1.0
0.856992,1.0
0.894959,1.0
0.512932,1.0
0.512932,0.0
0.512932,0.0
0.512932,0.0
0.512932,1.0
0.512932,0.0
0.512932,0.0
0.512932,0.0
0.512932,0.0
0.512932,0.0
0.512932,0.0
0.512932,0.0
0.512932,1.0
0.512932,0.0
0.512932,0.0
0.512932,0.0
0.512932,1.0
0.512932,1.0
0.512932,0.0
0.512932,0.0
0.512932,0.0
0.512932,1.0
0.512932,1.0
0.512932,0.0
0.512932,0.0
0.512932,1.0
0.512932,1.0
0.512932,0.0
0.512932,1.0
0.512932,1.0
0.512932,1.0
0.512932,0.0
0.512932,0.0
0.512932,0.0
0.512932,0.0
0.512932,0.0
0.512932,1.0
0.512932,0.0
0.512932,1.0
0.512932,0.0
0.512932,1.0
0.512932,1.0
0.512932,1.0
0.512932,0.0
0.512932,0.0
0.512932,0.0
0.512932,1.0
0.512932,0.0
0.512932,0.0
0.512932,1.0
0.512932,1.0
0.512932,1.0
0.512932,1.0
0.512932,1.0
0.512932,0.0
0.512932,0.0
0.512932,1.0
0.512932,0.0
0.512932,0.0
0.512932,0.0
0.512932,0.0
0.512932,0.0
0.512932,1.0
0.512932,0.0
0.512932,0.0
0.512932,0.0
0.512932,0.0
0.512932,0.0
0.512932,0.0
0.512932,1.0
0.512932,1.0
0.512932,0.0
0.512932,0.0
0.512932,0.0
0.512932,0.0
0.512932,1.0
0.512932,1.0
0.512932,0.0
0.512932,1.0
0.512932,1.0
0.512932,1.0
0.512932,1.0
0.512932,0.0
0.512932,0.0
0.512932,0.0
0.512932,0.0
0.512932,0.0
0.512932,1.0
0.512932,0.0
0.512932,1.0
0.512932,0.0
0.512932,1.0
0.512932,0.0
0.512932,1.0
0.512932,1.0
0.512932,0.0
0.512932,0.0
0.512932,1.0
0.512932,0.0
0.512932,1.0
0.518569,1.0
0.493895,1.0
0.493895,0.0
0.493895,1.0
0.518569,1.0
0.493895,0.0
0.493895,0.0
0.493895,0.0
0.493895,0.0
0.493895,0.0
0.493895,0.0
0.493895,0.0
0.518569,0.0
0.493895,0.0
0.493895,0.0
0.493895,0.0
0.518569,1.0
0.518569,1.0
0.493895,0.0
0.493895,0.0
0.493895,1.0
0.518569,1.0
0.518569,1.0
0.493895,0.0
0.493895,0.0
0.518569,1.0
0.518569,1.0
0.493895,0.0
0.518569,1.0
0.518569,1.0
0.518569,1.0
0.493895,0.0
0.493895,0.0
0.493895,0.0
0.493895,1.0
0.493895,0.0
0.518569,1.0
0.493895,0.0
0.518569,1.0
0.493895,1.0
0.518569,1.0
0.518569,1.0
0.518569,1.0
0.493895,0.0
0.493895,0.0
0.493895,1.0
0.518569,1.0
0.493895,0.0
0.493895,0.0
0.518569,1.0
0.518569,1.0
0.518569,1.0
0.518569,0.0
0.518569,1.0
0.493895,0.0
0.493895,0.0
0.518569,1.0
0.493895,0.0
0.493895,0.0
0.493895,0.0
0.493895,0.0
0.493895,0.0
0.518569,1.0
0.493895,0.0
0.493895,1.0
0.493895,0.0
0.493895,0.0
0.493895,1.0
0.493895,0.0
0.518569,1.0
0.518569,1.0
0.493895,1.0
0.493895,0.0
0.493895,1.0
0.493895,1.0
0.518569,1.0
0.518569,1.0
0.493895,0.0
0.518569,1.0
0.518569,1.0
0.518569,1.0
0.518569,1.0
0.493895,0.0
0.493895,1.0
0.493895,1.0
0.493895,0.0
0.493895,0.0
0.518569,1.0
0.493895,1.0
0.518569,1.0
0.493895,0.0
0.518569,1.0
0.493895,0.0
0.518569,1.0
0.518569,1.0
0.493895,0.0
0.493895,0.0
0.518569,1.0
0.493895,0.0
0.518569,1.0
0.499922,0.0
0.511904,1.0
0.532489,1.0
0.511904,0.0
0.499922,0.0
0.532489,0.0
0.532489,0.0
0.532489,1.0
0.532489,1.0
0.532489,0.0
0.532489,1.0
0.532489,1.0
0.521149,1.0
0.532489,0.0
0.532489,1.0
0.532489,0.0
0.499922,0.0
0.499922,1.0
0.532489,1.0
0.532489,1.0
0.511904,1.0
0.499922,1.0
0.499922,1.0
0.532489,0.0
0.532489,0.0
0.499922,1.0
0.499922,1.0
0.532489,1.0
0.499922,1.0
0.499922,0.0
0.499922,1.0
0.532489,0.0
0.532489,1.0
0.532489,0.0
0.511904,1.0
0.532489,0.0
0.499922,1.0
0.532489,1.0
0.499922,1.0
0.511904,1.0
0.499922,1.0
0.499922,0.0
0.499922,1.0
0.532489,0.0
0.532489,0.0
0.511904,0.0
0.499922,1.0
0.532489,0.0
0.532489,1.0
0.499922,0.0
0.499922,1.0
0.499922,1.0
0.521149,1.0
0.499922,1.0
0.532489,1.0
0.532489,1.0
0.499922,1.0
0.532489,0.0
0.532489,0.0
0.532489,0.0
0.532489,1.0
0.532489,1.0
0.499922,0.0
0.532489,1.0
0.511904,1.0
0.532489,0.0
0.532489,0.0
0.511904,1.0
0.532489,1.0
0.499922,0.0
0.499922,1.0
0.511904,1.0
0.532489,1.0
0.511904,1.0
0.511904,0.0
0.499922,1.0
0.499922,1.0
0.532489,1.0
0.499922,1.0
0.499922,0.0
0.499922,1.0
0.499922,0.0
0.532489,1.0
0.511904,1.0
0.511904,0.0
0.532489,1.0
0.532489,0.0
0.499922,1.0
0.511904,1.0
0.499922,1.0
0.532489,0.0
0.499922,1.0
0.532489,1.0
0.499922,0.0
0.499922,0.0
0.532489,1.0
0.532489,1.0
0.499922,1.0
0.532489,1.0
0.499922,1.0
0.581833,0.0
0.562203,1.0
0.558531,1.0
0.580036,1.0
0.581833,0.0
0.576364,0.0
0.576364,1.0
0.558531,1.0
0.558531,1.0
0.576364,1.0
0.558531,1.0
0.558531,0.0
0.560397,1.0
0.576364,1.0
0.558531,1.0
0.576364,1.0
0.581833,1.0
0.564084,0.0
0.558531,1.0
0.558531,1.0
0.562203,0.0
0.564084,0.0
0.564084,1.0
0.576364,1.0
0.576364,1.0
0.564084,1.0
0.564084,1.0
0.558531,1.0
0.564084,0.0
0.581833,1.0
0.564084,1.0
0.576364,1.0
0.558531,1.0
0.576364,1.0
0.562203,1.0
0.576364,1.0
0.564084,1.0
0.558531,1.0
0.564084,1.0
0.562203,1.0
0.564084,1.0
0.581833,1.0
0.564084,0.0
0.576364,1.0
0.576364,1.0
0.580036,0.0
0.564084,0.0
0.576364,1.0
0.558531,1.0
0.581833,1.0
0.564084,1.0
0.564084,1.0
0.560397,1.0
0.564084,1.0
0.558531,1.0
0.558531,0.0
0.564084,1.0
0.576364,0.0
0.576364,0.0
0.576364,0.0
0.558531,0.0
0.558531,0.0
0.581833,0.0
0.558531,0.0
0.562203,0.0
0.576364,1.0
0.576364,0.0
0.562203,0.0
0.558531,1.0
0.581833,1.0
0.564084,0.0
0.562203,1.0
0.558531,1.0
0.562203,0.0
0.580036,1.0
0.564084,0.0
0.564084,0.0
0.558531,1.0
0.564084,0.0
0.581833,1.0
0.564084,1.0
0.581833,1.0
0.558531,0.0
0.562203,0.0
0.580036,0.0
0.558531,1.0
0.576364,0.0
0.564084,1.0
0.562203,1.0
0.564084,0.0
0.576364,1.0
0.564084,1.0
0.558531,1.0
0.581833,1.0
0.581833,1.0
0.558531,1.0
0.558531,1.0
0.564084,1.0
0.558531,1.0
0.564084,0.0
0.541606,0.0
0.544438,1.0
0.54565,0.0
0.543012,1.0
0.541606,0.0
0.543231,1.0
0.544227,1.0
0.54565,1.0
0.54565,0.0
0.544227,0.0
0.54565,1.0
0.545091,1.0
0.544676,1.0
0.544227,0.0
0.54565,1.0
0.544227,1.0
0.542573,1.0
0.54289,0.0
0.54565,0.0
0.54565,1.0
0.543864,0.0
0.54289,0.0
0.543453,0.0
0.544227,0.0
0.544227,1.0
0.543453,0.0
0.543453,1.0
0.54565,1.0
0.54289,1.0
0.542573,0.0
0.543453,1.0
0.544227,1.0
0.54565,1.0
0.544227,0.0
0.544438,1.0
0.544227,1.0
0.543453,1.0
0.54565,1.0
0.543453,1.0
0.544438,1.0
0.543453,1.0
0.542573,1.0
0.54289,1.0
0.544227,1.0
0.544227,1.0
0.542024,0.0
0.54289,0.0
0.544227,1.0
0.54565,1.0
0.542573,1.0
0.543453,1.0
0.543453,1.0
0.544676,1.0
0.543453,1.0
0.54565,1.0
0.545091,0.0
0.543453,1.0
0.543231,0.0
0.543231,0.0
0.543231,0.0
0.545091,1.0
0.545091,0.0
0.541606,1.0
0.545091,1.0
0.543864,1.0
0.544227,1.0
0.543231,1.0
0.543864,0.0
0.54565,1.0
0.542573,0.0
0.54289,0.0
0.544438,1.0
0.54565,1.0
0.543864,1.0
0.543012,0.0
0.54289,1.0
0.54289,1.0
0.54565,1.0
0.54289,1.0
0.542573,1.0
0.543453,0.0
0.542573,1.0
0.545091,1.0
0.543864,1.0
0.542024,1.0
0.54565,1.0
0.543231,0.0
0.543453,0.0
0.544438,1.0
0.54289,0.0
0.544227,1.0
0.543453,1.0
0.54565,0.0
0.542573,1.0
0.542573,1.0
0.54565,0.0
0.54565,1.0
0.543453,1.0
0.54565,1.0
0.54289,1.0
0.590347,0.0
0.561874,1.0
0.557866,1.0
0.591435,1.0
0.590347,1.0
0.593204,1.0
0.592213,0.0
0.560573,1.0
0.557866,1.0
0.591923,1.0
0.560573,1.0
0.559029,1.0
0.560037,1.0
0.591923,0.0
0.560573,1.0
0.592213,1.0
0.589872,1.0
0.556741,0.0
0.557866,0.0
0.560573,1.0
0.557709,1.0
0.556741,0.0
0.558431,1.0
0.591923,1.0
0.592213,1.0
0.558431,1.0
0.561355,0.0
0.560573,1.0
0.559573,0.0
0.589411,1.0
0.561355,1.0
0.592213,0.0
0.560573,1.0
0.591923,0.0
0.561874,1.0
0.592213,1.0
0.561355,1.0
0.560573,0.0
0.561355,1.0
0.561874,0.0
0.561355,1.0
0.589872,1.0
0.559573,0.0
0.592213,1.0
0.592213,0.0
0.592076,0.0
0.556741,1.0
0.592213,0.0
0.560573,1.0
0.589872,1.0
0.561355,1.0
0.561355,1.0
0.560037,1.0
0.561355,0.0
0.560573,1.0
0.556417,0.0
0.561355,1.0
0.592976,0.0
0.592976,1.0
0.592976,0.0
0.559029,1.0
0.556417,0.0
0.59074,1.0
0.559029,0.0
0.560345,1.0
0.592213,1.0
0.593204,0.0
0.557709,1.0
0.560573,1.0
0.589411,1.0
0.556741,1.0
0.561874,1.0
0.560573,1.0
0.560345,1.0
0.591082,1.0
0.559573,0.0
0.559573,0.0
0.560573,1.0
0.559573,0.0
0.589872,1.0
0.558431,1.0
0.589872,1.0
0.559029,1.0
0.560345,1.0
0.592366,1.0
0.560573,1.0
0.592976,0.0
0.558431,1.0
0.561874,1.0
0.556741,1.0
0.592213,0.0
0.561355,1.0
0.557866,0.0
0.589872,1.0
0.589872,1.0
0.557866,1.0
0.560573,1.0
0.561355,1.0
0.560573,1.0
0.559573,0.0
0.577314,1.0
0.578497,1.0
0.576448,0.0
0.579776,1.0
0.579208,1.0
0.57982,1.0
0.578103,1.0
0.579548,1.0
0.576448,1.0
0.579737,0.0
0.579548,1.0
0.573831,1.0
0.577822,1.0
0.578015,1.0
0.579548,1.0
0.579975,1.0
0.579748,0.0
0.560491,0.0
0.569614,1.0
0.579548,1.0
0.570479,1.0
0.560491,1.0
0.573481,0.0
0.579737,1.0
0.579975,0.0
0.573481,0.0
0.568886,0.0
0.579548,0.0
0.562798,1.0
0.579382,1.0
0.576764,1.0
0.578103,1.0
0.579548,1.0
0.578015,0.0
0.578497,1.0
0.579975,1.0
0.576764,1.0
0.572403,0.0
0.576764,1.0
0.571217,1.0
0.576764,0.0
0.579748,0.0
0.562798,1.0
0.579975,1.0
0.578103,0.0
0.577617,1.0
0.567784,1.0
0.578103,0.0
0.579548,0.0
0.579748,1.0
0.576764,1.0
0.576764,1.0
0.577822,1.0
0.568886,1.0
0.579548,1.0
0.564858,0.0
0.576764,1.0
0.578026,1.0
0.579634,1.0
0.578026,1.0
0.573831,1.0
0.564858,1.0
0.579497,1.0
0.56695,1.0
0.572886,0.0
0.579975,0.0
0.578072,1.0
0.570479,0.0
0.579548,0.0
0.579382,0.0
0.567784,0.0
0.578497,1.0
0.579548,1.0
0.572886,1.0
0.579481,1.0
0.562798,1.0
0.562798,0.0
0.579548,1.0
0.562798,1.0
0.579748,0.0
0.573481,1.0
0.579748,0.0
0.573831,1.0
0.572886,1.0
0.579585,0.0
0.579548,1.0
0.578026,0.0
0.573481,1.0
0.578497,0.0
0.567784,0.0
0.578103,0.0
0.576764,0.0
0.569614,1.0
0.579748,0.0
0.579748,1.0
0.576448,0.0
0.579548,1.0
0.576764,1.0
0.579548,1.0
0.562798,1.0
0.594223,1.0
0.605897,1.0
0.539783,1.0
0.595483,1.0
0.595,1.0
0.5947,1.0
0.594353,1.0
0.606585,1.0
0.602951,1.0
0.561659,0.0
0.606585,1.0
0.600596,1.0
0.605941,1.0
0.593945,1.0
0.606585,1.0
0.595118,1.0
0.559451,1.0
0.519562,1.0
0.596042,1.0
0.606585,0.0
0.597311,1.0
0.587066,0.0
0.532637,1.0
0.594632,1.0
0.561044,1.0
0.532637,0.0
0.525726,1.0
0.541974,0.0
0.589325,1.0
0.59543,1.0
0.605081,1.0
0.594353,1.0
0.606585,1.0
0.562077,1.0
0.605897,1.0
0.595118,1.0
0.605081,1.0
0.533963,1.0
0.605081,1.0
0.597994,1.0
0.535311,1.0
0.559451,1.0
0.589325,1.0
0.595118,1.0
0.561411,0.0
0.593851,1.0
0.594747,1.0
0.561411,0.0
0.541974,1.0
0.596012,1.0
0.605081,0.0
0.605081,1.0
0.605941,0.0
0.596118,1.0
0.606585,1.0
0.530032,0.0
0.605081,1.0
0.593601,0.0
0.594244,1.0
0.593601,0.0
0.600596,1.0
0.591959,1.0
0.595539,1.0
0.593674,1.0
0.534381,1.0
0.561044,1.0
0.593989,1.0
0.533655,0.0
0.541974,0.0
0.560131,1.0
0.526956,1.0
0.605897,1.0
0.606585,1.0
0.599873,1.0
0.594957,1.0
0.589325,1.0
0.519723,1.0
0.606585,1.0
0.589325,1.0
0.559451,0.0
0.601051,1.0
0.559451,0.0
0.600596,1.0
0.599873,1.0
0.560675,1.0
0.606585,1.0
0.56248,1.0
0.601051,1.0
0.539936,1.0
0.526956,1.0
0.561411,1.0
0.535311,0.0
0.596042,1.0
0.559451,1.0
0.596012,1.0
0.539783,1.0
0.606585,1.0
0.605081,1.0
0.606585,1.0
0.589325,1.0
0.582558,1.0
0.499268,0.0
0.490502,0.0
0.576683,1.0
0.578874,1.0
0.582122,0.0
0.583554,0.0
0.491219,0.0
0.484064,0.0
0.608769,0.0
0.491219,0.0
0.488334,0.0
0.509584,0.0
0.586453,0.0
0.491219,0.0
0.579926,0.0
0.588545,1.0
0.505298,0.0
0.482225,1.0
0.493164,0.0
0.488666,1.0
0.501534,1.0
0.513517,1.0
0.582929,0.0
0.595016,0.0
0.515851,1.0
0.521599,1.0
0.499229,0.0
0.509242,0.0
0.576532,1.0
0.518202,0.0
0.583554,0.0
0.491219,0.0
0.600991,0.0
0.499268,1.0
0.579926,0.0
0.518202,1.0
0.494183,0.0
0.518202,1.0
0.49585,0.0
0.524859,1.0
0.588545,0.0
0.509242,1.0
0.579926,0.0
0.609369,0.0
0.585574,1.0
0.502291,1.0
0.609369,0.0
0.496817,0.0
0.57293,1.0
0.52009,1.0
0.518202,1.0
0.511343,0.0
0.514818,0.0
0.491219,0.0
0.494973,0.0
0.518202,1.0
0.600928,0.0
0.584929,0.0
0.600928,0.0
0.488334,0.0
0.483437,0.0
0.575514,0.0
0.48614,0.0
0.50137,1.0
0.595016,0.0
0.585634,0.0
0.498366,0.0
0.499229,0.0
0.591886,1.0
0.508574,1.0
0.499268,1.0
0.491219,1.0
0.495178,1.0
0.57992,1.0
0.509242,0.0
0.515886,1.0
0.491219,1.0
0.509242,0.0
0.599264,1.0
0.507342,1.0
0.599264,1.0
0.488334,0.0
0.495178,0.0
0.594169,0.0
0.491219,0.0
0.602695,0.0
0.507342,1.0
0.504991,0.0
0.508574,1.0
0.598355,0.0
0.52723,1.0
0.482225,0.0
0.588545,1.0
0.57293,1.0
0.490502,0.0
0.491219,1.0
0.518202,0.0
0.491219,0.0
0.509242,1.0
0.386675,0.0
0.662811,1.0
0.662711,1.0
0.391901,1.0
0.390224,0.0
0.414774,0.0
0.412684,1.0
0.650181,1.0
0.628024,0.0
0.402104,0.0
0.650181,1.0
0.639069,0.0
0.680171,1.0
0.410392,0.0
0.650181,1.0
0.416251,0.0
0.394917,1.0
0.708019,0.0
0.613943,0.0
0.667357,1.0
0.625344,1.0
0.697396,1.0
0.712181,0.0
0.41383,0.0
0.414984,0.0
0.742874,1.0
0.722414,1.0
0.708569,0.0
0.685757,1.0
0.391787,0.0
0.68662,1.0
0.412684,0.0
0.650181,1.0
0.408614,1.0
0.660099,1.0
0.416251,1.0
0.686909,1.0
0.682371,1.0
0.686909,1.0
0.661434,1.0
0.71799,1.0
0.421568,1.0
0.685637,1.0
0.416251,0.0
0.400934,0.0
0.384552,0.0
0.671552,0.0
0.400934,1.0
0.683274,1.0
0.394841,0.0
0.714585,1.0
0.686909,1.0
0.704268,1.0
0.688324,0.0
0.650181,0.0
0.6523,0.0
0.686909,1.0
0.398787,0.0
0.412546,0.0
0.398787,0.0
0.639069,1.0
0.604101,1.0
0.420215,0.0
0.634112,0.0
0.689068,1.0
0.414984,0.0
0.411332,1.0
0.687454,1.0
0.708569,0.0
0.391459,0.0
0.70927,0.0
0.660099,1.0
0.645874,0.0
0.650515,0.0
0.389276,0.0
0.685757,1.0
0.721977,1.0
0.645874,1.0
0.685757,1.0
0.385976,0.0
0.677226,1.0
0.385976,1.0
0.639069,1.0
0.654352,1.0
0.416254,0.0
0.650181,1.0
0.407293,0.0
0.677226,0.0
0.695043,1.0
0.70927,0.0
0.411141,0.0
0.750893,0.0
0.621919,0.0
0.394917,1.0
0.394841,1.0
0.662711,0.0
0.645874,1.0
0.68662,1.0
0.650181,1.0
0.685637,1.0
0.32475,0.0
0.678276,1.0
0.701959,0.0
0.405982,1.0
0.326497,0.0
0.339076,0.0
0.42042,1.0
0.668629,1.0
0.585715,0.0
0.341742,0.0
0.668629,1.0
0.603118,1.0
0.68715,1.0
0.336845,0.0
0.668629,1.0
0.339652,0.0
0.413713,0.0
0.697797,1.0
0.575566,1.0
0.696743,0.0
0.652833,1.0
0.717019,1.0
0.686902,0.0
0.338561,1.0
0.343639,0.0
0.729429,1.0
0.716766,1.0
0.70585,0.0
0.695296,1.0
0.327092,0.0
0.690035,1.0
0.337857,0.0
0.668629,0.0
0.422055,0.0
0.673102,1.0
0.422774,0.0
0.681621,1.0
0.714779,1.0
0.681621,0.0
0.679746,0.0
0.711286,1.0
0.431783,1.0
0.688604,1.0
0.339652,0.0
0.34092,0.0
0.323891,1.0
0.64228,0.0
0.422336,0.0
0.710614,0.0
0.328494,0.0
0.700974,0.0
0.681621,1.0
0.707816,0.0
0.658902,0.0
0.616158,0.0
0.666382,0.0
0.681621,1.0
0.336356,1.0
0.338084,0.0
0.336356,0.0
0.661313,1.0
0.625309,0.0
0.341588,0.0
0.59753,0.0
0.713276,0.0
0.343639,0.0
0.419704,0.0
0.738815,1.0
0.70585,0.0
0.331966,0.0
0.689894,1.0
0.673102,0.0
0.614007,0.0
0.621956,1.0
0.326041,0.0
0.695296,0.0
0.721353,1.0
0.664345,1.0
0.695296,1.0
0.335362,0.0
0.681149,0.0
0.414474,0.0
0.661313,1.0
0.674768,1.0
0.344476,0.0
0.668629,1.0
0.339287,0.0
0.644482,1.0
0.715366,1.0
0.689894,1.0
0.341336,0.0
0.707746,0.0
0.577629,0.0
0.413713,0.0
0.407718,0.0
0.650781,0.0
0.664345,1.0
0.690035,1.0
0.668629,0.0
0.688604,1.0
0.278159,0.0
0.692257,1.0
0.690829,0.0
0.436144,1.0
0.278485,0.0
0.28045,1.0
0.445512,0.0
0.685612,1.0
0.548178,0.0
0.288021,0.0
0.685612,1.0
0.645306,0.0
0.698406,1.0
0.280071,0.0
0.685612,1.0
0.280421,0.0
0.361829,1.0
0.742762,0.0
0.609205,1.0
0.683058,0.0
0.681169,1.0
0.741964,1.0
0.721274,0.0
0.347562,0.0
0.28457,0.0
0.768187,0.0
0.755046,1.0
0.731911,1.0
0.706593,1.0
0.278475,0.0
0.701472,1.0
0.280144,1.0
0.644543,0.0
0.364844,0.0
0.694747,1.0
0.362082,0.0
0.707941,1.0
0.729773,0.0
0.68347,1.0
0.658889,0.0
0.749934,1.0
0.45715,0.0
0.712451,1.0
0.280421,0.0
0.287661,0.0
0.343424,0.0
0.658059,0.0
0.369601,0.0
0.698199,1.0
0.278646,0.0
0.720438,1.0
0.707941,0.0
0.70273,0.0
0.671011,0.0
0.607616,1.0
0.708012,0.0
0.707941,1.0
0.351823,0.0
0.280381,0.0
0.28423,0.0
0.68225,1.0
0.586508,0.0
0.280659,1.0
0.572635,0.0
0.714302,0.0
0.28457,1.0
0.360658,0.0
0.74993,0.0
0.731911,0.0
0.283117,0.0
0.745214,1.0
0.661106,1.0
0.612693,0.0
0.675152,0.0
0.278407,0.0
0.68015,0.0
0.755727,1.0
0.687101,1.0
0.706593,1.0
0.2889,0.0
0.675913,1.0
0.367917,0.0
0.68225,1.0
0.691653,1.0
0.284863,0.0
0.685612,0.0
0.28339,0.0
0.697909,1.0
0.728638,1.0
0.745214,1.0
0.283879,0.0
0.762379,0.0
0.53084,0.0
0.361829,0.0
0.354468,0.0
0.666494,0.0
0.687101,0.0
0.701472,1.0
0.644543,0.0
0.712451,1.0
0.622135,1.0
0.582008,1.0
0.563603,1.0
0.578271,0.0
0.622162,1.0
0.610165,1.0
0.593726,1.0
0.57853,0.0
0.582832,1.0
0.621145,1.0
0.57853,1.0
0.578094,1.0
0.585727,0.0
0.622389,0.0
0.57853,0.0
0.622465,1.0
0.596888,1.0
0.551713,0.0
0.563959,0.0
0.570462,1.0
0.571738,0.0
0.539781,1.0
0.565136,1.0
0.60966,1.0
0.621913,0.0
0.541338,0.0
0.542435,1.0
0.535967,1.0
0.57917,1.0
0.622192,1.0
0.586942,1.0
0.610161,0.0
0.582917,1.0
0.611461,0.0
0.583114,1.0
0.612095,1.0
0.587793,1.0
0.555698,0.0
0.587879,1.0
0.584212,1.0
0.547246,0.0
0.591416,1.0
0.578655,0.0
0.622465,1.0
0.621169,1.0
0.609713,0.0
0.588349,0.0
0.610418,0.0
0.557508,1.0
0.622229,1.0
0.55856,1.0
0.59428,1.0
0.572115,0.0
0.591718,0.0
0.572588,1.0
0.537124,0.0
0.587793,1.0
0.608662,0.0
0.622396,1.0
0.621576,0.0
0.573556,1.0
0.573305,0.0
0.61026,1.0
0.578715,0.0
0.556692,1.0
0.609522,1.0
0.612196,0.0
0.537155,0.0
0.542254,1.0
0.62159,1.0
0.547185,1.0
0.581593,1.0
0.583966,1.0
0.585616,1.0
0.622154,1.0
0.587336,1.0
0.539701,0.0
0.57999,1.0
0.57917,0.0
0.620667,1.0
0.584044,1.0
0.610284,1.0
0.573556,0.0
0.577933,1.0
0.621902,0.0
0.585061,1.0
0.621906,0.0
0.58632,1.0
0.551438,0.0
0.547185,0.0
0.62192,1.0
0.544042,0.0
0.584941,0.0
0.611556,0.0
0.612705,1.0
0.568979,1.0
0.586688,1.0
0.586942,1.0
0.582917,0.0
0.578655,0.0
0.530046,0.0
0.524639,1.0
0.522644,0.0
0.539853,0.0
0.53004,1.0
0.532774,0.0
0.538815,1.0
0.527,0.0
0.557588,0.0
0.530285,0.0
0.526442,1.0
0.547221,0.0
0.523733,0.0
0.528935,0.0
0.527,0.0
0.52997,0.0
0.536452,1.0
0.516104,0.0
0.54624,0.0
0.525173,1.0
0.52719,0.0
0.514673,1.0
0.517533,0.0
0.533601,0.0
0.529048,1.0
0.517779,0.0
0.513918,0.0
0.517136,1.0
0.521576,1.0
0.530033,0.0
0.522469,1.0
0.531735,1.0
0.535678,0.0
0.531864,0.0
0.524139,0.0
0.532775,1.0
0.52175,1.0
0.51708,1.0
0.52364,1.0
0.530461,1.0
0.514527,0.0
0.539613,0.0
0.520846,1.0
0.52997,1.0
0.530278,0.0
0.532503,0.0
0.532475,1.0
0.532152,1.0
0.51942,1.0
0.530024,1.0
0.515723,0.0
0.522883,1.0
0.520913,0.0
0.529081,1.0
0.543156,0.0
0.521111,0.0
0.52175,1.0
0.532796,0.0
0.529988,0.0
0.529125,0.0
0.527352,1.0
0.56077,0.0
0.532751,0.0
0.564318,1.0
0.517357,0.0
0.532936,1.0
0.531662,0.0
0.518676,0.0
0.517515,1.0
0.530182,0.0
0.514359,0.0
0.527182,1.0
0.550121,1.0
0.533429,0.0
0.530042,1.0
0.525242,1.0
0.515534,0.0
0.525884,1.0
0.521889,1.0
0.530406,0.0
0.524672,0.0
0.533312,0.0
0.527804,0.0
0.525023,1.0
0.52905,1.0
0.529215,1.0
0.52905,0.0
0.524668,0.0
0.516235,1.0
0.515107,1.0
0.530102,1.0
0.516626,1.0
0.548416,0.0
0.531858,1.0
0.532625,0.0
0.53012,0.0
0.528369,1.0
0.522469,1.0
0.536226,1.0
0.520846,0.0
0.333366,1.0
0.675636,1.0
0.709627,1.0
0.471637,1.0
0.338533,0.0
0.369667,1.0
0.38082,1.0
0.680667,1.0
0.325776,1.0
0.333464,0.0
0.675104,1.0
0.639837,0.0
0.681517,1.0
0.328788,0.0
0.680667,1.0
0.331752,0.0
0.399966,1.0
0.735084,1.0
0.639752,1.0
0.69081,1.0
0.685006,1.0
0.734702,1.0
0.718718,1.0
0.350495,1.0
0.334137,0.0
0.739345,1.0
0.73227,1.0
0.738329,1.0
0.682419,1.0
0.333107,0.0
0.675803,1.0
0.370762,0.0
0.661336,1.0
0.33512,0.0
0.678097,1.0
0.343419,0.0
0.672495,1.0
0.729752,1.0
0.673099,1.0
0.666645,1.0
0.731108,1.0
0.380477,0.0
0.685958,1.0
0.337066,0.0
0.333496,0.0
0.347341,0.0
0.664204,1.0
0.342328,0.0
0.718841,1.0
0.338281,0.0
0.719494,1.0
0.669478,1.0
0.711513,1.0
0.667475,0.0
0.649753,0.0
0.742913,1.0
0.672495,0.0
0.348017,0.0
0.331972,1.0
0.329913,0.0
0.676703,1.0
0.476435,1.0
0.369264,0.0
0.414339,0.0
0.731414,1.0
0.376415,1.0
0.334252,0.0
0.747294,1.0
0.737977,0.0
0.333578,1.0
0.729875,1.0
0.674423,1.0
0.631726,0.0
0.6631,0.0
0.33858,0.0
0.674654,1.0
0.735955,1.0
0.67455,1.0
0.685886,1.0
0.334673,0.0
0.679063,1.0
0.342478,0.0
0.682632,1.0
0.677468,1.0
0.334083,0.0
0.666626,1.0
0.329225,0.0
0.673481,0.0
0.731642,1.0
0.728271,1.0
0.337697,1.0
0.727774,0.0
0.305889,0.0
0.341522,0.0
0.338949,0.0
0.686691,0.0
0.666302,0.0
0.675803,1.0
0.662418,1.0
0.690496,1.0
0.375633,0.0
0.721406,1.0
0.759449,1.0
0.48787,1.0
0.30942,0.0
0.399762,0.0
0.40476,1.0
0.716057,1.0
0.338105,1.0
0.305834,1.0
0.715808,1.0
0.626143,0.0
0.727153,1.0
0.30334,0.0
0.716057,1.0
0.305157,0.0
0.422743,0.0
0.790977,0.0
0.667478,1.0
0.737898,1.0
0.717642,1.0
0.791258,1.0
0.78508,0.0
0.385024,0.0
0.306669,0.0
0.799755,1.0
0.80251,1.0
0.790361,1.0
0.735073,1.0
0.305849,0.0
0.729736,1.0
0.325697,1.0
0.696974,0.0
0.304259,0.0
0.725705,1.0
0.309967,0.0
0.735066,1.0
0.781006,1.0
0.726205,0.0
0.707436,0.0
0.800549,1.0
0.324366,1.0
0.742798,1.0
0.308631,0.0
0.305857,1.0
0.310545,0.0
0.702827,0.0
0.308737,0.0
0.767249,0.0
0.309288,0.0
0.789325,1.0
0.730836,1.0
0.761025,0.0
0.695823,0.0
0.644469,1.0
0.783428,0.0
0.723682,1.0
0.310657,0.0
0.374676,1.0
0.303788,0.0
0.714077,1.0
0.426695,1.0
0.323742,0.0
0.296736,1.0
0.782357,0.0
0.406276,0.0
0.303957,0.0
0.789446,1.0
0.781918,0.0
0.375666,0.0
0.798419,1.0
0.712832,1.0
0.619156,0.0
0.681556,1.0
0.309445,0.0
0.721314,0.0
0.800214,1.0
0.717764,0.0
0.73518,1.0
0.306401,1.0
0.722956,1.0
0.308289,1.0
0.714763,1.0
0.720878,1.0
0.306636,0.0
0.711159,1.0
0.303478,0.0
0.71218,1.0
0.783817,1.0
0.795264,1.0
0.379217,0.0
0.798463,0.0
0.274148,1.0
0.308527,1.0
0.306896,0.0
0.714082,0.0
0.696388,1.0
0.729736,1.0
0.693202,1.0
0.74538,1.0
0.578327,1.0
0.717973,1.0
0.498881,0.0
0.569268,1.0
0.577709,1.0
0.579018,1.0
0.57325,0.0
0.715128,1.0
0.576075,1.0
0.576945,0.0
0.717684,1.0
0.670506,0.0
0.716325,1.0
0.577631,1.0
0.715128,1.0
0.577665,1.0
0.57979,0.0
0.385984,0.0
0.672052,1.0
0.614987,0.0
0.696143,1.0
0.376087,0.0
0.428763,0.0
0.578778,0.0
0.577674,0.0
0.361197,0.0
0.373754,1.0
0.366869,0.0
0.692475,1.0
0.577676,1.0
0.717103,1.0
0.576826,1.0
0.710426,1.0
0.577918,1.0
0.714915,1.0
0.577971,1.0
0.713211,0.0
0.400852,0.0
0.719872,0.0
0.715268,1.0
0.379583,1.0
0.577819,0.0
0.660284,0.0
0.577698,0.0
0.576943,0.0
0.578041,1.0
0.71213,1.0
0.577975,1.0
0.462011,0.0
0.577706,1.0
0.420751,0.0
0.717582,0.0
0.522815,0.0
0.717054,1.0
0.689872,1.0
0.368972,0.0
0.715884,0.0
0.578071,0.0
0.572994,1.0
0.577651,1.0
0.711678,1.0
0.574701,0.0
0.578205,1.0
0.582204,1.0
0.406266,1.0
0.579264,0.0
0.577898,0.0
0.361566,0.0
0.371647,0.0
0.578338,0.0
0.382579,0.0
0.717943,1.0
0.672159,0.0
0.70855,1.0
0.577709,0.0
0.714821,1.0
0.369584,0.0
0.717041,0.0
0.68292,1.0
0.576945,1.0
0.715707,1.0
0.577292,0.0
0.707667,1.0
0.712174,1.0
0.577674,0.0
0.717593,1.0
0.577642,0.0
0.717428,1.0
0.396025,0.0
0.380703,0.0
0.578498,1.0
0.366216,0.0
0.579297,1.0
0.577203,0.0
0.577934,0.0
0.649836,0.0
0.716069,1.0
0.717103,0.0
0.711467,0.0
0.655469,1.0
0.361235,1.0
0.725039,1.0
0.76648,1.0
0.545476,1.0
0.31947,1.0
0.368561,1.0
0.449719,1.0
0.719436,1.0
0.416345,1.0
0.36799,1.0
0.719467,1.0
0.638228,1.0
0.730678,1.0
0.3186,0.0
0.719436,1.0
0.318827,0.0
0.361686,1.0
0.78075,1.0
0.681046,1.0
0.738512,1.0
0.719658,1.0
0.7843,1.0
0.779886,1.0
0.347398,1.0
0.304804,0.0
0.791419,1.0
0.806415,1.0
0.782945,1.0
0.736599,1.0
0.318874,0.0
0.733417,0.0
0.389324,1.0
0.700245,1.0
0.317623,0.0
0.729226,1.0
0.318596,1.0
0.720314,1.0
0.777435,1.0
0.706313,1.0
0.708727,1.0
0.805052,1.0
0.368775,0.0
0.735009,1.0
0.305094,1.0
0.367999,0.0
0.317991,0.0
0.705221,1.0
0.318251,1.0
0.764989,0.0
0.31946,0.0
0.787837,1.0
0.71607,1.0
0.760171,1.0
0.709914,1.0
0.675272,1.0
0.773126,1.0
0.721973,1.0
0.303643,1.0
0.448027,1.0
0.318575,0.0
0.71723,1.0
0.404756,1.0
0.319425,1.0
0.350599,0.0
0.785792,1.0
0.355891,0.0
0.303454,0.0
0.781564,1.0
0.781958,0.0
0.345528,0.0
0.792238,1.0
0.717798,1.0
0.634822,1.0
0.70083,1.0
0.30516,1.0
0.720298,1.0
0.792445,1.0
0.698208,1.0
0.736134,1.0
0.384295,0.0
0.727207,1.0
0.367399,1.0
0.717435,1.0
0.723895,1.0
0.3048,1.0
0.715274,1.0
0.304323,0.0
0.729248,1.0
0.779287,1.0
0.788773,1.0
0.362515,0.0
0.79705,1.0
0.368007,1.0
0.367896,0.0
0.303812,1.0
0.714332,0.0
0.713664,1.0
0.714768,1.0
0.681344,1.0
0.746434,1.0
0.533963,0.0
0.525835,1.0
0.519014,1.0
0.540961,0.0
0.531267,1.0
0.534488,0.0
0.538314,1.0
0.525307,1.0
0.536646,1.0
0.533425,1.0
0.525429,1.0
0.540345,1.0
0.526245,1.0
0.537362,1.0
0.525307,1.0
0.53738,1.0
0.533403,1.0
0.523413,0.0
0.529349,0.0
0.518344,1.0
0.525335,0.0
0.524339,1.0
0.522149,1.0
0.532418,1.0
0.536094,1.0
0.526082,0.0
0.526816,0.0
0.524708,1.0
0.526902,0.0
0.537385,0.0
0.525831,1.0
0.535284,1.0
0.527267,1.0
0.537317,1.0
0.526337,1.0
0.53122,1.0
0.524957,1.0
0.522583,1.0
0.524213,0.0
0.526293,1.0
0.526384,1.0
0.539465,1.0
0.52148,1.0
0.529712,1.0
0.53934,1.0
0.537356,1.0
0.526652,1.0
0.531196,0.0
0.518323,1.0
0.537428,1.0
0.523317,1.0
0.524955,1.0
0.517731,0.0
0.526974,1.0
0.529838,0.0
0.523174,0.0
0.525525,1.0
0.529633,0.0
0.538116,1.0
0.537362,0.0
0.525325,1.0
0.536002,1.0
0.531301,1.0
0.539016,1.0
0.522892,1.0
0.539102,0.0
0.536019,1.0
0.52476,0.0
0.523161,1.0
0.538433,0.0
0.525096,0.0
0.525709,1.0
0.540767,1.0
0.526765,1.0
0.529717,0.0
0.526153,1.0
0.525718,1.0
0.523697,1.0
0.526542,1.0
0.540679,1.0
0.52634,0.0
0.533406,0.0
0.525184,0.0
0.525758,1.0
0.52969,1.0
0.525772,1.0
0.53606,0.0
0.527052,0.0
0.52305,1.0
0.524733,1.0
0.539981,1.0
0.526378,1.0
0.533959,1.0
0.539353,1.0
0.529636,1.0
0.52333,0.0
0.526355,1.0
0.524353,0.0
0.524803,1.0
0.526602,1.0
0.57686,1.0
0.600665,1.0
0.657789,0.0
0.496204,1.0
0.590677,1.0
0.57466,1.0
0.535187,0.0
0.599717,1.0
0.550657,0.0
0.571297,0.0
0.599803,0.0
0.583881,0.0
0.601117,1.0
0.630922,0.0
0.599717,0.0
0.630919,0.0
0.577953,1.0
0.658607,1.0
0.58098,1.0
0.636057,1.0
0.594544,1.0
0.66832,1.0
0.664361,1.0
0.582265,1.0
0.634295,0.0
0.660243,1.0
0.657312,1.0
0.668719,0.0
0.596207,1.0
0.63317,1.0
0.600184,1.0
0.562847,0.0
0.598477,1.0
0.631219,0.0
0.601372,1.0
0.591027,0.0
0.604576,1.0
0.666186,0.0
0.596262,1.0
0.60078,0.0
0.666566,1.0
0.616787,1.0
0.619797,1.0
0.595598,0.0
0.616416,0.0
0.631318,1.0
0.602178,1.0
0.591868,0.0
0.658794,0.0
0.630883,1.0
0.664812,1.0
0.603844,1.0
0.645744,1.0
0.602537,1.0
0.586484,0.0
0.659844,0.0
0.604291,1.0
0.597057,1.0
0.534866,0.0
0.633185,0.0
0.600165,0.0
0.559051,0.0
0.591157,1.0
0.621831,0.0
0.664835,0.0
0.626207,0.0
0.634562,1.0
0.660472,1.0
0.666349,1.0
0.627977,1.0
0.658519,1.0
0.60109,1.0
0.590915,0.0
0.60047,1.0
0.596442,1.0
0.602657,0.0
0.66875,1.0
0.602086,0.0
0.605624,1.0
0.611288,1.0
0.5939,1.0
0.571028,1.0
0.592618,1.0
0.601199,0.0
0.595648,1.0
0.599458,0.0
0.636573,0.0
0.593803,1.0
0.666696,1.0
0.667867,1.0
0.621462,0.0
0.668901,1.0
0.570739,0.0
0.616544,1.0
0.596014,1.0
0.609476,0.0
0.600709,1.0
0.595824,0.0
0.599571,0.0
0.609783,0.0
0.592391,0.0
0.604613,1.0
0.532755,0.0
0.553393,1.0
0.594246,0.0
0.592115,0.0
0.564357,1.0
0.602839,0.0
0.577612,1.0
0.580722,0.0
0.598986,1.0
0.589599,0.0
0.605794,0.0
0.599184,1.0
0.598694,0.0
0.599194,1.0
0.590393,0.0
0.538868,0.0
0.592678,0.0
0.544259,1.0
0.602313,0.0
0.540995,0.0
0.539448,1.0
0.591322,1.0
0.598958,1.0
0.542969,1.0
0.549307,1.0
0.536293,1.0
0.606296,0.0
0.605738,1.0
0.60585,0.0
0.580968,0.0
0.60054,1.0
0.599226,1.0
0.605595,1.0
0.587624,1.0
0.602219,1.0
0.534494,1.0
0.600148,1.0
0.598275,1.0
0.549174,1.0
0.602625,1.0
0.577757,0.0
0.587574,1.0
0.596329,0.0
0.605163,0.0
0.602591,0.0
0.588455,0.0
0.529341,1.0
0.605109,0.0
0.542124,0.0
0.602125,1.0
0.535414,1.0
0.603838,1.0
0.592224,0.0
0.532171,0.0
0.603232,1.0
0.595135,0.0
0.572512,1.0
0.599907,0.0
0.598378,0.0
0.577477,0.0
0.594428,1.0
0.59819,0.0
0.539166,0.0
0.598864,1.0
0.604889,0.0
0.539833,1.0
0.538044,1.0
0.604811,1.0
0.542923,0.0
0.603765,0.0
0.592774,1.0
0.601425,1.0
0.594991,1.0
0.600452,0.0
0.543571,0.0
0.593776,1.0
0.605529,0.0
0.603073,1.0
0.605467,1.0
0.588403,1.0
0.601939,0.0
0.600011,1.0
0.594274,1.0
0.598507,1.0
0.599654,0.0
0.606086,1.0
0.53938,0.0
0.542285,0.0
0.598631,0.0
0.54452,0.0
0.582696,0.0
0.602498,1.0
0.594363,1.0
0.579797,1.0
0.603257,1.0
0.5967,1.0
0.59154,1.0
0.59934,0.0
0.370426,0.0
0.695176,1.0
0.76024,0.0
0.65447,1.0
0.369404,0.0
0.370879,1.0
0.521962,1.0
0.68744,1.0
0.426871,0.0
0.413122,0.0
0.709978,1.0
0.665171,1.0
0.698704,1.0
0.354153,0.0
0.707668,1.0
0.35412,0.0
0.383564,1.0
0.743078,1.0
0.660641,1.0
0.726365,1.0
0.685049,1.0
0.75035,1.0
0.74834,0.0
0.384337,0.0
0.355344,0.0
0.755456,0.0
0.780897,1.0
0.769011,0.0
0.701653,1.0
0.336579,0.0
0.694635,1.0
0.408555,0.0
0.674755,0.0
0.354072,0.0
0.699507,0.0
0.389183,0.0
0.680063,1.0
0.764958,1.0
0.665066,1.0
0.700746,0.0
0.782237,0.0
0.344946,0.0
0.701882,1.0
0.390269,0.0
0.356864,0.0
0.335361,0.0
0.676519,0.0
0.379413,0.0
0.748393,0.0
0.335462,0.0
0.75628,1.0
0.676998,1.0
0.734005,1.0
0.683007,0.0
0.677125,1.0
0.754332,0.0
0.683096,0.0
0.364305,0.0
0.454253,0.0
0.347795,0.0
0.705405,1.0
0.426633,1.0
0.372602,1.0
0.351849,0.0
0.781107,1.0
0.353283,0.0
0.336748,0.0
0.745345,1.0
0.741276,1.0
0.338517,0.0
0.756388,1.0
0.686778,1.0
0.665535,1.0
0.676314,1.0
0.368602,0.0
0.708204,1.0
0.758463,1.0
0.680069,1.0
0.701853,1.0
0.342151,0.0
0.696193,1.0
0.391136,0.0
0.68344,1.0
0.71398,1.0
0.374185,0.0
0.706715,1.0
0.349049,0.0
0.699286,0.0
0.745955,1.0
0.75519,0.0
0.350272,0.0
0.761892,0.0
0.402414,0.0
0.345362,1.0
0.373875,0.0
0.686324,0.0
0.686301,1.0
0.693608,1.0
0.671546,1.0
0.731347,1.0
0.61749,1.0
0.591644,0.0
0.669329,0.0
0.542104,1.0
0.617903,1.0
0.60426,1.0
0.50498,0.0
0.591472,0.0
0.584378,0.0
0.594237,0.0
0.590376,0.0
0.589759,0.0
0.592086,0.0
0.624551,0.0
0.590598,0.0
0.624567,0.0
0.596801,0.0
0.66066,1.0
0.58905,0.0
0.642071,1.0
0.592773,1.0
0.661174,1.0
0.67257,0.0
0.608994,1.0
0.623979,0.0
0.674027,1.0
0.660214,0.0
0.672441,0.0
0.593995,1.0
0.63288,1.0
0.592699,1.0
0.597069,0.0
0.606861,0.0
0.624589,1.0
0.606281,1.0
0.606637,0.0
0.593793,0.0
0.659486,0.0
0.593356,1.0
0.605472,0.0
0.671655,1.0
0.628976,1.0
0.614508,1.0
0.606044,1.0
0.624291,0.0
0.634249,1.0
0.608439,1.0
0.613123,0.0
0.67073,1.0
0.634204,0.0
0.660137,1.0
0.593529,1.0
0.654809,1.0
0.608085,1.0
0.589724,0.0
0.673478,0.0
0.608691,1.0
0.620523,0.0
0.565485,0.0
0.628517,0.0
0.590943,0.0
0.570102,0.0
0.60188,1.0
0.626652,0.0
0.658972,0.0
0.625014,0.0
0.633613,1.0
0.660934,1.0
0.660403,0.0
0.632001,1.0
0.66108,1.0
0.592276,0.0
0.59242,0.0
0.592482,0.0
0.617346,1.0
0.59225,0.0
0.661424,1.0
0.592287,0.0
0.594604,0.0
0.630317,1.0
0.592254,1.0
0.60533,1.0
0.591691,0.0
0.590986,0.0
0.614416,1.0
0.590416,0.0
0.627927,0.0
0.606519,1.0
0.660487,1.0
0.673911,1.0
0.627401,0.0
0.673994,1.0
0.600583,0.0
0.616863,1.0
0.614578,1.0
0.618722,0.0
0.592134,1.0
0.592535,1.0
0.591532,0.0
0.596306,0.0
0.533923,0.0
0.513558,1.0
0.51466,0.0
0.524319,0.0
0.533956,1.0
0.536754,1.0
0.545735,1.0
0.514398,0.0
0.537446,0.0
0.536539,0.0
0.511086,1.0
0.521636,1.0
0.512962,0.0
0.534646,0.0
0.511215,0.0
0.534645,0.0
0.53948,1.0
0.518398,1.0
0.518817,0.0
0.514205,1.0
0.514386,0.0
0.517367,1.0
0.517632,0.0
0.534784,1.0
0.534705,1.0
0.517609,1.0
0.512833,0.0
0.515126,1.0
0.512481,0.0
0.533089,0.0
0.513124,1.0
0.536196,0.0
0.517968,0.0
0.533621,1.0
0.51317,0.0
0.535889,0.0
0.516601,0.0
0.514633,0.0
0.518179,1.0
0.514114,0.0
0.513231,0.0
0.533349,1.0
0.511655,1.0
0.534844,0.0
0.534423,0.0
0.532872,1.0
0.516971,1.0
0.535138,0.0
0.517096,0.0
0.533809,1.0
0.516064,0.0
0.516418,1.0
0.517923,0.0
0.516264,0.0
0.516995,0.0
0.517064,0.0
0.51627,1.0
0.534809,0.0
0.53902,0.0
0.534166,1.0
0.511673,1.0
0.541414,0.0
0.537089,0.0
0.534264,0.0
0.512006,0.0
0.534591,0.0
0.532926,0.0
0.518454,0.0
0.518686,1.0
0.533144,0.0
0.516462,0.0
0.514824,1.0
0.521784,0.0
0.516781,1.0
0.534173,0.0
0.51179,1.0
0.516301,0.0
0.516046,1.0
0.513244,1.0
0.533232,1.0
0.51292,1.0
0.535022,0.0
0.515018,0.0
0.510599,1.0
0.534407,0.0
0.511747,1.0
0.534223,0.0
0.51337,0.0
0.517865,1.0
0.51723,1.0
0.534206,1.0
0.516515,0.0
0.535982,0.0
0.535984,1.0
0.534395,0.0
0.51868,0.0
0.51439,0.0
0.513458,0.0
0.517332,0.0
0.509203,0.0
0.579392,1.0
0.73163,0.0
0.359523,1.0
0.603163,1.0
0.581707,1.0
0.580248,1.0
0.57625,1.0
0.736087,1.0
0.580877,1.0
0.580618,0.0
0.731835,1.0
0.722908,1.0
0.735741,1.0
0.579858,0.0
0.735903,1.0
0.579858,1.0
0.581559,1.0
0.345917,0.0
0.731991,1.0
0.379836,1.0
0.733499,1.0
0.347142,0.0
0.35306,1.0
0.581819,1.0
0.582234,0.0
0.346218,0.0
0.358048,1.0
0.347444,0.0
0.731743,1.0
0.57888,1.0
0.730157,1.0
0.580645,1.0
0.734262,1.0
0.581547,0.0
0.734402,1.0
0.58036,1.0
0.734075,1.0
0.356385,1.0
0.729336,1.0
0.735068,1.0
0.359196,1.0
0.581372,1.0
0.559959,1.0
0.579651,0.0
0.579924,0.0
0.581272,1.0
0.729429,1.0
0.580242,0.0
0.356896,1.0
0.581941,0.0
0.356821,1.0
0.729076,0.0
0.359485,0.0
0.733775,1.0
0.733388,1.0
0.352322,1.0
0.728809,0.0
0.579914,1.0
0.581186,1.0
0.582162,0.0
0.731468,1.0
0.579256,1.0
0.577801,1.0
0.579865,1.0
0.359914,1.0
0.57985,1.0
0.578897,0.0
0.352826,0.0
0.34287,0.0
0.578906,0.0
0.355553,0.0
0.731442,1.0
0.727335,1.0
0.730716,1.0
0.579261,1.0
0.730862,1.0
0.355559,0.0
0.730688,1.0
0.727558,1.0
0.581376,0.0
0.730228,1.0
0.579524,1.0
0.735689,1.0
0.731225,0.0
0.579316,1.0
0.731841,1.0
0.579773,0.0
0.734249,1.0
0.346891,0.0
0.347089,1.0
0.582233,0.0
0.354822,0.0
0.580555,1.0
0.580035,0.0
0.579312,0.0
0.7067,0.0
0.734599,1.0
0.733612,1.0
0.734727,1.0
0.725344,1.0
0.61536,1.0
0.593597,1.0
0.664043,1.0
0.605585,1.0
0.611984,1.0
0.579053,1.0
0.482641,0.0
0.597031,1.0
0.607099,1.0
0.619755,0.0
0.595256,0.0
0.599202,1.0
0.596654,1.0
0.619264,1.0
0.595303,0.0
0.607119,0.0
0.566024,1.0
0.662625,1.0
0.597684,1.0
0.658614,1.0
0.597391,1.0
0.662072,1.0
0.665881,1.0
0.610471,1.0
0.615948,0.0
0.662121,1.0
0.662918,0.0
0.661741,0.0
0.596373,1.0
0.614637,1.0
0.596673,1.0
0.608403,0.0
0.599339,1.0
0.623954,1.0
0.597035,0.0
0.6071,1.0
0.598958,1.0
0.664391,0.0
0.599653,1.0
0.598027,0.0
0.660993,1.0
0.611616,1.0
0.624746,1.0
0.626707,0.0
0.620335,0.0
0.61244,1.0
0.600009,0.0
0.620517,0.0
0.66455,0.0
0.616718,1.0
0.663849,1.0
0.595644,1.0
0.661633,1.0
0.59991,1.0
0.597466,0.0
0.665908,0.0
0.596091,1.0
0.607286,0.0
0.606458,1.0
0.617004,0.0
0.5957,0.0
0.561979,0.0
0.579652,1.0
0.608203,1.0
0.662264,1.0
0.607221,1.0
0.627294,0.0
0.662541,1.0
0.663309,0.0
0.626677,1.0
0.66108,1.0
0.597677,1.0
0.60065,1.0
0.598694,1.0
0.614009,1.0
0.596595,1.0
0.660903,1.0
0.598337,0.0
0.597679,1.0
0.624003,1.0
0.596518,0.0
0.613428,1.0
0.59733,1.0
0.592119,0.0
0.613738,1.0
0.595707,0.0
0.620016,1.0
0.597607,1.0
0.662297,1.0
0.665128,1.0
0.617258,0.0
0.661075,1.0
0.608304,0.0
0.592695,1.0
0.625824,1.0
0.603095,0.0
0.597613,1.0
0.596751,0.0
0.598499,0.0
0.596164,1.0
0.607543,1.0
0.619064,1.0
0.681722,0.0
0.62692,1.0
0.604938,1.0
0.581237,0.0
0.472293,0.0
0.611763,1.0
0.603976,0.0
0.596437,0.0
0.589675,0.0
0.613611,0.0
0.6115,0.0
0.615972,0.0
0.589458,1.0
0.580554,1.0
0.573303,1.0
0.689596,1.0
0.612508,0.0
0.677725,0.0
0.611271,1.0
0.689248,1.0
0.683463,1.0
0.604149,0.0
0.592179,0.0
0.689402,1.0
0.659568,1.0
0.667171,0.0
0.610743,1.0
0.606697,1.0
0.610949,1.0
0.582429,0.0
0.613625,0.0
0.61768,1.0
0.590666,1.0
0.603267,1.0
0.61414,1.0
0.660306,0.0
0.614238,1.0
0.591041,0.0
0.677949,1.0
0.604421,1.0
0.643573,0.0
0.59987,0.0
0.595809,0.0
0.604846,1.0
0.592446,1.0
0.596285,0.0
0.65999,1.0
0.613645,1.0
0.680483,1.0
0.620631,1.0
0.688663,0.0
0.612757,1.0
0.590207,0.0
0.661076,0.0
0.621001,1.0
0.58079,0.0
0.604256,0.0
0.59274,0.0
0.589916,0.0
0.548569,0.0
0.583008,0.0
0.603341,0.0
0.67962,1.0
0.60278,0.0
0.599484,0.0
0.68935,0.0
0.666523,0.0
0.619476,1.0
0.688416,1.0
0.612646,1.0
0.614173,0.0
0.613413,1.0
0.60668,1.0
0.611157,1.0
0.688318,1.0
0.591543,1.0
0.612875,1.0
0.617582,1.0
0.590605,1.0
0.606617,1.0
0.612123,0.0
0.596358,0.0
0.60658,1.0
0.589801,0.0
0.616292,0.0
0.610832,0.0
0.689384,0.0
0.681967,1.0
0.59295,1.0
0.688543,1.0
0.582232,0.0
0.597559,1.0
0.61937,1.0
0.603835,0.0
0.610911,1.0
0.590859,1.0
0.591142,0.0
0.611102,0.0
0.580105,1.0
0.737123,1.0
0.356833,0.0
0.644708,1.0
0.580224,1.0
0.5811,1.0
0.615201,0.0
0.738006,1.0
0.580001,1.0
0.578433,0.0
0.745112,1.0
0.739251,1.0
0.744401,1.0
0.576986,0.0
0.737941,1.0
0.581844,1.0
0.581852,0.0
0.343742,0.0
0.742426,1.0
0.367496,1.0
0.736863,1.0
0.342248,1.0
0.344736,0.0
0.579814,1.0
0.578349,0.0
0.342084,0.0
0.335354,1.0
0.355289,0.0
0.735835,1.0
0.580093,1.0
0.736746,1.0
0.581609,1.0
0.742812,1.0
0.577408,1.0
0.736888,1.0
0.580457,1.0
0.736982,0.0
0.353435,1.0
0.73675,1.0
0.744032,1.0
0.334105,1.0
0.580214,1.0
0.530199,0.0
0.578212,1.0
0.578319,0.0
0.580175,1.0
0.736455,0.0
0.57836,1.0
0.33921,1.0
0.577449,0.0
0.337965,1.0
0.73576,0.0
0.359384,0.0
0.735854,1.0
0.743359,1.0
0.355041,0.0
0.7355,0.0
0.581636,0.0
0.580041,0.0
0.57832,1.0
0.745091,1.0
0.583349,0.0
0.580961,0.0
0.579902,1.0
0.336937,0.0
0.579943,0.0
0.578102,0.0
0.355969,0.0
0.358864,0.0
0.577399,0.0
0.340553,1.0
0.737693,1.0
0.739195,1.0
0.737167,1.0
0.580147,1.0
0.736889,1.0
0.340035,0.0
0.73799,1.0
0.736423,1.0
0.57738,0.0
0.73693,1.0
0.580188,0.0
0.744262,1.0
0.744319,1.0
0.580162,0.0
0.744883,1.0
0.576959,0.0
0.743146,1.0
0.356581,1.0
0.339359,0.0
0.578552,0.0
0.340173,0.0
0.581611,1.0
0.576914,1.0
0.577477,0.0
0.726249,1.0
0.736616,1.0
0.736782,0.0
0.74425,0.0
0.741111,1.0
0.611016,1.0
0.5959,1.0
0.661685,0.0
0.609103,0.0
0.610053,1.0
0.585888,1.0
0.490923,0.0
0.594069,0.0
0.596108,0.0
0.599982,1.0
0.593326,1.0
0.597471,0.0
0.595846,1.0
0.607385,0.0
0.590606,1.0
0.601891,0.0
0.613065,1.0
0.660728,1.0
0.595983,0.0
0.66227,1.0
0.593686,1.0
0.663198,1.0
0.660425,1.0
0.594779,0.0
0.597415,0.0
0.660543,1.0
0.657273,0.0
0.661614,0.0
0.593189,1.0
0.610531,1.0
0.59343,1.0
0.586835,0.0
0.597102,0.0
0.610265,1.0
0.59134,1.0
0.610527,1.0
0.592343,1.0
0.662535,0.0
0.596031,1.0
0.594817,1.0
0.657988,1.0
0.609722,1.0
0.632272,1.0
0.588458,0.0
0.599145,0.0
0.609772,1.0
0.589303,1.0
0.58746,0.0
0.659136,1.0
0.620755,0.0
0.660451,1.0
0.59361,1.0
0.661802,1.0
0.595132,1.0
0.594469,1.0
0.661223,0.0
0.593891,1.0
0.598152,1.0
0.608954,1.0
0.585492,0.0
0.593631,1.0
0.589134,0.0
0.599733,0.0
0.594971,0.0
0.657185,1.0
0.607114,0.0
0.599926,1.0
0.662425,1.0
0.661609,0.0
0.622901,1.0
0.662611,1.0
0.59473,1.0
0.598014,0.0
0.595387,1.0
0.610775,1.0
0.593614,1.0
0.659874,1.0
0.593763,1.0
0.594761,1.0
0.622018,1.0
0.591197,1.0
0.623065,1.0
0.595916,1.0
0.595645,0.0
0.622902,1.0
0.593486,0.0
0.607431,0.0
0.595881,1.0
0.665172,1.0
0.659095,1.0
0.613552,0.0
0.660004,0.0
0.586705,1.0
0.601084,1.0
0.623124,1.0
0.601437,0.0
0.593552,1.0
0.587576,1.0
0.591596,0.0
0.595795,1.0
0.583848,1.0
0.738566,1.0
0.350846,0.0
0.690925,1.0
0.583936,1.0
0.586109,1.0
0.596018,1.0
0.745605,1.0
0.584913,1.0
0.574434,0.0
0.737966,1.0
0.742699,1.0
0.739076,1.0
0.574123,0.0
0.736085,1.0
0.58424,1.0
0.575278,0.0
0.334275,0.0
0.744968,1.0
0.347295,0.0
0.737088,1.0
0.339119,0.0
0.334511,0.0
0.585014,1.0
0.574319,0.0
0.332752,0.0
0.34861,1.0
0.349221,0.0
0.735705,1.0
0.583885,1.0
0.736403,0.0
0.585733,0.0
0.744852,1.0
0.583674,1.0
0.734941,1.0
0.58392,1.0
0.73472,1.0
0.352421,0.0
0.737567,0.0
0.737537,0.0
0.330915,1.0
0.583961,0.0
0.439578,0.0
0.585366,0.0
0.574342,0.0
0.583953,0.0
0.731068,1.0
0.585456,1.0
0.333496,0.0
0.573909,0.0
0.334202,0.0
0.734092,0.0
0.339618,1.0
0.735906,1.0
0.737896,1.0
0.348526,0.0
0.733803,0.0
0.575202,0.0
0.575153,0.0
0.585615,1.0
0.738166,1.0
0.575522,1.0
0.574995,0.0
0.585,1.0
0.327637,1.0
0.574863,0.0
0.574301,1.0
0.336907,0.0
0.352635,0.0
0.574316,0.0
0.337369,0.0
0.738257,1.0
0.742489,1.0
0.737975,1.0
0.583871,0.0
0.736683,1.0
0.330838,0.0
0.737449,1.0
0.737287,1.0
0.574285,0.0
0.734908,1.0
0.575053,0.0
0.739529,1.0
0.74558,0.0
0.575038,0.0
0.745302,1.0
0.574115,0.0
0.737463,1.0
0.343977,1.0
0.329777,0.0
0.574168,1.0
0.347101,0.0
0.586107,1.0
0.584459,0.0
0.574349,0.0
0.737854,0.0
0.736394,1.0
0.730398,1.0
0.742375,0.0
0.736207,1.0
0.382722,0.0
0.651237,1.0
0.713067,0.0
0.66645,0.0
0.3829,0.0
0.386688,0.0
0.688846,1.0
0.646157,1.0
0.401938,0.0
0.372475,1.0
0.605443,1.0
0.676858,0.0
0.636147,1.0
0.387716,0.0
0.587732,1.0
0.399448,0.0
0.36601,1.0
0.694066,0.0
0.691797,1.0
0.713576,0.0
0.608292,1.0
0.701414,1.0
0.693609,0.0
0.402705,0.0
0.388922,0.0
0.687892,1.0
0.677613,1.0
0.708846,1.0
0.593853,1.0
0.382896,0.0
0.585706,0.0
0.385807,1.0
0.684112,0.0
0.385824,0.0
0.583857,0.0
0.382338,0.0
0.615639,1.0
0.700131,1.0
0.616053,0.0
0.600815,1.0
0.664011,1.0
0.366688,0.0
0.675486,0.0
0.38909,0.0
0.388408,0.0
0.366728,0.0
0.58247,0.0
0.405642,0.0
0.66791,0.0
0.384246,0.0
0.673272,1.0
0.608482,1.0
0.727336,1.0
0.611856,0.0
0.629867,1.0
0.702612,0.0
0.608094,1.0
0.369647,0.0
0.368353,0.0
0.406244,0.0
0.609159,0.0
0.400228,1.0
0.385406,0.0
0.402464,1.0
0.663671,1.0
0.384565,0.0
0.38916,0.0
0.708413,1.0
0.734534,0.0
0.368275,0.0
0.692397,1.0
0.628726,1.0
0.67249,0.0
0.637671,1.0
0.366404,0.0
0.60442,1.0
0.676641,1.0
0.614839,1.0
0.616358,1.0
0.368658,0.0
0.58274,1.0
0.365261,0.0
0.653558,1.0
0.630105,1.0
0.365365,1.0
0.625765,1.0
0.387737,1.0
0.617787,0.0
0.7368,1.0
0.670033,1.0
0.401164,0.0
0.695377,0.0
0.38566,0.0
0.373158,0.0
0.368087,0.0
0.677785,0.0
0.604548,0.0
0.567388,1.0
0.618526,1.0
0.605954,1.0
0.333646,0.0
0.759542,1.0
0.82368,1.0
0.739708,1.0
0.333677,0.0
0.333811,0.0
0.699052,1.0
0.764354,1.0
0.340627,0.0
0.407908,0.0
0.810226,1.0
0.714113,0.0
0.777509,1.0
0.336893,0.0
0.828987,1.0
0.339784,0.0
0.403482,1.0
0.84377,1.0
0.712325,1.0
0.823759,1.0
0.806679,1.0
0.842016,1.0
0.844238,0.0
0.340953,1.0
0.336937,1.0
0.85567,1.0
0.863045,1.0
0.83393,1.0
0.82392,1.0
0.333713,1.0
0.824796,1.0
0.410678,0.0
0.710932,1.0
0.335473,0.0
0.824199,0.0
0.333378,0.0
0.799147,1.0
0.842396,1.0
0.790468,1.0
0.813992,1.0
0.877195,1.0
0.325117,0.0
0.848005,1.0
0.333194,1.0
0.336732,0.0
0.325144,0.0
0.821428,0.0
0.341986,0.0
0.869268,0.0
0.335693,0.0
0.869672,1.0
0.807028,1.0
0.813493,1.0
0.789307,0.0
0.778404,1.0
0.834364,0.0
0.806775,1.0
0.328494,1.0
0.328327,1.0
0.34215,0.0
0.797618,1.0
0.422467,1.0
0.334865,1.0
0.421549,0.0
0.877596,1.0
0.334847,1.0
0.339549,0.0
0.835315,1.0
0.802356,0.0
0.329174,1.0
0.851014,1.0
0.783753,1.0
0.718223,1.0
0.77131,1.0
0.325031,1.0
0.810299,1.0
0.866559,1.0
0.798596,0.0
0.80002,1.0
0.32937,1.0
0.834258,1.0
0.327255,0.0
0.757648,1.0
0.784374,1.0
0.4035,0.0
0.786208,1.0
0.41697,1.0
0.785887,1.0
0.803604,1.0
0.872903,1.0
0.344462,1.0
0.841482,0.0
0.333247,1.0
0.328277,0.0
0.329065,0.0
0.725458,0.0
0.799715,1.0
0.850811,1.0
0.793146,1.0
0.812099,1.0
0.285547,0.0
0.652152,1.0
0.706198,1.0
0.662763,1.0
0.285518,0.0
0.284457,0.0
0.703895,1.0
0.648403,1.0
0.285422,0.0
0.365906,0.0
0.607498,1.0
0.668804,1.0
0.63687,1.0
0.290342,0.0
0.591424,1.0
0.285515,0.0
0.444781,0.0
0.687621,0.0
0.695827,0.0
0.705672,1.0
0.61017,1.0
0.697862,1.0
0.683537,1.0
0.353591,0.0
0.358663,0.0
0.685444,1.0
0.681529,1.0
0.705869,1.0
0.596706,1.0
0.35292,0.0
0.582316,1.0
0.364336,0.0
0.682819,1.0
0.286183,0.0
0.579914,1.0
0.285431,0.0
0.616884,1.0
0.698071,1.0
0.608932,0.0
0.59933,1.0
0.668319,1.0
0.285791,1.0
0.674361,0.0
0.354279,0.0
0.289999,0.0
0.285804,0.0
0.579051,1.0
0.285369,0.0
0.662383,0.0
0.290264,0.0
0.672966,1.0
0.605861,1.0
0.727632,0.0
0.604635,0.0
0.631748,0.0
0.692687,0.0
0.605551,1.0
0.355314,0.0
0.355509,0.0
0.285308,0.0
0.607069,1.0
0.451732,1.0
0.357451,1.0
0.364939,0.0
0.667872,1.0
0.357693,0.0
0.288814,0.0
0.704088,1.0
0.721826,0.0
0.356474,0.0
0.689682,1.0
0.629802,0.0
0.671973,1.0
0.638985,1.0
0.352405,0.0
0.606645,0.0
0.675649,1.0
0.610849,1.0
0.617529,1.0
0.356578,0.0
0.586998,1.0
0.288091,0.0
0.654423,1.0
0.627444,1.0
0.363112,0.0
0.628316,1.0
0.455325,0.0
0.61529,0.0
0.737428,1.0
0.670042,1.0
0.358233,1.0
0.686335,0.0
0.35144,0.0
0.286803,0.0
0.28894,0.0
0.661758,0.0
0.603099,1.0
0.573695,1.0
0.616695,1.0
0.607665,1.0
0.621333,1.0
0.590621,1.0
0.518767,1.0
0.590915,1.0
0.621339,0.0
0.621536,0.0
0.584612,1.0
0.588527,1.0
0.621712,1.0
0.610279,0.0
0.575859,1.0
0.595162,0.0
0.585988,0.0
0.620438,0.0
0.56996,0.0
0.621653,0.0
0.592675,1.0
0.516921,0.0
0.603035,0.0
0.518464,1.0
0.577642,0.0
0.516024,0.0
0.512147,1.0
0.608766,1.0
0.607276,1.0
0.510867,0.0
0.509326,0.0
0.519098,1.0
0.573719,0.0
0.60852,1.0
0.567937,1.0
0.610783,1.0
0.596578,1.0
0.62131,0.0
0.56925,1.0
0.62134,1.0
0.58132,0.0
0.516115,1.0
0.584319,1.0
0.574069,1.0
0.50346,1.0
0.608139,1.0
0.513235,1.0
0.607967,1.0
0.620492,0.0
0.620714,0.0
0.570102,0.0
0.621788,0.0
0.508548,1.0
0.620396,1.0
0.50552,1.0
0.578571,0.0
0.532205,1.0
0.584996,1.0
0.587995,0.0
0.521376,0.0
0.578699,1.0
0.607535,1.0
0.60749,1.0
0.621807,0.0
0.575332,0.0
0.575393,0.0
0.592451,1.0
0.611538,0.0
0.503256,1.0
0.607371,1.0
0.62103,0.0
0.518424,0.0
0.532007,1.0
0.607339,1.0
0.51268,0.0
0.589431,1.0
0.594227,1.0
0.586541,0.0
0.607953,1.0
0.582645,0.0
0.506692,0.0
0.580894,1.0
0.581098,0.0
0.607329,1.0
0.569465,1.0
0.620387,1.0
0.590139,0.0
0.583396,0.0
0.610604,1.0
0.582352,1.0
0.590701,0.0
0.585033,1.0
0.530527,1.0
0.504198,1.0
0.593113,0.0
0.518841,1.0
0.608778,1.0
0.620681,1.0
0.620318,1.0
0.602481,1.0
0.57494,1.0
0.564703,1.0
0.579924,0.0
0.577995,0.0
0.666019,1.0
0.619473,1.0
0.685393,1.0
0.623221,1.0
0.666065,1.0
0.666439,1.0
0.62261,1.0
0.618044,1.0
0.666911,1.0
0.64551,0.0
0.613221,0.0
0.622044,1.0
0.618701,1.0
0.664513,1.0
0.611883,1.0
0.66682,1.0
0.597042,1.0
0.680658,1.0
0.619419,1.0
0.685137,1.0
0.615546,1.0
0.685694,1.0
0.683408,1.0
0.639597,0.0
0.636249,0.0
0.683482,1.0
0.682671,1.0
0.685664,0.0
0.614638,1.0
0.638836,1.0
0.611124,1.0
0.64696,0.0
0.620793,1.0
0.666059,1.0
0.611844,1.0
0.666025,1.0
0.617808,1.0
0.684352,0.0
0.613384,1.0
0.612631,1.0
0.678725,1.0
0.631834,1.0
0.672692,1.0
0.63772,1.0
0.664611,1.0
0.664749,1.0
0.613039,1.0
0.667143,1.0
0.676041,1.0
0.664397,1.0
0.679667,1.0
0.617088,1.0
0.686011,1.0
0.613884,1.0
0.613843,1.0
0.683454,0.0
0.616115,1.0
0.636671,0.0
0.636565,0.0
0.667184,0.0
0.614154,0.0
0.539871,1.0
0.592114,1.0
0.648871,1.0
0.678612,1.0
0.636419,1.0
0.665658,1.0
0.686711,1.0
0.68662,1.0
0.636243,1.0
0.684244,1.0
0.614677,1.0
0.620174,0.0
0.61874,1.0
0.637527,1.0
0.613029,1.0
0.681544,1.0
0.616434,1.0
0.617607,1.0
0.636222,1.0
0.611295,1.0
0.6642,1.0
0.619774,0.0
0.617785,0.0
0.646312,1.0
0.615455,1.0
0.589911,1.0
0.612988,1.0
0.689764,1.0
0.679084,1.0
0.592486,1.0
0.681102,1.0
0.639413,0.0
0.664744,1.0
0.664111,1.0
0.622582,0.0
0.613268,1.0
0.609783,1.0
0.615995,0.0
0.616584,1.0
0.579167,1.0
0.73746,1.0
0.333729,0.0
0.730126,1.0
0.579164,1.0
0.579167,1.0
0.700593,1.0
0.737943,1.0
0.579227,0.0
0.578639,1.0
0.743306,1.0
0.736875,0.0
0.736967,1.0
0.579123,0.0
0.733704,1.0
0.579215,1.0
0.579393,0.0
0.329131,0.0
0.738257,1.0
0.334001,0.0
0.735057,0.0
0.33206,0.0
0.331347,0.0
0.578555,0.0
0.578412,0.0
0.329946,0.0
0.329781,1.0
0.349857,0.0
0.733612,1.0
0.579341,1.0
0.731415,1.0
0.57877,0.0
0.737895,1.0
0.579177,0.0
0.732293,1.0
0.579165,1.0
0.734865,1.0
0.349301,0.0
0.73248,1.0
0.733783,1.0
0.328383,1.0
0.578356,1.0
0.342747,0.0
0.579246,0.0
0.579123,0.0
0.579043,1.0
0.730617,1.0
0.579232,1.0
0.32749,0.0
0.579115,0.0
0.32902,0.0
0.732999,1.0
0.336729,0.0
0.732607,1.0
0.735735,1.0
0.347884,0.0
0.733075,0.0
0.578328,0.0
0.578324,0.0
0.577934,0.0
0.742489,1.0
0.575894,1.0
0.579145,1.0
0.580019,1.0
0.328384,1.0
0.579228,0.0
0.579201,0.0
0.332882,0.0
0.336784,0.0
0.579157,0.0
0.330762,0.0
0.735742,1.0
0.743372,1.0
0.736502,1.0
0.579153,1.0
0.733383,1.0
0.328696,0.0
0.735646,1.0
0.735358,1.0
0.579159,0.0
0.733027,1.0
0.579047,0.0
0.744791,1.0
0.743614,0.0
0.579659,0.0
0.737164,1.0
0.57908,0.0
0.733782,1.0
0.339541,0.0
0.328508,0.0
0.578385,0.0
0.33064,0.0
0.578478,1.0
0.579069,0.0
0.579059,0.0
0.741112,0.0
0.733773,1.0
0.731076,1.0
0.742335,0.0
0.734485,1.0
0.530903,0.0
0.52688,1.0
0.533771,0.0
0.526101,0.0
0.530707,0.0
0.530692,0.0
0.520842,1.0
0.526905,0.0
0.531835,0.0
0.532617,0.0
0.529517,0.0
0.527407,0.0
0.528912,0.0
0.531747,1.0
0.533383,1.0
0.53066,1.0
0.535342,1.0
0.535929,0.0
0.520798,1.0
0.533757,1.0
0.536373,0.0
0.534446,0.0
0.535016,1.0
0.534746,0.0
0.534989,1.0
0.535556,0.0
0.531282,0.0
0.531724,1.0
0.53406,0.0
0.532027,0.0
0.535198,1.0
0.534069,1.0
0.522241,0.0
0.531669,0.0
0.534012,0.0
0.530903,0.0
0.531954,1.0
0.532484,1.0
0.533237,1.0
0.532571,1.0
0.532539,0.0
0.533168,0.0
0.535706,1.0
0.533271,1.0
0.531743,1.0
0.530788,0.0
0.533954,1.0
0.530642,0.0
0.537218,1.0
0.531991,0.0
0.536541,0.0
0.533355,1.0
0.532027,0.0
0.531779,1.0
0.52861,0.0
0.532812,0.0
0.537762,1.0
0.535004,0.0
0.535012,0.0
0.533071,0.0
0.529737,1.0
0.539727,0.0
0.535653,1.0
0.53105,1.0
0.532571,0.0
0.533336,0.0
0.531674,1.0
0.533893,0.0
0.531813,1.0
0.533372,0.0
0.535179,0.0
0.530171,0.0
0.521071,0.0
0.528183,1.0
0.532129,0.0
0.532985,1.0
0.536359,1.0
0.530468,1.0
0.531904,0.0
0.533372,1.0
0.534355,0.0
0.532029,1.0
0.523721,1.0
0.532775,1.0
0.532569,1.0
0.529164,1.0
0.535191,0.0
0.531846,0.0
0.530446,1.0
0.536778,0.0
0.536819,1.0
0.535255,1.0
0.533413,0.0
0.531997,1.0
0.532028,0.0
0.529601,1.0
0.532341,0.0
0.535965,0.0
0.533215,0.0
0.53325,0.0
0.581142,1.0
0.730145,1.0
0.332948,0.0
0.73319,1.0
0.581011,1.0
0.581002,1.0
0.716738,0.0
0.736265,0.0
0.574489,1.0
0.582576,0.0
0.735069,1.0
0.732971,1.0
0.735203,1.0
0.576853,0.0
0.724132,1.0
0.583486,1.0
0.576611,0.0
0.330549,0.0
0.732695,1.0
0.324442,0.0
0.728286,1.0
0.332208,0.0
0.322834,0.0
0.574542,1.0
0.576768,0.0
0.330992,0.0
0.335541,0.0
0.326948,0.0
0.730882,0.0
0.581892,1.0
0.7215,0.0
0.576986,0.0
0.736931,1.0
0.574545,1.0
0.729284,1.0
0.581143,1.0
0.726219,0.0
0.326194,0.0
0.723422,0.0
0.724501,1.0
0.334426,1.0
0.582689,1.0
0.326683,0.0
0.576785,1.0
0.576852,0.0
0.581053,1.0
0.721503,1.0
0.580975,0.0
0.320931,0.0
0.57446,0.0
0.33046,0.0
0.724111,0.0
0.334918,0.0
0.724041,1.0
0.73362,0.0
0.33393,0.0
0.719222,0.0
0.574453,0.0
0.574452,0.0
0.574527,0.0
0.728462,1.0
0.591192,0.0
0.587427,1.0
0.583789,0.0
0.334436,0.0
0.574475,0.0
0.576871,0.0
0.332658,0.0
0.326413,0.0
0.574452,0.0
0.33147,0.0
0.733501,1.0
0.736906,0.0
0.728951,1.0
0.581949,1.0
0.72427,1.0
0.321685,0.0
0.727175,0.0
0.733168,0.0
0.576756,0.0
0.729824,1.0
0.576755,0.0
0.732266,1.0
0.726093,1.0
0.576967,0.0
0.728821,1.0
0.574504,0.0
0.731204,1.0
0.328699,0.0
0.330203,1.0
0.575357,0.0
0.322331,1.0
0.583149,1.0
0.576761,0.0
0.574444,1.0
0.726009,0.0
0.730979,1.0
0.72775,0.0
0.730719,1.0
0.732074,1.0
0.595292,1.0
0.748304,1.0
0.353879,0.0
0.747384,1.0
0.595136,1.0
0.595128,1.0
0.71383,1.0
0.728637,1.0
0.592472,1.0
0.560268,0.0
0.747851,1.0
0.748831,1.0
0.747854,1.0
0.557694,0.0
0.744461,1.0
0.595877,1.0
0.556769,0.0
0.357827,0.0
0.750991,1.0
0.353686,1.0
0.744126,1.0
0.355057,1.0
0.355809,1.0
0.593512,1.0
0.556826,0.0
0.357046,0.0
0.355746,1.0
0.349542,0.0
0.726604,1.0
0.595883,1.0
0.725828,1.0
0.557184,1.0
0.750786,1.0
0.592395,0.0
0.74429,1.0
0.595292,1.0
0.726368,1.0
0.351116,1.0
0.725928,1.0
0.744874,1.0
0.382125,1.0
0.596824,1.0
0.361324,1.0
0.593603,0.0
0.557695,1.0
0.595187,1.0
0.743598,1.0
0.560153,0.0
0.360003,0.0
0.558042,1.0
0.359012,0.0
0.725768,1.0
0.350604,1.0
0.744823,1.0
0.728816,1.0
0.351994,1.0
0.72495,1.0
0.557357,0.0
0.557355,0.0
0.557738,1.0
0.74702,1.0
0.557839,1.0
0.599802,1.0
0.560009,1.0
0.357928,1.0
0.557799,1.0
0.557726,1.0
0.353928,0.0
0.349598,0.0
0.55777,1.0
0.356411,1.0
0.746835,1.0
0.728262,1.0
0.74756,1.0
0.595956,1.0
0.744439,1.0
0.35827,0.0
0.72713,1.0
0.727035,1.0
0.557244,0.0
0.744257,1.0
0.557514,0.0
0.750282,1.0
0.74629,0.0
0.557618,0.0
0.747281,1.0
0.557564,1.0
0.745587,1.0
0.34717,1.0
0.38293,0.0
0.55517,0.0
0.380676,1.0
0.596825,1.0
0.557526,0.0
0.592535,1.0
0.72517,1.0
0.745445,1.0
0.726231,1.0
0.746326,1.0
0.744976,1.0
0.602407,1.0
0.753113,1.0
0.318354,0.0
0.752194,1.0
0.602262,1.0
0.602256,1.0
0.742078,0.0
0.750832,0.0
0.601283,0.0
0.553014,0.0
0.753039,1.0
0.751672,1.0
0.752958,1.0
0.551122,0.0
0.750321,1.0
0.603184,1.0
0.550007,0.0
0.31612,0.0
0.753384,1.0
0.360427,1.0
0.749696,1.0
0.360269,0.0
0.359992,0.0
0.60231,0.0
0.550053,1.0
0.316525,0.0
0.360405,0.0
0.320361,0.0
0.746851,1.0
0.602796,1.0
0.744747,1.0
0.589365,1.0
0.752943,1.0
0.562811,0.0
0.749355,1.0
0.602407,1.0
0.748,0.0
0.360912,0.0
0.745735,1.0
0.750146,1.0
0.364114,0.0
0.603704,0.0
0.362058,0.0
0.56289,0.0
0.589133,0.0
0.602308,1.0
0.74809,1.0
0.553119,0.0
0.31508,1.0
0.58908,0.0
0.315932,1.0
0.746336,0.0
0.361033,1.0
0.749307,0.0
0.74869,1.0
0.360581,0.0
0.743945,0.0
0.551188,1.0
0.551185,1.0
0.589215,0.0
0.752642,1.0
0.590937,0.0
0.606671,1.0
0.590263,1.0
0.360232,1.0
0.589207,0.0
0.58913,0.0
0.31812,0.0
0.32002,0.0
0.589208,0.0
0.360128,0.0
0.751886,1.0
0.750583,1.0
0.75245,1.0
0.602865,1.0
0.750159,1.0
0.315761,0.0
0.748404,1.0
0.748559,1.0
0.550581,0.0
0.749775,1.0
0.550922,0.0
0.753947,1.0
0.72373,0.0
0.550999,0.0
0.752781,1.0
0.589366,0.0
0.750406,1.0
0.361744,0.0
0.320054,0.0
0.548167,0.0
0.363716,0.0
0.603422,0.0
0.550935,0.0
0.601365,0.0
0.748159,1.0
0.750357,1.0
0.744543,0.0
0.75098,1.0
0.751114,1.0
0.564189,1.0
0.593548,1.0
0.660402,1.0
0.59437,1.0
0.564558,1.0
0.564568,1.0
0.592194,0.0
0.58745,1.0
0.576479,1.0
0.596425,0.0
0.590983,0.0
0.593667,1.0
0.592373,1.0
0.594569,1.0
0.588412,0.0
0.561787,1.0
0.59093,1.0
0.658096,1.0
0.593273,1.0
0.654315,1.0
0.589298,1.0
0.651513,1.0
0.650487,1.0
0.573742,1.0
0.581219,0.0
0.658559,1.0
0.651279,1.0
0.662098,0.0
0.588676,1.0
0.563493,1.0
0.587376,1.0
0.566898,1.0
0.594105,0.0
0.591416,1.0
0.589204,1.0
0.564188,0.0
0.586499,1.0
0.653504,0.0
0.589604,1.0
0.58958,1.0
0.651857,1.0
0.57337,1.0
0.648108,1.0
0.586934,1.0
0.581006,0.0
0.564444,1.0
0.589371,1.0
0.59758,0.0
0.658757,1.0
0.583322,1.0
0.659858,1.0
0.586071,1.0
0.656724,1.0
0.586922,1.0
0.588732,0.0
0.653422,0.0
0.584715,1.0
0.584216,0.0
0.584209,0.0
0.58206,0.0
0.590823,0.0
0.550753,0.0
0.552866,1.0
0.569838,1.0
0.65219,1.0
0.582276,0.0
0.581107,0.0
0.660344,1.0
0.662076,1.0
0.5822,1.0
0.650602,1.0
0.591769,1.0
0.593919,0.0
0.592365,0.0
0.563309,1.0
0.590208,1.0
0.657367,1.0
0.590122,0.0
0.590385,1.0
0.592828,1.0
0.589061,1.0
0.594012,1.0
0.59339,0.0
0.594962,0.0
0.594031,1.0
0.590971,0.0
0.581158,0.0
0.59082,1.0
0.65572,1.0
0.658954,1.0
0.586123,1.0
0.652217,1.0
0.57469,0.0
0.594051,1.0
0.576227,1.0
0.595861,0.0
0.589949,1.0
0.582456,1.0
0.590929,0.0
0.591475,0.0
0.5928,1.0
0.737676,1.0
0.324503,0.0
0.737866,1.0
0.592737,1.0
0.592736,1.0
0.737136,0.0
0.73172,1.0
0.574699,1.0
0.568462,0.0
0.744634,1.0
0.737234,1.0
0.736887,1.0
0.566359,0.0
0.741456,1.0
0.593395,1.0
0.565598,1.0
0.322703,0.0
0.739815,1.0
0.327975,0.0
0.732439,1.0
0.322917,0.0
0.322454,0.0
0.574816,1.0
0.584486,0.0
0.323033,0.0
0.322893,1.0
0.343899,0.0
0.730541,1.0
0.592875,1.0
0.728517,1.0
0.592047,0.0
0.74587,1.0
0.569139,0.0
0.732292,1.0
0.592248,1.0
0.727266,1.0
0.343173,1.0
0.729801,0.0
0.733286,1.0
0.323114,1.0
0.575214,1.0
0.322725,0.0
0.568571,1.0
0.572946,0.0
0.592755,1.0
0.731211,1.0
0.568448,1.0
0.326447,0.0
0.572294,1.0
0.327252,1.0
0.725281,0.0
0.329658,0.0
0.728207,1.0
0.741613,0.0
0.342853,0.0
0.722487,0.0
0.584322,0.0
0.584323,0.0
0.573062,1.0
0.744235,1.0
0.571648,1.0
0.594907,0.0
0.591379,0.0
0.326721,1.0
0.57307,0.0
0.57295,1.0
0.32433,0.0
0.325957,0.0
0.572254,0.0
0.322517,0.0
0.735604,1.0
0.744837,1.0
0.744378,1.0
0.592905,0.0
0.733196,1.0
0.322448,0.0
0.741022,1.0
0.732561,1.0
0.565995,1.0
0.732508,1.0
0.566227,0.0
0.7465,1.0
0.740632,1.0
0.566274,1.0
0.744431,1.0
0.573074,0.0
0.733834,0.0
0.325828,0.0
0.323321,0.0
0.564192,1.0
0.323054,0.0
0.575835,1.0
0.566236,0.0
0.574705,0.0
0.741775,0.0
0.733609,1.0
0.723037,1.0
0.742511,0.0
0.742207,1.0
0.599115,1.0
0.746464,1.0
0.359816,1.0
0.746807,1.0
0.599092,1.0
0.599092,1.0
0.724319,1.0
0.742918,1.0
0.594282,1.0
0.552326,0.0
0.747415,1.0
0.747592,1.0
0.745389,1.0
0.551834,0.0
0.744902,1.0
0.599378,1.0
0.591941,1.0
0.362316,0.0
0.750122,1.0
0.361525,1.0
0.742301,1.0
0.363745,0.0
0.364625,0.0
0.5944,1.0
0.55762,0.0
0.361839,0.0
0.385048,1.0
0.355532,0.0
0.740891,1.0
0.599128,1.0
0.740406,1.0
0.561034,0.0
0.751158,1.0
0.554107,1.0
0.742532,1.0
0.60227,1.0
0.740011,0.0
0.383631,0.0
0.725664,1.0
0.74334,1.0
0.384825,1.0
0.594402,1.0
0.36658,0.0
0.592661,1.0
0.554173,1.0
0.599098,1.0
0.742478,1.0
0.594388,1.0
0.362207,1.0
0.593731,0.0
0.383487,0.0
0.724588,1.0
0.35886,1.0
0.74176,0.0
0.72899,1.0
0.360285,0.0
0.72414,1.0
0.557902,0.0
0.557902,1.0
0.596232,1.0
0.747114,1.0
0.596751,0.0
0.563018,1.0
0.561211,1.0
0.384909,1.0
0.554436,1.0
0.596274,0.0
0.359868,1.0
0.35747,0.0
0.555069,0.0
0.364532,0.0
0.744615,1.0
0.750074,0.0
0.747821,1.0
0.56263,1.0
0.742885,1.0
0.362981,0.0
0.744712,1.0
0.741852,1.0
0.591945,1.0
0.742366,1.0
0.551709,0.0
0.750587,1.0
0.746042,1.0
0.59195,1.0
0.747365,1.0
0.554378,1.0
0.72713,1.0
0.359087,1.0
0.361615,0.0
0.59181,1.0
0.36321,1.0
0.596809,1.0
0.551717,1.0
0.556966,0.0
0.726689,1.0
0.743499,1.0
0.738759,1.0
0.728446,0.0
0.744704,1.0
0.415958,0.0
0.810204,1.0
0.89407,1.0
0.802059,1.0
0.415988,1.0
0.415991,0.0
0.798315,1.0
0.849777,1.0
0.425759,1.0
0.419966,0.0
0.812317,1.0
0.794036,1.0
0.825438,1.0
0.416652,0.0
0.839379,1.0
0.416337,0.0
0.444475,1.0
0.893721,0.0
0.765167,1.0
0.898667,1.0
0.856613,1.0
0.898257,1.0
0.901125,1.0
0.425907,0.0
0.420156,0.0
0.892084,1.0
0.90186,1.0
0.860322,1.0
0.865488,1.0
0.41571,0.0
0.870225,1.0
0.399847,0.0
0.748681,1.0
0.423566,1.0
0.855208,1.0
0.424946,0.0
0.852064,1.0
0.870188,1.0
0.87249,1.0
0.84896,1.0
0.900538,1.0
0.423895,0.0
0.906038,1.0
0.436101,1.0
0.432234,1.0
0.415973,0.0
0.853672,1.0
0.444349,0.0
0.901314,0.0
0.415695,0.0
0.881588,1.0
0.882771,1.0
0.889331,1.0
0.838553,0.0
0.842808,1.0
0.878814,1.0
0.888498,1.0
0.417102,0.0
0.432508,1.0
0.440562,0.0
0.815246,1.0
0.43955,1.0
0.40513,1.0
0.41309,0.0
0.899462,1.0
0.430873,1.0
0.425355,1.0
0.894364,1.0
0.876158,1.0
0.407335,0.0
0.900825,1.0
0.833376,1.0
0.741159,1.0
0.801328,1.0
0.405563,1.0
0.85022,1.0
0.895913,1.0
0.833273,1.0
0.855755,1.0
0.442841,1.0
0.857042,1.0
0.417216,1.0
0.766247,1.0
0.811329,1.0
0.441715,0.0
0.81249,1.0
0.431231,1.0
0.857022,1.0
0.891281,1.0
0.891215,1.0
0.450029,1.0
0.90538,1.0
0.43135,0.0
0.43227,1.0
0.400164,1.0
0.815277,0.0
0.846979,1.0
0.882613,1.0
0.817003,1.0
0.830642,1.0
0.602365,1.0
0.6189,1.0
0.567373,1.0
0.618029,1.0
0.586288,0.0
0.602357,0.0
0.616114,1.0
0.622029,1.0
0.584242,1.0
0.59714,1.0
0.617345,1.0
0.613721,0.0
0.620266,1.0
0.59735,1.0
0.619766,0.0
0.602343,0.0
0.580973,1.0
0.572071,0.0
0.610102,1.0
0.568099,1.0
0.622656,0.0
0.569604,0.0
0.570076,1.0
0.600538,1.0
0.597764,1.0
0.568548,1.0
0.568494,1.0
0.562683,1.0
0.624657,1.0
0.602401,1.0
0.624029,1.0
0.601232,1.0
0.608378,1.0
0.582391,1.0
0.621865,1.0
0.601523,0.0
0.625228,1.0
0.564342,1.0
0.625007,1.0
0.620793,1.0
0.568283,1.0
0.600819,1.0
0.570797,0.0
0.582411,1.0
0.581176,1.0
0.60236,0.0
0.621218,0.0
0.597965,0.0
0.571547,1.0
0.599668,1.0
0.566493,0.0
0.626825,1.0
0.56661,1.0
0.624671,1.0
0.618342,1.0
0.566192,0.0
0.627078,1.0
0.598306,0.0
0.581462,1.0
0.598707,0.0
0.617605,0.0
0.578879,0.0
0.586373,1.0
0.601072,0.0
0.568108,0.0
0.58143,1.0
0.581617,0.0
0.567425,0.0
0.565712,1.0
0.599314,1.0
0.57003,1.0
0.620479,1.0
0.607382,1.0
0.6164,1.0
0.586212,1.0
0.622154,1.0
0.569201,0.0
0.620617,1.0
0.624496,0.0
0.581245,1.0
0.622467,1.0
0.580301,1.0
0.612005,0.0
0.619131,1.0
0.598033,0.0
0.617208,1.0
0.581366,0.0
0.622325,1.0
0.566936,1.0
0.568399,0.0
0.580036,1.0
0.569154,0.0
0.600103,0.0
0.58069,1.0
0.584211,1.0
0.625782,1.0
0.620734,1.0
0.624841,1.0
0.619013,1.0
0.622256,1.0
0.330137,0.0
0.817835,1.0
0.894472,1.0
0.810493,1.0
0.419879,0.0
0.326699,0.0
0.809295,1.0
0.851842,1.0
0.434725,1.0
0.35191,1.0
0.819526,1.0
0.801059,0.0
0.831417,1.0
0.353389,0.0
0.841384,1.0
0.326513,0.0
0.451239,1.0
0.882672,0.0
0.775088,1.0
0.897938,0.0
0.855729,1.0
0.889944,1.0
0.8928,0.0
0.336475,1.0
0.347699,0.0
0.885529,0.0
0.899047,1.0
0.858237,0.0
0.864425,1.0
0.330043,1.0
0.867873,1.0
0.339421,0.0
0.758362,1.0
0.448662,1.0
0.856176,1.0
0.325821,1.0
0.845804,1.0
0.864859,1.0
0.87068,1.0
0.851051,1.0
0.898023,1.0
0.335832,0.0
0.89616,0.0
0.443828,0.0
0.451412,0.0
0.326687,0.0
0.853113,0.0
0.337915,0.0
0.896784,0.0
0.341252,0.0
0.874437,1.0
0.878174,1.0
0.890738,1.0
0.828939,0.0
0.847474,1.0
0.873588,0.0
0.882082,1.0
0.342716,0.0
0.448407,1.0
0.334892,0.0
0.820276,1.0
0.451143,1.0
0.427225,1.0
0.334419,1.0
0.896621,1.0
0.450239,0.0
0.440964,1.0
0.894141,1.0
0.872282,1.0
0.346765,1.0
0.892559,1.0
0.838192,1.0
0.742452,1.0
0.809446,1.0
0.428461,1.0
0.852188,1.0
0.888057,1.0
0.83786,1.0
0.855142,1.0
0.449906,1.0
0.857731,1.0
0.460325,0.0
0.773656,1.0
0.818741,1.0
0.340852,0.0
0.819665,1.0
0.446373,0.0
0.859062,1.0
0.892298,1.0
0.884223,1.0
0.456055,0.0
0.902479,0.0
0.331456,1.0
0.457679,0.0
0.440698,0.0
0.819574,0.0
0.849473,1.0
0.877118,1.0
0.817184,1.0
0.835799,1.0
0.614067,1.0
0.621174,1.0
0.568089,1.0
0.620575,1.0
0.600759,1.0
0.614766,0.0
0.618775,1.0
0.62294,1.0
0.581642,1.0
0.595581,1.0
0.619576,1.0
0.619544,1.0
0.622067,1.0
0.609945,1.0
0.620974,0.0
0.614798,1.0
0.578665,1.0
0.569637,1.0
0.613661,0.0
0.571482,1.0
0.62325,0.0
0.567637,1.0
0.570827,1.0
0.599398,1.0
0.610863,1.0
0.569851,1.0
0.568733,1.0
0.565844,1.0
0.625014,0.0
0.600214,1.0
0.62418,1.0
0.611784,0.0
0.612296,1.0
0.578273,0.0
0.622581,1.0
0.601405,1.0
0.624476,0.0
0.563633,0.0
0.625013,1.0
0.621706,1.0
0.568592,1.0
0.613466,1.0
0.571407,0.0
0.596896,1.0
0.594874,0.0
0.614768,0.0
0.624813,0.0
0.613948,1.0
0.571344,1.0
0.611909,1.0
0.565317,1.0
0.626434,1.0
0.567568,1.0
0.623863,1.0
0.61943,1.0
0.568361,0.0
0.626443,1.0
0.611762,0.0
0.578498,1.0
0.614256,1.0
0.619605,0.0
0.576426,0.0
0.582496,0.0
0.599509,1.0
0.568582,1.0
0.595087,1.0
0.578632,0.0
0.568229,1.0
0.564802,1.0
0.596315,1.0
0.567826,1.0
0.621962,1.0
0.60998,1.0
0.618894,1.0
0.582253,1.0
0.623046,0.0
0.567359,0.0
0.622056,1.0
0.625142,0.0
0.578902,1.0
0.623145,1.0
0.591313,1.0
0.615452,1.0
0.621324,1.0
0.613474,1.0
0.619416,1.0
0.595492,0.0
0.622944,1.0
0.567793,0.0
0.566799,1.0
0.594889,0.0
0.57226,0.0
0.600644,0.0
0.593585,1.0
0.595429,1.0
0.627089,1.0
0.621726,1.0
0.624541,1.0
0.619555,0.0
0.623871,0.0
0.53238,1.0
0.501157,1.0
0.503266,0.0
0.501903,0.0
0.536328,0.0
0.531007,0.0
0.502032,1.0
0.496151,1.0
0.54089,0.0
0.536632,0.0
0.500046,1.0
0.503713,0.0
0.499018,0.0
0.53351,0.0
0.498261,1.0
0.532075,0.0
0.541876,1.0
0.505473,0.0
0.507104,0.0
0.50348,1.0
0.496918,0.0
0.503867,1.0
0.504056,0.0
0.535776,1.0
0.533233,1.0
0.50495,1.0
0.502783,0.0
0.508453,1.0
0.49622,0.0
0.535544,1.0
0.494009,1.0
0.531892,0.0
0.508554,1.0
0.540834,0.0
0.495291,0.0
0.535133,1.0
0.499301,1.0
0.508915,1.0
0.494418,1.0
0.495999,1.0
0.502914,1.0
0.532547,0.0
0.505658,1.0
0.538162,1.0
0.53782,1.0
0.531006,0.0
0.498434,1.0
0.532278,1.0
0.503699,1.0
0.532951,0.0
0.505805,1.0
0.493697,1.0
0.503757,1.0
0.501167,1.0
0.49614,0.0
0.508494,1.0
0.493224,1.0
0.531767,0.0
0.541637,0.0
0.5322,0.0
0.501303,1.0
0.540498,0.0
0.539591,0.0
0.535587,1.0
0.503152,1.0
0.538817,0.0
0.539969,1.0
0.503382,1.0
0.505986,1.0
0.536426,0.0
0.503482,0.0
0.498041,1.0
0.510869,0.0
0.501891,1.0
0.540534,1.0
0.497685,0.0
0.506061,1.0
0.498339,1.0
0.497706,0.0
0.541793,1.0
0.495049,0.0
0.540074,0.0
0.506522,1.0
0.501239,1.0
0.532415,1.0
0.500039,1.0
0.536969,0.0
0.495339,0.0
0.505559,1.0
0.504562,1.0
0.537898,1.0
0.505017,1.0
0.534314,1.0
0.539493,1.0
0.538523,1.0
0.504383,1.0
0.496198,1.0
0.492554,1.0
0.502529,0.0
0.500552,0.0
0.533112,0.0
0.541329,1.0
0.537172,1.0
0.53697,1.0
0.534887,1.0
0.532523,1.0
0.5399,1.0
0.542594,1.0
0.541336,0.0
0.537902,1.0
0.54034,0.0
0.534091,1.0
0.538321,1.0
0.533683,1.0
0.541109,0.0
0.532818,1.0
0.542587,1.0
0.535848,1.0
0.532198,0.0
0.541236,1.0
0.539356,0.0
0.541049,1.0
0.536682,1.0
0.537324,1.0
0.533648,1.0
0.540551,0.0
0.53747,0.0
0.538903,1.0
0.540542,1.0
0.537188,0.0
0.543456,1.0
0.533102,1.0
0.535573,0.0
0.541686,1.0
0.539255,0.0
0.536834,1.0
0.543405,1.0
0.539719,1.0
0.543985,1.0
0.541843,1.0
0.541509,1.0
0.533055,0.0
0.541128,1.0
0.535933,1.0
0.536065,0.0
0.532523,0.0
0.541395,0.0
0.532908,0.0
0.54113,1.0
0.533367,1.0
0.540202,0.0
0.544895,1.0
0.541139,0.0
0.540721,1.0
0.537467,0.0
0.539885,0.0
0.544933,1.0
0.532978,0.0
0.542212,0.0
0.532788,1.0
0.540151,1.0
0.541496,1.0
0.54051,0.0
0.537235,0.0
0.541411,0.0
0.536355,0.0
0.541462,1.0
0.541285,1.0
0.540105,1.0
0.537764,0.0
0.537025,0.0
0.541922,1.0
0.529668,1.0
0.53988,1.0
0.541571,1.0
0.539234,1.0
0.541002,0.0
0.541984,1.0
0.540328,1.0
0.542514,1.0
0.539561,0.0
0.53778,0.0
0.537489,0.0
0.541442,1.0
0.532983,1.0
0.540244,1.0
0.535466,0.0
0.539549,0.0
0.541275,1.0
0.540745,1.0
0.535816,1.0
0.541498,1.0
0.536485,1.0
0.536962,1.0
0.536776,0.0
0.542653,0.0
0.541843,0.0
0.543744,0.0
0.536601,0.0
0.539226,1.0
0.372005,1.0
0.854798,1.0
0.90826,1.0
0.85158,1.0
0.377766,0.0
0.369593,0.0
0.848767,1.0
0.872869,1.0
0.439606,1.0
0.412854,1.0
0.860667,1.0
0.839434,1.0
0.863851,1.0
0.376375,0.0
0.871485,1.0
0.372411,0.0
0.462523,1.0
0.898976,1.0
0.83011,1.0
0.905554,1.0
0.8794,1.0
0.904051,1.0
0.904796,1.0
0.410922,1.0
0.380349,0.0
0.902818,1.0
0.913537,1.0
0.883916,1.0
0.879092,1.0
0.404738,1.0
0.880049,1.0
0.372659,0.0
0.816705,1.0
0.458003,0.0
0.880301,1.0
0.407433,1.0
0.86883,1.0
0.890463,1.0
0.880828,1.0
0.872166,1.0
0.908075,1.0
0.367489,0.0
0.903598,1.0
0.385301,1.0
0.379142,0.0
0.363954,1.0
0.872582,1.0
0.370125,0.0
0.904596,0.0
0.375062,0.0
0.89978,1.0
0.88404,1.0
0.908166,1.0
0.85481,0.0
0.875379,1.0
0.895398,0.0
0.885352,1.0
0.366054,1.0
0.456706,1.0
0.371551,0.0
0.855185,1.0
0.465739,1.0
0.43364,1.0
0.405245,1.0
0.910537,1.0
0.377833,0.0
0.463379,0.0
0.906113,1.0
0.895436,0.0
0.406439,0.0
0.910625,1.0
0.86602,1.0
0.798573,1.0
0.849271,1.0
0.454729,1.0
0.873067,1.0
0.905812,1.0
0.865672,1.0
0.875017,1.0
0.461741,0.0
0.88132,1.0
0.389395,1.0
0.830085,1.0
0.855143,1.0
0.376092,0.0
0.855788,1.0
0.372191,0.0
0.881257,1.0
0.904774,1.0
0.901306,1.0
0.381462,0.0
0.906636,1.0
0.403646,1.0
0.39111,1.0
0.388211,0.0
0.854234,0.0
0.875981,1.0
0.888191,1.0
0.858214,1.0
0.865376,1.0
0.512932,0.0
0.512932,1.0
0.512932,1.0
0.512932,1.0
0.512932,0.0
0.512932,0.0
0.512932,1.0
0.512932,0.0
0.512932,1.0
0.512932,0.0
0.512932,0.0
0.512932,0.0
0.512932,0.0
0.512932,0.0
0.512932,0.0
0.512932,0.0
0.512932,0.0
0.512932,1.0
0.512932,0.0
0.512932,0.0
0.512932,0.0
0.512932,1.0
0.512932,0.0
0.512932,1.0
0.512932,1.0
0.512932,0.0
0.512932,1.0
0.512932,1.0
0.512932,1.0
0.512932,1.0
0.512932,0.0
0.512932,0.0
0.512932,0.0
0.512932,0.0
0.512932,0.0
0.512932,0.0
0.512932,0.0
0.512932,0.0
0.512932,0.0
0.512932,1.0
0.512932,1.0
0.512932,0.0
0.512932,1.0
0.512932,1.0
0.512932,0.0
0.512932,0.0
0.512932,1.0
0.512932,1.0
0.512932,1.0
0.512932,0.0
0.512932,0.0
0.512932,0.0
0.512932,0.0
0.512932,0.0
0.512932,1.0
0.512932,1.0
0.512932,0.0
0.512932,1.0
0.512932,1.0
0.512932,0.0
0.512932,0.0
0.512932,1.0
0.512932,0.0
0.512932,1.0
0.512932,0.0
0.512932,0.0
0.512932,1.0
0.512932,1.0
0.512932,0.0
0.512932,1.0
0.512932,0.0
0.512932,1.0
0.512932,1.0
0.512932,1.0
0.512932,0.0
0.512932,1.0
0.512932,1.0
0.512932,0.0
0.512932,1.0
0.512932,1.0
0.512932,0.0
0.512932,0.0
0.512932,1.0
0.512932,0.0
0.512932,0.0
0.512932,1.0
0.512932,1.0
0.512932,1.0
0.512932,0.0
0.512932,0.0
0.512932,0.0
0.512932,0.0
0.512932,0.0
0.512932,0.0
0.512932,1.0
0.512932,0.0
0.512932,0.0
0.512932,1.0
0.512932,1.0
0.512932,0.0
0.493895,0.0
0.518569,1.0
0.518569,1.0
0.518569,1.0
0.493895,0.0
0.493895,1.0
0.518569,1.0
0.493895,0.0
0.518569,0.0
0.493895,0.0
0.493895,0.0
0.493895,1.0
0.493895,0.0
0.493895,0.0
0.493895,0.0
0.493895,0.0
0.493895,0.0
0.518569,1.0
0.493895,0.0
0.493895,0.0
0.493895,1.0
0.518569,1.0
0.493895,1.0
0.518569,1.0
0.518569,1.0
0.493895,0.0
0.518569,0.0
0.518569,1.0
0.518569,1.0
0.518569,1.0
0.493895,0.0
0.493895,0.0
0.493895,0.0
0.493895,0.0
0.493895,0.0
0.493895,0.0
0.493895,1.0
0.493895,1.0
0.493895,0.0
0.518569,0.0
0.518569,1.0
0.493895,0.0
0.518569,0.0
0.518569,1.0
0.493895,0.0
0.493895,0.0
0.518569,1.0
0.518569,1.0
0.518569,0.0
0.493895,0.0
0.493895,0.0
0.493895,0.0
0.493895,0.0
0.493895,0.0
0.518569,1.0
0.518569,0.0
0.493895,0.0
0.518569,1.0
0.518569,1.0
0.493895,1.0
0.493895,1.0
0.518569,0.0
0.493895,1.0
0.518569,1.0
0.493895,0.0
0.493895,0.0
0.518569,1.0
0.518569,1.0
0.493895,0.0
0.518569,0.0
0.493895,1.0
0.518569,1.0
0.518569,1.0
0.518569,1.0
0.493895,0.0
0.518569,1.0
0.518569,1.0
0.493895,0.0
0.518569,1.0
0.518569,1.0
0.493895,1.0
0.493895,0.0
0.518569,0.0
0.493895,0.0
0.493895,0.0
0.518569,1.0
0.518569,1.0
0.518569,0.0
0.493895,0.0
0.493895,1.0
0.493895,0.0
0.493895,0.0
0.493895,1.0
0.493895,0.0
0.518569,1.0
0.493895,1.0
0.493895,0.0
0.518569,1.0
0.518569,0.0
0.493895,1.0
0.532489,0.0
0.499922,1.0
0.499922,1.0
0.499922,0.0
0.532489,1.0
0.511904,1.0
0.499922,1.0
0.532489,1.0
0.521149,1.0
0.532489,1.0
0.532489,1.0
0.511904,1.0
0.532489,0.0
0.532489,0.0
0.532489,1.0
0.532489,1.0
0.532489,0.0
0.499922,0.0
0.532489,1.0
0.532489,1.0
0.511904,1.0
0.499922,1.0
0.511904,1.0
0.499922,1.0
0.499922,1.0
0.532489,1.0
0.521149,1.0
0.499922,1.0
0.499922,0.0
0.499922,0.0
0.532489,0.0
0.532489,1.0
0.532489,1.0
0.532489,0.0
0.532489,0.0
0.532489,1.0
0.511904,0.0
0.511904,1.0
0.532489,0.0
0.521149,1.0
0.499922,1.0
0.532489,1.0
0.521149,1.0
0.499922,1.0
0.532489,1.0
0.532489,1.0
0.499922,1.0
0.499922,1.0
0.521149,1.0
0.532489,0.0
0.532489,1.0
0.532489,1.0
0.532489,1.0
0.532489,1.0
0.499922,1.0
0.521149,0.0
0.532489,0.0
0.499922,1.0
0.499922,1.0
0.511904,1.0
0.511904,1.0
0.521149,1.0
0.511904,1.0
0.499922,0.0
0.532489,1.0
0.532489,1.0
0.499922,0.0
0.499922,1.0
0.532489,1.0
0.521149,0.0
0.511904,1.0
0.499922,1.0
0.499922,1.0
0.499922,1.0
0.532489,1.0
0.499922,0.0
0.499922,0.0
0.532489,1.0
0.499922,1.0
0.499922,0.0
0.511904,0.0
0.532489,0.0
0.521149,1.0
0.532489,1.0
0.532489,1.0
0.499922,1.0
0.499922,1.0
0.521149,0.0
0.532489,0.0
0.511904,0.0
0.532489,1.0
0.532489,1.0
0.511904,1.0
0.532489,1.0
0.499922,0.0
0.511904,0.0
0.532489,1.0
0.499922,1.0
0.521149,1.0
0.511904,1.0
0.576364,1.0
0.564084,1.0
0.564084,1.0
0.581833,1.0
0.558531,0.0
0.562203,0.0
0.564084,0.0
0.558531,0.0
0.560397,0.0
0.558531,0.0
0.558531,1.0
0.562203,0.0
0.576364,0.0
0.576364,0.0
0.558531,1.0
0.558531,0.0
0.576364,1.0
0.581833,1.0
0.558531,1.0
0.558531,0.0
0.562203,1.0
0.564084,1.0
0.562203,1.0
0.564084,1.0
0.564084,1.0
0.558531,0.0
0.560397,1.0
0.564084,1.0
0.581833,0.0
0.581833,1.0
0.576364,0.0
0.558531,0.0
0.558531,0.0
0.576364,0.0
0.576364,1.0
0.558531,1.0
0.580036,0.0
0.562203,1.0
0.576364,1.0
0.560397,1.0
0.564084,1.0
0.558531,1.0
0.560397,1.0
0.564084,1.0
0.558531,1.0
0.558531,0.0
0.564084,0.0
0.564084,0.0
0.560397,1.0
0.576364,0.0
0.558531,1.0
0.558531,0.0
0.558531,0.0
0.558531,0.0
0.564084,1.0
0.578189,1.0
0.576364,0.0
0.564084,1.0
0.564084,1.0
0.562203,1.0
0.562203,1.0
0.560397,0.0
0.562203,1.0
0.581833,0.0
0.558531,1.0
0.558531,1.0
0.581833,0.0
0.564084,1.0
0.558531,0.0
0.578189,0.0
0.562203,0.0
0.564084,0.0
0.564084,0.0
0.564084,1.0
0.558531,1.0
0.581833,1.0
0.581833,1.0
0.558531,1.0
0.564084,1.0
0.581833,1.0
0.580036,0.0
0.576364,1.0
0.560397,1.0
0.558531,1.0
0.558531,0.0
0.564084,1.0
0.564084,0.0
0.578189,1.0
0.576364,1.0
0.580036,1.0
0.558531,1.0
0.558531,1.0
0.562203,1.0
0.558531,1.0
0.581833,1.0
0.580036,1.0
0.558531,0.0
0.564084,1.0
0.560397,1.0
0.562203,0.0
0.544227,1.0
0.543453,1.0
0.543453,1.0
0.542573,1.0
0.545091,1.0
0.543864,0.0
0.54289,0.0
0.545091,1.0
0.544127,1.0
0.545091,0.0
0.54565,1.0
0.543864,0.0
0.543231,1.0
0.543231,1.0
0.54565,1.0
0.545091,0.0
0.544227,1.0
0.542573,0.0
0.54565,1.0
0.545091,1.0
0.544438,0.0
0.543453,1.0
0.544438,1.0
0.543453,0.0
0.543453,1.0
0.545091,1.0
0.544676,1.0
0.543453,0.0
0.541606,0.0
0.542573,0.0
0.543231,0.0
0.545091,1.0
0.545091,0.0
0.543231,1.0
0.544227,1.0
0.54565,1.0
0.542024,1.0
0.544438,0.0
0.544227,1.0
0.544676,0.0
0.543453,1.0
0.54565,1.0
0.544676,1.0
0.543453,1.0
0.54565,1.0
0.545091,1.0
0.54289,0.0
0.54289,0.0
0.544676,1.0
0.543231,0.0
0.54565,1.0
0.545091,1.0
0.545091,1.0
0.545091,1.0
0.543453,0.0
0.543769,0.0
0.543231,0.0
0.543453,0.0
0.543453,1.0
0.544438,0.0
0.544438,0.0
0.544127,1.0
0.544438,1.0
0.541606,0.0
0.54565,0.0
0.54565,0.0
0.541606,1.0
0.543453,0.0
0.545091,0.0
0.542794,1.0
0.543864,1.0
0.54289,1.0
0.54289,0.0
0.543453,0.0
0.54565,1.0
0.542573,1.0
0.542573,0.0
0.54565,1.0
0.543453,1.0
0.542573,0.0
0.542024,1.0
0.544227,1.0
0.544676,1.0
0.54565,1.0
0.545091,1.0
0.543453,0.0
0.54289,0.0
0.543769,1.0
0.544227,1.0
0.543012,0.0
0.54565,0.0
0.54565,1.0
0.544438,0.0
0.54565,1.0
0.542573,1.0
0.543012,1.0
0.545091,0.0
0.543453,1.0
0.544676,1.0
0.543864,0.0
0.592213,0.0
0.561355,1.0
0.561355,1.0
0.589872,1.0
0.559029,0.0
0.557709,1.0
0.556741,0.0
0.559029,1.0
0.558238,0.0
0.556417,1.0
0.560573,1.0
0.557709,1.0
0.593204,1.0
0.593204,1.0
0.560573,1.0
0.556417,1.0
0.592213,1.0
0.589411,1.0
0.560573,1.0
0.559029,0.0
0.559142,1.0
0.561355,1.0
0.561874,1.0
0.558431,1.0
0.561355,0.0
0.559029,1.0
0.560037,1.0
0.558431,1.0
0.590347,1.0
0.589411,1.0
0.592976,0.0
0.559029,1.0
0.556417,1.0
0.593204,1.0
0.592213,0.0
0.560573,0.0
0.592366,1.0
0.559142,1.0
0.592213,1.0
0.557136,1.0
0.561355,1.0
0.560573,0.0
0.560037,1.0
0.561355,1.0
0.560573,1.0
0.559029,0.0
0.556741,1.0
0.556741,1.0
0.560037,1.0
0.592976,0.0
0.560573,1.0
0.559029,0.0
0.559029,0.0
0.559029,1.0
0.558431,1.0
0.590209,0.0
0.592976,1.0
0.558431,1.0
0.561355,1.0
0.559142,1.0
0.559142,1.0
0.558238,0.0
0.561874,0.0
0.590347,0.0
0.557866,0.0
0.557866,1.0
0.59074,0.0
0.558431,1.0
0.556417,0.0
0.591543,0.0
0.560345,1.0
0.559573,0.0
0.556741,0.0
0.558431,1.0
0.560573,1.0
0.589872,1.0
0.589411,1.0
0.560573,1.0
0.561355,1.0
0.589411,1.0
0.592366,1.0
0.592213,1.0
0.560037,0.0
0.560573,1.0
0.559029,0.0
0.558431,1.0
0.556741,0.0
0.590604,1.0
0.592213,1.0
0.591082,1.0
0.557866,1.0
0.560573,1.0
0.559142,1.0
0.560573,0.0
0.589872,1.0
0.591435,1.0
0.556417,0.0
0.561355,1.0
0.560037,0.0
0.557709,0.0
0.578103,0.0
0.576764,0.0
0.576764,1.0
0.579748,0.0
0.56695,1.0
0.570479,1.0
0.560491,0.0
0.573831,0.0
0.563895,1.0
0.571381,0.0
0.579548,0.0
0.570479,1.0
0.57982,1.0
0.57982,1.0
0.579548,1.0
0.571381,0.0
0.579975,0.0
0.579382,0.0
0.579548,1.0
0.56695,0.0
0.57545,0.0
0.576764,0.0
0.578497,1.0
0.573481,1.0
0.568886,0.0
0.573831,0.0
0.577822,1.0
0.573481,1.0
0.579208,1.0
0.579382,1.0
0.578026,1.0
0.573831,0.0
0.571381,1.0
0.57982,1.0
0.578103,0.0
0.572403,1.0
0.579585,1.0
0.57545,1.0
0.579975,0.0
0.574498,1.0
0.576764,1.0
0.572403,1.0
0.577822,1.0
0.576764,1.0
0.579548,0.0
0.56695,1.0
0.567784,1.0
0.567784,1.0
0.577822,0.0
0.578026,1.0
0.579548,1.0
0.56695,0.0
0.56695,1.0
0.573831,1.0
0.573481,1.0
0.577737,0.0
0.579634,1.0
0.573481,1.0
0.576764,1.0
0.57545,0.0
0.57545,1.0
0.563895,1.0
0.571217,1.0
0.577314,0.0
0.569614,0.0
0.576448,1.0
0.577438,1.0
0.573481,0.0
0.564858,0.0
0.577803,0.0
0.572886,1.0
0.562798,0.0
0.560491,0.0
0.573481,0.0
0.579548,1.0
0.579748,1.0
0.579382,0.0
0.579548,1.0
0.576764,0.0
0.579382,1.0
0.579585,0.0
0.579975,0.0
0.570069,1.0
0.579548,1.0
0.56695,0.0
0.573481,1.0
0.560491,0.0
0.579918,1.0
0.579975,1.0
0.579481,0.0
0.576448,1.0
0.579548,1.0
0.57545,1.0
0.572403,0.0
0.579748,0.0
0.579776,1.0
0.564858,0.0
0.576764,0.0
0.570069,1.0
0.563825,1.0
0.561411,1.0
0.535311,0.0
0.605081,1.0
0.559451,1.0
0.593674,1.0
0.597311,1.0
0.519562,0.0
0.536423,1.0
0.590527,1.0
0.53565,0.0
0.541974,1.0
0.597311,1.0
0.5947,1.0
0.5947,1.0
0.606585,0.0
0.53565,0.0
0.561044,0.0
0.560131,0.0
0.606585,1.0
0.529633,0.0
0.537821,0.0
0.535311,0.0
0.605897,1.0
0.601051,0.0
0.525726,0.0
0.536423,0.0
0.605941,1.0
0.601051,1.0
0.595,1.0
0.59543,0.0
0.593601,1.0
0.536423,1.0
0.598002,0.0
0.5947,1.0
0.561411,0.0
0.598951,0.0
0.595046,1.0
0.602313,1.0
0.561044,0.0
0.601888,0.0
0.605081,1.0
0.598951,0.0
0.605941,1.0
0.605081,1.0
0.541974,0.0
0.593674,1.0
0.594747,1.0
0.594747,1.0
0.53747,0.0
0.593601,1.0
0.606585,1.0
0.529633,0.0
0.593674,1.0
0.600596,0.0
0.601051,1.0
0.561323,0.0
0.594244,0.0
0.601051,1.0
0.605081,0.0
0.537821,0.0
0.602313,1.0
0.590527,1.0
0.597994,1.0
0.560933,1.0
0.532874,1.0
0.602951,1.0
0.594665,0.0
0.532637,1.0
0.530032,1.0
0.561071,1.0
0.599873,1.0
0.519723,0.0
0.519562,0.0
0.532637,0.0
0.606585,1.0
0.596012,1.0
0.560131,0.0
0.606585,1.0
0.535311,0.0
0.59543,1.0
0.560675,1.0
0.561044,0.0
0.597227,1.0
0.606585,1.0
0.529633,1.0
0.601051,1.0
0.519562,0.0
0.595615,1.0
0.595118,1.0
0.560889,1.0
0.602951,1.0
0.606585,1.0
0.602313,1.0
0.533963,1.0
0.559451,0.0
0.595483,1.0
0.530032,1.0
0.535311,1.0
0.597227,1.0
0.590942,0.0
0.598355,0.0
0.52723,0.0
0.518202,1.0
0.588545,1.0
0.48614,0.0
0.488666,1.0
0.507603,1.0
0.494717,0.0
0.500698,0.0
0.494506,0.0
0.496817,0.0
0.488666,0.0
0.582122,0.0
0.582122,0.0
0.493164,0.0
0.494506,0.0
0.605951,0.0
0.602711,0.0
0.491219,0.0
0.495734,0.0
0.499274,0.0
0.52723,1.0
0.499268,0.0
0.509401,1.0
0.523889,1.0
0.497327,0.0
0.509584,0.0
0.507342,1.0
0.578874,1.0
0.588931,1.0
0.588343,0.0
0.494717,1.0
0.486872,1.0
0.582122,0.0
0.609369,0.0
0.490361,0.0
0.579023,0.0
0.49065,0.0
0.605951,0.0
0.500778,0.0
0.518202,1.0
0.490361,0.0
0.509584,0.0
0.518202,0.0
0.499229,0.0
0.48614,0.0
0.502291,1.0
0.502291,1.0
0.517907,0.0
0.588343,0.0
0.491219,0.0
0.495734,0.0
0.48614,0.0
0.490775,1.0
0.507342,1.0
0.609285,0.0
0.597475,0.0
0.507342,0.0
0.52009,1.0
0.499274,0.0
0.49065,0.0
0.500698,0.0
0.49585,1.0
0.597431,1.0
0.489353,0.0
0.484064,0.0
0.59175,1.0
0.513517,1.0
0.491854,0.0
0.597411,0.0
0.495178,1.0
0.518144,1.0
0.507603,0.0
0.515851,1.0
0.491219,1.0
0.57293,1.0
0.602711,1.0
0.491219,0.0
0.52723,1.0
0.576532,1.0
0.594169,0.0
0.605951,0.0
0.505941,0.0
0.491219,0.0
0.493064,0.0
0.507342,1.0
0.507603,1.0
0.576442,1.0
0.579926,0.0
0.595001,0.0
0.484064,0.0
0.491219,1.0
0.49065,1.0
0.494183,0.0
0.599264,1.0
0.576683,1.0
0.491854,0.0
0.524859,1.0
0.505941,1.0
0.490186,0.0
0.411141,0.0
0.746432,1.0
0.686909,1.0
0.394917,0.0
0.634112,1.0
0.625344,0.0
0.735888,1.0
0.674156,0.0
0.676683,1.0
0.663854,0.0
0.683274,0.0
0.631984,0.0
0.414774,0.0
0.414774,1.0
0.667357,1.0
0.663854,1.0
0.404853,0.0
0.407977,1.0
0.650181,1.0
0.68997,1.0
0.703109,0.0
0.750893,1.0
0.662811,0.0
0.703427,1.0
0.753644,1.0
0.696282,0.0
0.680171,0.0
0.677226,1.0
0.390224,0.0
0.382641,0.0
0.409224,0.0
0.672444,1.0
0.616472,0.0
0.414774,0.0
0.400934,0.0
0.665183,1.0
0.417437,1.0
0.644974,1.0
0.404853,1.0
0.691124,1.0
0.686909,1.0
0.665183,0.0
0.680171,1.0
0.68662,0.0
0.708569,1.0
0.634112,1.0
0.671552,1.0
0.671552,0.0
0.740394,1.0
0.409224,0.0
0.650181,1.0
0.68997,1.0
0.634112,1.0
0.651076,1.0
0.677226,1.0
0.400777,0.0
0.402169,1.0
0.678105,1.0
0.714585,1.0
0.703109,1.0
0.644974,1.0
0.676683,1.0
0.658423,0.0
0.3858,1.0
0.657526,1.0
0.628024,1.0
0.380104,0.0
0.712181,0.0
0.638092,1.0
0.41216,0.0
0.650515,0.0
0.750831,1.0
0.733023,1.0
0.742874,1.0
0.645874,1.0
0.394841,0.0
0.382456,0.0
0.650181,1.0
0.750893,1.0
0.391787,0.0
0.416254,0.0
0.404853,0.0
0.681072,1.0
0.650181,1.0
0.670078,1.0
0.677226,1.0
0.735888,0.0
0.391743,1.0
0.416251,1.0
0.415109,0.0
0.628024,0.0
0.645874,0.0
0.640007,0.0
0.682371,1.0
0.385976,0.0
0.391901,0.0
0.638092,1.0
0.71799,1.0
0.680464,1.0
0.641147,0.0
0.341336,0.0
0.735681,1.0
0.681621,0.0
0.334031,0.0
0.658892,1.0
0.593336,1.0
0.738169,1.0
0.664487,0.0
0.690926,1.0
0.676781,0.0
0.668932,1.0
0.594844,0.0
0.339076,0.0
0.421973,0.0
0.696743,0.0
0.726677,1.0
0.34345,0.0
0.428086,0.0
0.668629,1.0
0.740904,1.0
0.705608,1.0
0.723948,1.0
0.632193,1.0
0.705452,1.0
0.726848,1.0
0.702506,1.0
0.64978,0.0
0.681149,1.0
0.326497,0.0
0.328919,0.0
0.33643,0.0
0.707709,1.0
0.601752,0.0
0.339076,1.0
0.34092,0.0
0.700491,1.0
0.423643,1.0
0.666004,1.0
0.425562,0.0
0.7088,1.0
0.681621,1.0
0.648795,1.0
0.68715,1.0
0.656362,1.0
0.739064,0.0
0.658892,0.0
0.682519,1.0
0.64228,1.0
0.736894,1.0
0.33643,0.0
0.668629,1.0
0.740904,1.0
0.658892,1.0
0.692317,1.0
0.681149,1.0
0.34078,0.0
0.419763,0.0
0.687788,0.0
0.700974,0.0
0.740539,1.0
0.666004,1.0
0.690926,1.0
0.629494,0.0
0.406806,0.0
0.702057,1.0
0.648694,1.0
0.327498,0.0
0.686902,0.0
0.688527,1.0
0.341934,0.0
0.621956,0.0
0.731277,1.0
0.746875,1.0
0.729429,1.0
0.664345,0.0
0.328494,1.0
0.333019,0.0
0.668629,1.0
0.723948,1.0
0.327092,0.0
0.344476,1.0
0.34345,0.0
0.690051,1.0
0.668629,1.0
0.712127,1.0
0.681149,0.0
0.717022,0.0
0.405772,1.0
0.422774,0.0
0.34374,0.0
0.585715,1.0
0.614007,1.0
0.609074,1.0
0.714779,0.0
0.335362,0.0
0.327213,0.0
0.688527,1.0
0.711286,1.0
0.683326,1.0
0.628487,0.0
0.283879,0.0
0.763707,1.0
0.68347,0.0
0.283802,0.0
0.682674,1.0
0.638589,1.0
0.763013,1.0
0.683308,0.0
0.702963,0.0
0.715054,0.0
0.719883,1.0
0.56831,0.0
0.28045,0.0
0.361794,0.0
0.683058,0.0
0.750158,0.0
0.288674,0.0
0.373858,0.0
0.685612,1.0
0.750612,0.0
0.754199,0.0
0.775365,1.0
0.679604,0.0
0.736271,0.0
0.775859,1.0
0.754456,0.0
0.659664,0.0
0.703816,0.0
0.278485,1.0
0.284009,0.0
0.280115,0.0
0.731572,0.0
0.603699,0.0
0.347742,0.0
0.287661,0.0
0.722534,0.0
0.447661,0.0
0.685056,0.0
0.371986,0.0
0.724523,1.0
0.707941,1.0
0.709321,0.0
0.698406,0.0
0.699122,0.0
0.732332,1.0
0.63329,0.0
0.704252,1.0
0.696112,0.0
0.759512,1.0
0.280115,0.0
0.685612,1.0
0.750612,0.0
0.682674,1.0
0.722668,0.0
0.703816,1.0
0.287587,0.0
0.365832,0.0
0.670765,1.0
0.720438,0.0
0.749071,0.0
0.685056,1.0
0.702963,0.0
0.638201,0.0
0.357491,0.0
0.72763,1.0
0.67078,1.0
0.283521,0.0
0.721274,0.0
0.725402,1.0
0.284054,0.0
0.626322,0.0
0.772416,0.0
0.756281,0.0
0.768187,1.0
0.647265,0.0
0.344544,0.0
0.287845,0.0
0.685612,1.0
0.775365,1.0
0.278475,0.0
0.353405,0.0
0.288674,0.0
0.701179,0.0
0.685612,1.0
0.732053,1.0
0.675913,1.0
0.752824,0.0
0.435944,1.0
0.362082,0.0
0.284616,0.0
0.617409,1.0
0.664739,0.0
0.659164,0.0
0.703584,0.0
0.2889,0.0
0.278538,0.0
0.725402,1.0
0.749934,1.0
0.706057,1.0
0.641678,0.0
0.62192,0.0
0.536087,1.0
0.594227,1.0
0.621569,1.0
0.569259,0.0
0.568378,0.0
0.534461,0.0
0.568531,1.0
0.585622,0.0
0.53927,1.0
0.562322,1.0
0.580047,0.0
0.622432,1.0
0.612104,0.0
0.570462,1.0
0.537857,0.0
0.621112,1.0
0.609873,1.0
0.57853,1.0
0.53668,0.0
0.541177,1.0
0.538874,1.0
0.587559,1.0
0.558646,0.0
0.538347,0.0
0.541026,0.0
0.590906,1.0
0.591011,1.0
0.609877,0.0
0.621248,1.0
0.622361,0.0
0.554945,0.0
0.563623,1.0
0.609652,0.0
0.621169,0.0
0.559848,0.0
0.593385,0.0
0.58286,1.0
0.610115,1.0
0.553682,1.0
0.587793,1.0
0.566509,0.0
0.591856,1.0
0.594765,1.0
0.532629,0.0
0.576095,0.0
0.579987,1.0
0.589467,0.0
0.535133,1.0
0.622361,0.0
0.57853,1.0
0.53668,0.0
0.569259,0.0
0.558891,0.0
0.584248,0.0
0.621175,0.0
0.61107,1.0
0.582716,1.0
0.567938,1.0
0.537608,1.0
0.575934,1.0
0.585622,0.0
0.585566,1.0
0.612029,0.0
0.546094,0.0
0.570145,1.0
0.621267,1.0
0.565136,0.0
0.543519,0.0
0.621918,0.0
0.584469,0.0
0.541578,0.0
0.537138,0.0
0.536716,1.0
0.584988,1.0
0.609723,1.0
0.620743,1.0
0.57853,1.0
0.538874,0.0
0.622192,1.0
0.608818,0.0
0.621112,0.0
0.589292,1.0
0.57853,1.0
0.543872,0.0
0.584044,1.0
0.539648,0.0
0.57831,1.0
0.612095,1.0
0.621909,1.0
0.565499,0.0
0.58501,1.0
0.582638,1.0
0.559779,0.0
0.620667,0.0
0.622187,1.0
0.543519,0.0
0.547246,1.0
0.583049,0.0
0.558173,0.0
0.529046,1.0
0.516584,0.0
0.524948,0.0
0.530188,0.0
0.527483,0.0
0.537368,0.0
0.518512,0.0
0.525931,1.0
0.524317,1.0
0.51961,0.0
0.519629,0.0
0.563838,0.0
0.529979,0.0
0.531682,0.0
0.525173,0.0
0.518237,1.0
0.530293,0.0
0.533393,0.0
0.526442,1.0
0.518837,1.0
0.516842,0.0
0.515371,0.0
0.532509,0.0
0.515972,1.0
0.516978,1.0
0.518014,0.0
0.531591,1.0
0.523631,0.0
0.531789,0.0
0.530261,1.0
0.528942,0.0
0.516849,0.0
0.548441,0.0
0.532521,0.0
0.529221,0.0
0.518944,0.0
0.537867,1.0
0.529549,0.0
0.533328,1.0
0.516415,0.0
0.52175,0.0
0.524522,0.0
0.524346,0.0
0.525657,0.0
0.518502,0.0
0.541468,1.0
0.522196,1.0
0.527803,0.0
0.516802,1.0
0.528942,1.0
0.526442,1.0
0.518837,1.0
0.527483,1.0
0.518711,0.0
0.522838,0.0
0.529219,0.0
0.533065,0.0
0.525321,0.0
0.517429,1.0
0.517605,0.0
0.526531,1.0
0.524317,1.0
0.538345,0.0
0.531733,0.0
0.516771,0.0
0.530057,0.0
0.530255,0.0
0.517701,0.0
0.51735,0.0
0.529046,0.0
0.543441,1.0
0.518014,1.0
0.519415,1.0
0.516211,0.0
0.534055,1.0
0.533578,1.0
0.530386,0.0
0.526442,0.0
0.516616,1.0
0.530033,0.0
0.532756,0.0
0.529235,1.0
0.523936,0.0
0.526442,0.0
0.516223,0.0
0.524672,1.0
0.518383,0.0
0.540641,1.0
0.532775,1.0
0.530105,0.0
0.546883,1.0
0.537444,0.0
0.539152,0.0
0.519509,0.0
0.529348,0.0
0.530034,1.0
0.51735,0.0
0.51369,1.0
0.522444,0.0
0.53521,0.0
0.334312,1.0
0.738878,1.0
0.671706,0.0
0.333445,0.0
0.686032,1.0
0.667833,1.0
0.74132,1.0
0.693903,0.0
0.67755,1.0
0.740855,1.0
0.711871,1.0
0.390235,1.0
0.331843,1.0
0.334092,0.0
0.694631,0.0
0.740388,1.0
0.333376,0.0
0.341227,0.0
0.675104,1.0
0.744774,1.0
0.739098,1.0
0.728684,1.0
0.663387,0.0
0.726382,0.0
0.7274,1.0
0.739521,1.0
0.66169,0.0
0.673885,0.0
0.366509,0.0
0.339689,0.0
0.328855,0.0
0.733411,0.0
0.667522,0.0
0.346051,0.0
0.330102,0.0
0.722427,1.0
0.375374,0.0
0.669314,1.0
0.346635,0.0
0.727016,1.0
0.676384,1.0
0.704033,0.0
0.674054,1.0
0.668097,0.0
0.747776,1.0
0.65779,1.0
0.67898,1.0
0.670779,0.0
0.73842,1.0
0.334116,0.0
0.675104,1.0
0.744774,1.0
0.683081,1.0
0.724287,0.0
0.68183,1.0
0.330105,0.0
0.340234,1.0
0.680569,1.0
0.709904,0.0
0.748104,1.0
0.676253,0.0
0.67755,1.0
0.655371,0.0
0.336197,0.0
0.735769,1.0
0.676507,1.0
0.33441,1.0
0.722447,1.0
0.737341,1.0
0.329001,1.0
0.649598,1.0
0.73512,1.0
0.747579,1.0
0.734846,1.0
0.661019,1.0
0.35694,0.0
0.334744,0.0
0.677957,1.0
0.726459,1.0
0.333107,0.0
0.346923,1.0
0.335267,0.0
0.676054,1.0
0.677957,1.0
0.738403,1.0
0.675693,1.0
0.739932,0.0
0.483041,1.0
0.343419,1.0
0.332189,0.0
0.638017,1.0
0.657775,1.0
0.656101,0.0
0.728459,0.0
0.331219,1.0
0.338441,0.0
0.737341,1.0
0.726497,1.0
0.683203,1.0
0.699756,1.0
0.376473,1.0
0.801329,0.0
0.711331,0.0
0.305906,0.0
0.717072,0.0
0.693449,1.0
0.798808,1.0
0.729274,0.0
0.726098,1.0
0.78607,0.0
0.771887,0.0
0.356368,1.0
0.37459,0.0
0.303849,1.0
0.726149,0.0
0.789507,0.0
0.305777,0.0
0.307495,1.0
0.715808,1.0
0.786958,1.0
0.795762,0.0
0.811902,1.0
0.684424,1.0
0.777067,0.0
0.808098,1.0
0.795042,1.0
0.686746,0.0
0.716427,0.0
0.321762,1.0
0.309906,0.0
0.303371,0.0
0.77788,1.0
0.666126,0.0
0.309779,0.0
0.303809,0.0
0.776722,1.0
0.323288,0.0
0.712415,1.0
0.311392,0.0
0.782423,0.0
0.736798,1.0
0.741223,0.0
0.725702,0.0
0.709844,1.0
0.788839,1.0
0.683286,0.0
0.732694,1.0
0.702823,0.0
0.795993,1.0
0.306748,0.0
0.715808,1.0
0.786958,1.0
0.714576,1.0
0.769799,0.0
0.732451,0.0
0.303812,0.0
0.377915,0.0
0.719548,1.0
0.768347,0.0
0.788964,1.0
0.700077,0.0
0.726098,1.0
0.665171,0.0
0.304988,0.0
0.784465,1.0
0.709044,0.0
0.376204,0.0
0.785415,0.0
0.782571,1.0
0.372207,0.0
0.677148,0.0
0.799521,1.0
0.786159,0.0
0.805381,1.0
0.69841,1.0
0.317323,0.0
0.306458,0.0
0.717743,1.0
0.808663,0.0
0.305849,0.0
0.381847,1.0
0.307155,0.0
0.727524,1.0
0.717743,1.0
0.787393,1.0
0.721129,0.0
0.791559,0.0
0.505396,1.0
0.381172,0.0
0.305284,0.0
0.663532,0.0
0.692864,1.0
0.660302,0.0
0.764171,0.0
0.373528,0.0
0.309371,0.0
0.782571,1.0
0.799191,1.0
0.734737,1.0
0.736334,1.0
0.573021,0.0
0.362875,0.0
0.720827,1.0
0.577691,0.0
0.700364,0.0
0.696135,0.0
0.359233,0.0
0.60902,0.0
0.704957,1.0
0.370995,0.0
0.484685,1.0
0.576885,1.0
0.578305,1.0
0.577309,1.0
0.64493,0.0
0.364192,1.0
0.577699,0.0
0.577325,0.0
0.717684,0.0
0.360532,0.0
0.366962,0.0
0.362826,0.0
0.713095,1.0
0.412376,1.0
0.36109,0.0
0.365115,0.0
0.715677,1.0
0.717879,1.0
0.576994,1.0
0.577731,0.0
0.577632,0.0
0.399354,0.0
0.618581,0.0
0.57804,1.0
0.57766,0.0
0.432979,1.0
0.578654,1.0
0.714097,1.0
0.578028,1.0
0.425171,1.0
0.712562,1.0
0.558122,0.0
0.721575,1.0
0.721286,1.0
0.363448,0.0
0.695111,1.0
0.698453,1.0
0.712714,1.0
0.361533,1.0
0.577665,1.0
0.717684,1.0
0.360532,0.0
0.698542,1.0
0.435556,0.0
0.709244,0.0
0.57766,0.0
0.57861,0.0
0.718244,1.0
0.473922,0.0
0.362269,0.0
0.714941,1.0
0.704957,1.0
0.700299,1.0
0.577911,1.0
0.39399,0.0
0.710322,1.0
0.578352,1.0
0.420266,0.0
0.391518,0.0
0.578232,0.0
0.697888,1.0
0.359468,0.0
0.359021,0.0
0.361682,0.0
0.713949,1.0
0.578105,1.0
0.577713,0.0
0.717141,1.0
0.363148,1.0
0.577676,1.0
0.573211,0.0
0.577694,0.0
0.716013,1.0
0.717141,0.0
0.385009,0.0
0.717825,1.0
0.362743,1.0
0.570871,1.0
0.57875,1.0
0.577679,1.0
0.677258,1.0
0.70923,1.0
0.696012,0.0
0.441339,0.0
0.578276,1.0
0.577708,0.0
0.391518,0.0
0.380331,1.0
0.699403,1.0
0.516659,1.0
0.43367,0.0
0.788483,1.0
0.724255,1.0
0.304556,0.0
0.69808,0.0
0.682054,1.0
0.790346,1.0
0.735827,0.0
0.728634,1.0
0.77569,1.0
0.778475,1.0
0.41172,1.0
0.360912,0.0
0.382491,1.0
0.726647,1.0
0.788505,1.0
0.304508,0.0
0.367127,1.0
0.700505,1.0
0.778804,1.0
0.783862,1.0
0.803227,1.0
0.702967,1.0
0.791909,1.0
0.799221,1.0
0.787511,1.0
0.702213,0.0
0.72831,0.0
0.387371,1.0
0.30514,0.0
0.304351,0.0
0.78586,1.0
0.68563,0.0
0.317899,1.0
0.304294,0.0
0.787458,1.0
0.317652,1.0
0.715892,1.0
0.318575,0.0
0.786488,1.0
0.740207,1.0
0.752274,0.0
0.72497,1.0
0.727354,1.0
0.781126,1.0
0.690773,1.0
0.734738,1.0
0.715241,1.0
0.798777,1.0
0.319136,1.0
0.719467,1.0
0.778804,1.0
0.716616,1.0
0.776928,1.0
0.712236,1.0
0.304295,1.0
0.34523,1.0
0.723961,1.0
0.778429,1.0
0.781106,1.0
0.712446,1.0
0.728634,1.0
0.68576,0.0
0.317747,0.0
0.779923,1.0
0.70925,1.0
0.361352,1.0
0.779174,1.0
0.777947,1.0
0.344414,1.0
0.686592,1.0
0.790817,1.0
0.773327,1.0
0.796875,1.0
0.70506,1.0
0.319184,0.0
0.30454,0.0
0.721165,1.0
0.806772,1.0
0.318874,1.0
0.435461,1.0
0.304795,0.0
0.73118,1.0
0.70223,1.0
0.781689,1.0
0.72039,1.0
0.801625,1.0
0.570952,1.0
0.362273,0.0
0.318793,0.0
0.672211,1.0
0.699813,1.0
0.664076,1.0
0.772251,0.0
0.360386,0.0
0.305154,0.0
0.777947,1.0
0.803674,1.0
0.736786,1.0
0.75236,1.0
0.542829,1.0
0.525602,0.0
0.527253,1.0
0.536079,1.0
0.52291,0.0
0.524531,1.0
0.526066,0.0
0.519489,1.0
0.526297,1.0
0.523452,0.0
0.520455,1.0
0.536538,0.0
0.539872,1.0
0.534827,1.0
0.521268,1.0
0.52492,1.0
0.536076,1.0
0.533388,0.0
0.52341,1.0
0.52448,1.0
0.524696,0.0
0.527461,1.0
0.526632,1.0
0.523295,1.0
0.527066,0.0
0.525306,1.0
0.527601,1.0
0.526552,0.0
0.535161,0.0
0.53612,0.0
0.536061,0.0
0.52361,0.0
0.527851,0.0
0.531175,1.0
0.536059,1.0
0.522055,1.0
0.531199,1.0
0.52583,1.0
0.537392,1.0
0.522217,0.0
0.527502,1.0
0.516672,1.0
0.526307,1.0
0.527242,1.0
0.524669,1.0
0.528527,1.0
0.526825,0.0
0.527005,1.0
0.526625,1.0
0.531239,0.0
0.525429,1.0
0.52448,0.0
0.525021,1.0
0.521289,0.0
0.523864,0.0
0.529654,0.0
0.532269,0.0
0.525915,1.0
0.520934,1.0
0.524711,1.0
0.5259,0.0
0.526297,1.0
0.530224,0.0
0.537325,0.0
0.522988,0.0
0.525698,0.0
0.533972,1.0
0.522218,0.0
0.522771,0.0
0.532199,0.0
0.529314,1.0
0.526117,1.0
0.523851,1.0
0.526737,0.0
0.526168,1.0
0.537443,1.0
0.536079,0.0
0.525559,0.0
0.527418,1.0
0.53122,0.0
0.537422,1.0
0.536095,1.0
0.526641,1.0
0.52353,1.0
0.523591,1.0
0.525903,1.0
0.526686,0.0
0.540709,1.0
0.539982,1.0
0.537379,0.0
0.53418,1.0
0.526569,1.0
0.529827,1.0
0.519562,1.0
0.539839,1.0
0.536119,1.0
0.522771,0.0
0.526213,1.0
0.526869,1.0
0.518493,0.0
0.591436,0.0
0.660339,1.0
0.602754,1.0
0.634335,1.0
0.594829,0.0
0.600114,0.0
0.660501,1.0
0.633096,1.0
0.602637,1.0
0.659706,0.0
0.654378,0.0
0.552049,0.0
0.62175,0.0
0.565301,0.0
0.623869,1.0
0.66886,0.0
0.634344,1.0
0.57113,1.0
0.601093,0.0
0.669375,1.0
0.659976,0.0
0.668894,1.0
0.599592,1.0
0.663678,1.0
0.659843,1.0
0.668876,1.0
0.600931,0.0
0.593731,1.0
0.562845,1.0
0.636554,1.0
0.636563,1.0
0.657436,0.0
0.610014,0.0
0.591279,1.0
0.634341,1.0
0.660704,1.0
0.591819,0.0
0.599463,1.0
0.631194,0.0
0.652912,1.0
0.602309,1.0
0.644412,0.0
0.601146,0.0
0.601351,1.0
0.669079,0.0
0.596651,1.0
0.595604,1.0
0.602622,1.0
0.668593,0.0
0.591448,1.0
0.599803,0.0
0.660557,0.0
0.601484,0.0
0.654529,0.0
0.597396,1.0
0.596601,1.0
0.583054,0.0
0.601054,1.0
0.660701,1.0
0.669256,1.0
0.593227,1.0
0.602637,1.0
0.59363,1.0
0.633455,1.0
0.657847,1.0
0.591401,1.0
0.576792,1.0
0.656051,1.0
0.658183,0.0
0.583178,1.0
0.598743,1.0
0.66956,1.0
0.66954,1.0
0.659937,1.0
0.599839,0.0
0.631221,1.0
0.636605,1.0
0.592005,1.0
0.668314,1.0
0.591519,1.0
0.541767,1.0
0.634312,0.0
0.601344,1.0
0.601013,0.0
0.667479,1.0
0.602202,1.0
0.658974,1.0
0.511211,1.0
0.621636,0.0
0.633174,0.0
0.579108,0.0
0.598445,1.0
0.599666,1.0
0.660384,1.0
0.621867,1.0
0.634285,1.0
0.658183,1.0
0.666616,1.0
0.603309,1.0
0.637801,1.0
0.591599,0.0
0.54163,0.0
0.606205,1.0
0.604867,1.0
0.590578,0.0
0.589697,0.0
0.542712,0.0
0.5482,0.0
0.605338,0.0
0.533002,0.0
0.539414,1.0
0.579319,0.0
0.598627,1.0
0.581451,0.0
0.568942,0.0
0.53977,0.0
0.604867,1.0
0.58843,1.0
0.593624,1.0
0.539418,0.0
0.535686,1.0
0.546807,1.0
0.601424,1.0
0.545235,0.0
0.545315,0.0
0.541939,0.0
0.598654,0.0
0.605422,0.0
0.588705,0.0
0.605515,1.0
0.605487,0.0
0.536727,0.0
0.575066,0.0
0.594377,0.0
0.604858,0.0
0.54427,0.0
0.587878,0.0
0.602466,1.0
0.599265,1.0
0.543356,1.0
0.608148,1.0
0.531247,0.0
0.600911,1.0
0.606192,1.0
0.535858,1.0
0.598676,0.0
0.606277,1.0
0.60425,0.0
0.543329,0.0
0.594965,0.0
0.598986,1.0
0.534719,0.0
0.597694,0.0
0.533867,0.0
0.599257,0.0
0.595,1.0
0.585444,0.0
0.604729,1.0
0.539958,1.0
0.540135,0.0
0.602175,1.0
0.605338,0.0
0.600783,0.0
0.605764,0.0
0.538946,0.0
0.600344,1.0
0.591656,0.0
0.538685,1.0
0.534132,0.0
0.592157,0.0
0.599895,0.0
0.543255,0.0
0.537279,0.0
0.544609,0.0
0.597519,1.0
0.60519,1.0
0.605505,1.0
0.603108,1.0
0.549525,0.0
0.594973,1.0
0.574363,1.0
0.598962,1.0
0.60612,0.0
0.593813,1.0
0.540023,0.0
0.604539,1.0
0.547711,0.0
0.55552,1.0
0.598672,0.0
0.599914,1.0
0.588896,1.0
0.600257,0.0
0.596237,1.0
0.53541,0.0
0.604585,1.0
0.604876,1.0
0.538343,0.0
0.548815,1.0
0.606656,0.0
0.539489,0.0
0.368208,0.0
0.749719,1.0
0.695744,1.0
0.340381,0.0
0.669457,1.0
0.669853,1.0
0.753325,1.0
0.715009,0.0
0.696221,1.0
0.75696,0.0
0.783455,1.0
0.407798,0.0
0.354115,0.0
0.406932,1.0
0.701506,0.0
0.780789,0.0
0.34038,0.0
0.391034,0.0
0.682742,1.0
0.743962,1.0
0.765846,1.0
0.770332,0.0
0.677798,0.0
0.768928,1.0
0.762597,0.0
0.753227,0.0
0.690225,0.0
0.688519,0.0
0.382619,0.0
0.33782,1.0
0.334349,0.0
0.770674,1.0
0.681996,0.0
0.368983,0.0
0.336813,0.0
0.767263,1.0
0.38431,0.0
0.686894,1.0
0.353942,0.0
0.76228,0.0
0.710802,1.0
0.746262,0.0
0.714996,0.0
0.699624,0.0
0.766933,1.0
0.666968,0.0
0.702362,0.0
0.685374,0.0
0.792826,1.0
0.363822,0.0
0.709978,0.0
0.760928,1.0
0.703806,1.0
0.762539,1.0
0.666945,1.0
0.3686,0.0
0.389362,0.0
0.694443,0.0
0.750643,0.0
0.746378,0.0
0.681546,1.0
0.696221,1.0
0.660063,0.0
0.332997,0.0
0.744221,1.0
0.677941,0.0
0.377186,1.0
0.744614,0.0
0.761684,1.0
0.373287,0.0
0.665631,0.0
0.756302,1.0
0.736479,0.0
0.7602,1.0
0.698753,1.0
0.338833,0.0
0.33786,0.0
0.689674,1.0
0.78056,0.0
0.36766,0.0
0.477648,0.0
0.355332,0.0
0.699656,0.0
0.684366,1.0
0.74808,1.0
0.689919,1.0
0.773254,0.0
0.684481,1.0
0.350176,0.0
0.351509,0.0
0.678743,1.0
0.672894,1.0
0.649378,1.0
0.73477,0.0
0.339028,0.0
0.34034,0.0
0.7422,1.0
0.78079,1.0
0.704078,1.0
0.743388,0.0
0.61885,0.0
0.661482,0.0
0.593079,1.0
0.631106,1.0
0.593214,0.0
0.59219,1.0
0.661664,1.0
0.654247,0.0
0.592944,1.0
0.67334,0.0
0.654374,0.0
0.597788,1.0
0.624603,0.0
0.583129,1.0
0.635321,0.0
0.671976,0.0
0.631106,0.0
0.605387,1.0
0.591536,0.0
0.661267,0.0
0.660396,0.0
0.673235,1.0
0.606985,1.0
0.659671,1.0
0.674117,1.0
0.674216,0.0
0.607413,0.0
0.608145,0.0
0.611188,1.0
0.620783,1.0
0.634716,0.0
0.659941,0.0
0.622633,1.0
0.618117,0.0
0.633584,0.0
0.658545,1.0
0.610477,1.0
0.591408,0.0
0.624652,1.0
0.671286,0.0
0.592465,1.0
0.663068,0.0
0.604638,0.0
0.606466,1.0
0.660411,0.0
0.607102,0.0
0.60732,1.0
0.608156,1.0
0.659744,0.0
0.620768,1.0
0.60419,1.0
0.661019,0.0
0.591595,0.0
0.658947,0.0
0.594084,1.0
0.617348,0.0
0.607885,0.0
0.606376,1.0
0.671268,1.0
0.674514,1.0
0.591972,0.0
0.592944,1.0
0.609995,1.0
0.635331,1.0
0.660462,1.0
0.606206,0.0
0.600544,1.0
0.67281,1.0
0.660259,0.0
0.615987,1.0
0.608229,1.0
0.661654,1.0
0.6747,1.0
0.661623,1.0
0.590985,0.0
0.631824,0.0
0.632289,1.0
0.591137,0.0
0.672755,1.0
0.617818,1.0
0.549702,0.0
0.623985,0.0
0.606497,1.0
0.591483,0.0
0.660822,0.0
0.592621,1.0
0.673271,1.0
0.582293,1.0
0.627445,0.0
0.625829,0.0
0.586499,0.0
0.591747,1.0
0.593881,0.0
0.672358,0.0
0.631756,1.0
0.631125,1.0
0.660549,0.0
0.66,0.0
0.593264,0.0
0.66458,1.0
0.534721,0.0
0.517619,1.0
0.513357,0.0
0.533227,0.0
0.517545,0.0
0.516766,0.0
0.517301,0.0
0.515257,1.0
0.512947,1.0
0.516699,0.0
0.510396,1.0
0.534965,0.0
0.534606,1.0
0.538195,0.0
0.513073,0.0
0.513286,0.0
0.534227,1.0
0.535017,0.0
0.515409,0.0
0.518384,1.0
0.514981,0.0
0.515394,1.0
0.516628,0.0
0.513984,0.0
0.516547,1.0
0.517569,1.0
0.51647,1.0
0.515871,0.0
0.534317,0.0
0.535701,0.0
0.533783,0.0
0.513718,0.0
0.518343,0.0
0.534985,1.0
0.533871,0.0
0.513901,0.0
0.534307,1.0
0.514758,0.0
0.533617,1.0
0.515376,0.0
0.510869,0.0
0.514165,0.0
0.511671,0.0
0.513461,0.0
0.51486,1.0
0.519177,1.0
0.513087,0.0
0.515648,0.0
0.511104,1.0
0.533742,0.0
0.511239,0.0
0.515709,1.0
0.512016,1.0
0.514469,0.0
0.517825,1.0
0.535268,0.0
0.535496,0.0
0.51393,0.0
0.516938,0.0
0.518828,0.0
0.515682,0.0
0.512947,0.0
0.520034,1.0
0.532797,0.0
0.518063,0.0
0.516934,0.0
0.537041,0.0
0.518457,0.0
0.515041,0.0
0.534068,0.0
0.51885,0.0
0.516839,1.0
0.520348,0.0
0.516257,0.0
0.513269,1.0
0.534155,1.0
0.533141,0.0
0.514192,0.0
0.513796,1.0
0.534117,0.0
0.542553,1.0
0.534705,1.0
0.513096,0.0
0.515131,1.0
0.5174,1.0
0.514028,0.0
0.514829,0.0
0.518944,1.0
0.534203,1.0
0.534553,0.0
0.518169,0.0
0.516173,0.0
0.521206,0.0
0.519187,0.0
0.533149,1.0
0.533226,1.0
0.518125,0.0
0.51274,1.0
0.512524,0.0
0.515299,1.0
0.580113,0.0
0.344353,0.0
0.734216,1.0
0.578904,0.0
0.733437,1.0
0.732351,0.0
0.354144,0.0
0.386692,0.0
0.729285,1.0
0.352825,1.0
0.359236,0.0
0.580026,1.0
0.582273,1.0
0.578126,1.0
0.512849,0.0
0.357048,0.0
0.581967,0.0
0.579523,0.0
0.735509,1.0
0.34328,0.0
0.355154,0.0
0.34909,0.0
0.733981,1.0
0.359426,1.0
0.347585,0.0
0.344072,0.0
0.729941,1.0
0.734866,1.0
0.579549,1.0
0.577515,0.0
0.579516,1.0
0.357352,1.0
0.675428,0.0
0.582383,1.0
0.579552,0.0
0.360425,0.0
0.582021,1.0
0.735892,1.0
0.581546,1.0
0.356651,1.0
0.733615,1.0
0.371032,0.0
0.735481,1.0
0.734322,1.0
0.348013,1.0
0.728589,0.0
0.733024,1.0
0.733631,1.0
0.352866,0.0
0.579279,1.0
0.734636,1.0
0.34685,1.0
0.730628,1.0
0.357432,0.0
0.72778,1.0
0.579954,0.0
0.580352,1.0
0.734645,1.0
0.357175,0.0
0.352105,1.0
0.735682,1.0
0.733522,1.0
0.727069,1.0
0.578872,1.0
0.353918,1.0
0.735114,1.0
0.577855,1.0
0.353732,1.0
0.355706,0.0
0.57937,0.0
0.731971,1.0
0.347459,0.0
0.350161,1.0
0.35541,0.0
0.731495,1.0
0.581971,1.0
0.57887,0.0
0.736212,1.0
0.351139,0.0
0.579288,1.0
0.582619,1.0
0.582234,0.0
0.734292,0.0
0.73108,1.0
0.345135,0.0
0.73446,1.0
0.356807,0.0
0.61907,1.0
0.582232,1.0
0.579816,1.0
0.730908,1.0
0.734307,1.0
0.731612,1.0
0.351691,1.0
0.581315,0.0
0.581274,0.0
0.351942,1.0
0.351216,1.0
0.734156,1.0
0.360731,0.0
0.620693,0.0
0.663133,1.0
0.597645,1.0
0.626486,1.0
0.599101,1.0
0.594971,1.0
0.661605,1.0
0.655202,0.0
0.596538,1.0
0.665719,0.0
0.657435,1.0
0.616675,1.0
0.604125,0.0
0.578287,1.0
0.635867,0.0
0.660372,1.0
0.615712,1.0
0.625531,1.0
0.597673,0.0
0.663389,0.0
0.661491,1.0
0.66018,1.0
0.599315,0.0
0.661879,1.0
0.661237,1.0
0.663095,0.0
0.599941,1.0
0.599637,1.0
0.615286,1.0
0.597042,1.0
0.607639,1.0
0.66387,0.0
0.609203,1.0
0.604043,1.0
0.619716,0.0
0.658491,1.0
0.612928,0.0
0.597383,1.0
0.611827,1.0
0.664787,1.0
0.595031,1.0
0.659282,0.0
0.596608,0.0
0.597797,1.0
0.664608,0.0
0.595158,1.0
0.597181,1.0
0.599566,1.0
0.657887,0.0
0.615212,0.0
0.595275,1.0
0.665226,0.0
0.596068,0.0
0.661319,0.0
0.5995,1.0
0.61843,1.0
0.608224,1.0
0.597462,1.0
0.661627,1.0
0.665939,1.0
0.59809,1.0
0.596504,0.0
0.602162,1.0
0.615431,1.0
0.665425,1.0
0.598471,0.0
0.580983,1.0
0.665625,1.0
0.661975,0.0
0.627013,1.0
0.600837,1.0
0.661348,1.0
0.666687,1.0
0.660614,1.0
0.596779,0.0
0.6037,1.0
0.62653,1.0
0.596913,1.0
0.658477,1.0
0.614241,1.0
0.588466,1.0
0.615948,0.0
0.593676,1.0
0.597493,0.0
0.663128,1.0
0.597438,1.0
0.659368,1.0
0.612281,1.0
0.605061,0.0
0.607124,0.0
0.596388,0.0
0.598214,1.0
0.600622,1.0
0.665915,1.0
0.623907,1.0
0.623566,1.0
0.666299,1.0
0.6631,1.0
0.596871,1.0
0.659284,1.0
0.596212,0.0
0.690169,1.0
0.610754,1.0
0.619384,1.0
0.613931,1.0
0.619664,0.0
0.688814,1.0
0.659522,0.0
0.610815,1.0
0.661012,0.0
0.686765,0.0
0.608884,0.0
0.577604,0.0
0.582741,1.0
0.642571,0.0
0.688441,0.0
0.613135,0.0
0.619412,0.0
0.590834,0.0
0.666808,0.0
0.689115,0.0
0.688203,1.0
0.591536,1.0
0.678659,1.0
0.688871,1.0
0.666952,0.0
0.613497,0.0
0.613815,1.0
0.607652,1.0
0.601531,1.0
0.602737,0.0
0.660017,0.0
0.634099,0.0
0.600266,0.0
0.595105,1.0
0.686755,1.0
0.583906,1.0
0.611908,0.0
0.604681,1.0
0.682294,1.0
0.609315,1.0
0.664316,0.0
0.590455,0.0
0.610794,1.0
0.660711,1.0
0.620975,0.0
0.611182,1.0
0.612439,1.0
0.666175,0.0
0.58573,0.0
0.608745,0.0
0.661015,0.0
0.590241,1.0
0.666638,0.0
0.614128,1.0
0.615692,1.0
0.603902,0.0
0.611143,1.0
0.688751,1.0
0.682575,1.0
0.612612,1.0
0.590585,0.0
0.614919,1.0
0.607147,1.0
0.68202,1.0
0.591038,0.0
0.584107,1.0
0.682404,1.0
0.666938,0.0
0.62001,1.0
0.613595,0.0
0.688892,1.0
0.683433,1.0
0.688215,1.0
0.590382,1.0
0.59964,1.0
0.619383,1.0
0.611612,1.0
0.68711,1.0
0.606821,1.0
0.592401,1.0
0.592179,1.0
0.618572,1.0
0.59091,0.0
0.690112,0.0
0.611187,1.0
0.687469,1.0
0.627825,1.0
0.578185,0.0
0.580511,0.0
0.589669,0.0
0.611543,0.0
0.615394,1.0
0.683741,0.0
0.617492,1.0
0.617297,1.0
0.683754,0.0
0.680604,1.0
0.611766,1.0
0.687469,1.0
0.578337,0.0
0.346126,0.0
0.735895,1.0
0.577402,0.0
0.736859,0.0
0.741243,0.0
0.34081,0.0
0.374162,0.0
0.736441,1.0
0.354669,0.0
0.35523,0.0
0.579571,1.0
0.581829,1.0
0.581308,1.0
0.432621,0.0
0.354308,0.0
0.57695,0.0
0.576885,0.0
0.745018,0.0
0.358392,0.0
0.355641,0.0
0.339121,0.0
0.736647,1.0
0.335738,0.0
0.340551,0.0
0.357767,0.0
0.742235,1.0
0.73677,1.0
0.580119,1.0
0.577124,0.0
0.579905,1.0
0.352617,0.0
0.680817,0.0
0.580106,1.0
0.578551,0.0
0.338997,0.0
0.581628,1.0
0.74418,0.0
0.580219,0.0
0.342206,1.0
0.736011,1.0
0.362236,0.0
0.744336,1.0
0.736001,1.0
0.337678,0.0
0.740648,1.0
0.736209,0.0
0.735895,1.0
0.351444,0.0
0.58126,1.0
0.743486,1.0
0.353662,0.0
0.737798,1.0
0.355756,1.0
0.7365,0.0
0.577594,0.0
0.579928,1.0
0.736792,1.0
0.343471,0.0
0.340343,0.0
0.737629,1.0
0.744028,1.0
0.734739,1.0
0.580062,0.0
0.340205,0.0
0.744545,1.0
0.581213,0.0
0.341406,1.0
0.355698,1.0
0.577469,0.0
0.741642,0.0
0.340677,0.0
0.342392,0.0
0.339475,0.0
0.737531,0.0
0.580531,1.0
0.577396,0.0
0.738031,1.0
0.337221,0.0
0.58014,1.0
0.581108,0.0
0.578565,0.0
0.736113,1.0
0.745015,1.0
0.359224,1.0
0.736647,1.0
0.338002,0.0
0.664744,0.0
0.581784,1.0
0.581642,1.0
0.742066,1.0
0.743262,1.0
0.735822,0.0
0.360186,0.0
0.577372,0.0
0.57737,0.0
0.357828,1.0
0.337433,0.0
0.737015,1.0
0.347173,0.0
0.599399,0.0
0.660809,1.0
0.593447,1.0
0.622878,1.0
0.591886,0.0
0.594113,1.0
0.660215,0.0
0.658353,1.0
0.593279,1.0
0.661076,0.0
0.661513,0.0
0.596747,1.0
0.584426,0.0
0.603889,1.0
0.648118,0.0
0.662261,0.0
0.605672,0.0
0.60866,0.0
0.591458,0.0
0.661801,0.0
0.662307,0.0
0.659617,1.0
0.592806,0.0
0.656357,1.0
0.660147,1.0
0.661833,1.0
0.597598,1.0
0.595859,1.0
0.611146,1.0
0.615476,0.0
0.594609,1.0
0.659536,0.0
0.607889,0.0
0.593805,0.0
0.614481,0.0
0.658764,1.0
0.602353,1.0
0.592248,1.0
0.621989,1.0
0.662206,0.0
0.592124,1.0
0.660756,1.0
0.593998,0.0
0.593484,1.0
0.656862,0.0
0.597955,0.0
0.589771,1.0
0.594829,1.0
0.659814,0.0
0.586852,0.0
0.594344,0.0
0.660693,0.0
0.591479,0.0
0.664045,0.0
0.592206,1.0
0.622182,1.0
0.595532,0.0
0.593691,1.0
0.660395,1.0
0.659664,0.0
0.594796,1.0
0.593896,0.0
0.596717,1.0
0.62272,1.0
0.659303,0.0
0.5955,1.0
0.616066,1.0
0.662269,1.0
0.664267,0.0
0.623338,1.0
0.593272,0.0
0.66017,1.0
0.66033,1.0
0.659738,1.0
0.587443,1.0
0.608652,1.0
0.622859,1.0
0.593966,1.0
0.658701,1.0
0.61081,1.0
0.620738,1.0
0.613345,0.0
0.595892,1.0
0.595129,1.0
0.664675,1.0
0.593729,1.0
0.659115,1.0
0.607197,1.0
0.584541,0.0
0.585681,0.0
0.594116,0.0
0.596087,1.0
0.592533,1.0
0.661438,0.0
0.621958,1.0
0.621881,1.0
0.664995,0.0
0.657873,1.0
0.594045,1.0
0.659733,0.0
0.574352,0.0
0.336744,0.0
0.735265,0.0
0.574317,0.0
0.741967,0.0
0.734675,0.0
0.34754,1.0
0.346471,1.0
0.736208,1.0
0.348193,0.0
0.349751,1.0
0.585237,1.0
0.585923,1.0
0.584464,1.0
0.388866,0.0
0.349851,0.0
0.574078,0.0
0.57411,0.0
0.742889,0.0
0.352208,0.0
0.351155,1.0
0.330029,0.0
0.742952,1.0
0.326702,0.0
0.331319,0.0
0.336979,0.0
0.737533,1.0
0.737343,1.0
0.58384,1.0
0.573797,0.0
0.58542,0.0
0.34644,1.0
0.67105,0.0
0.585109,1.0
0.574173,0.0
0.32958,0.0
0.584633,1.0
0.736013,1.0
0.575021,0.0
0.353654,1.0
0.735082,0.0
0.338228,0.0
0.744687,1.0
0.735472,1.0
0.344676,0.0
0.743271,0.0
0.731827,1.0
0.73594,1.0
0.345968,1.0
0.585718,0.0
0.744824,1.0
0.34738,0.0
0.74413,0.0
0.355027,1.0
0.733917,0.0
0.574374,1.0
0.584956,0.0
0.736591,1.0
0.333587,0.0
0.346979,1.0
0.738285,1.0
0.744478,1.0
0.735682,1.0
0.574997,1.0
0.346989,0.0
0.738972,1.0
0.575166,1.0
0.337513,1.0
0.355162,0.0
0.574351,0.0
0.740854,0.0
0.331436,0.0
0.332577,1.0
0.330334,0.0
0.731648,0.0
0.584071,1.0
0.574314,0.0
0.738478,1.0
0.328394,0.0
0.583868,1.0
0.575318,0.0
0.574174,0.0
0.737083,0.0
0.738904,1.0
0.347751,1.0
0.736383,1.0
0.329023,0.0
0.643821,1.0
0.585913,1.0
0.585819,1.0
0.744103,1.0
0.738293,1.0
0.733941,0.0
0.354779,0.0
0.574281,0.0
0.574279,0.0
0.358596,0.0
0.328162,1.0
0.737302,1.0
0.350841,0.0
0.388307,0.0
0.708047,1.0
0.581737,1.0
0.368279,0.0
0.623401,1.0
0.627133,1.0
0.707642,1.0
0.742952,0.0
0.598625,0.0
0.699894,1.0
0.714893,1.0
0.385803,0.0
0.402777,0.0
0.382991,1.0
0.738702,0.0
0.713499,0.0
0.388437,0.0
0.387395,0.0
0.611221,1.0
0.731039,1.0
0.733962,0.0
0.673886,1.0
0.616737,0.0
0.651851,0.0
0.680705,1.0
0.708678,0.0
0.643593,0.0
0.629224,0.0
0.382656,0.0
0.386594,0.0
0.369519,0.0
0.689376,1.0
0.677261,0.0
0.402568,0.0
0.384599,0.0
0.668068,1.0
0.383278,1.0
0.623514,1.0
0.365665,0.0
0.720017,0.0
0.572529,1.0
0.704626,0.0
0.622134,0.0
0.597586,0.0
0.671168,1.0
0.702591,0.0
0.580236,1.0
0.609511,1.0
0.690344,1.0
0.386412,0.0
0.62513,1.0
0.692852,0.0
0.595257,0.0
0.731583,0.0
0.594102,1.0
0.384287,0.0
0.385675,1.0
0.604445,1.0
0.688467,1.0
0.701611,1.0
0.63238,1.0
0.616525,1.0
0.628904,1.0
0.381628,1.0
0.688731,1.0
0.642451,0.0
0.382195,0.0
0.700351,0.0
0.723048,1.0
0.36802,0.0
0.624001,0.0
0.681159,0.0
0.694955,1.0
0.675389,1.0
0.565363,1.0
0.382902,0.0
0.368294,1.0
0.62535,1.0
0.665255,0.0
0.382737,0.0
0.36452,0.0
0.384959,0.0
0.61023,1.0
0.631341,1.0
0.758412,1.0
0.602566,0.0
0.669024,0.0
0.620888,1.0
0.402825,0.0
0.402666,0.0
0.64847,0.0
0.636781,0.0
0.617389,1.0
0.746227,0.0
0.368691,0.0
0.368721,0.0
0.7494,1.0
0.667817,1.0
0.610997,1.0
0.711279,1.0
0.336685,1.0
0.835724,1.0
0.83487,1.0
0.329175,0.0
0.788907,0.0
0.784116,1.0
0.832791,1.0
0.791369,1.0
0.809124,0.0
0.842867,1.0
0.82537,1.0
0.334222,1.0
0.339969,1.0
0.411041,0.0
0.794693,1.0
0.823368,1.0
0.337236,0.0
0.336777,0.0
0.803862,1.0
0.811503,0.0
0.800071,1.0
0.869291,1.0
0.783371,1.0
0.884628,1.0
0.862702,1.0
0.829395,1.0
0.753201,0.0
0.771751,0.0
0.333618,0.0
0.336841,0.0
0.325469,1.0
0.851381,1.0
0.762444,0.0
0.340779,1.0
0.335482,1.0
0.874776,1.0
0.411104,0.0
0.788382,1.0
0.327449,1.0
0.814072,1.0
0.847738,1.0
0.83324,0.0
0.781025,1.0
0.806843,0.0
0.871011,1.0
0.693402,0.0
0.837003,1.0
0.801361,1.0
0.850529,1.0
0.331469,1.0
0.786602,1.0
0.844091,1.0
0.813754,1.0
0.802227,1.0
0.823552,1.0
0.337787,0.0
0.411456,0.0
0.809774,1.0
0.854938,1.0
0.83897,1.0
0.778445,1.0
0.79775,1.0
0.775477,0.0
0.413709,0.0
0.853689,1.0
0.758411,1.0
0.336053,1.0
0.835255,0.0
0.819199,1.0
0.329035,0.0
0.774549,0.0
0.856601,1.0
0.846757,0.0
0.867846,1.0
0.85195,1.0
0.333567,1.0
0.405897,0.0
0.787772,1.0
0.872015,0.0
0.333639,0.0
0.326662,0.0
0.335633,0.0
0.805015,1.0
0.781631,1.0
0.781294,1.0
0.803382,1.0
0.868393,0.0
0.815782,1.0
0.340008,1.0
0.340027,0.0
0.747326,1.0
0.76379,1.0
0.791352,0.0
0.790394,1.0
0.329387,0.0
0.329402,0.0
0.792475,1.0
0.873646,1.0
0.805145,1.0
0.831213,1.0
0.358575,0.0
0.703711,1.0
0.582581,1.0
0.288985,0.0
0.615286,0.0
0.623445,1.0
0.709542,1.0
0.739541,0.0
0.592477,1.0
0.697607,1.0
0.716665,1.0
0.352457,0.0
0.352473,0.0
0.360496,0.0
0.731561,0.0
0.706565,0.0
0.290441,0.0
0.290331,0.0
0.609687,1.0
0.722412,0.0
0.731753,0.0
0.673295,1.0
0.615976,0.0
0.652602,0.0
0.679149,1.0
0.700743,1.0
0.634375,0.0
0.620376,0.0
0.285542,0.0
0.29062,0.0
0.351962,0.0
0.692164,1.0
0.658046,0.0
0.353451,0.0
0.358396,0.0
0.6684,1.0
0.360459,0.0
0.624734,1.0
0.355329,0.0
0.718137,1.0
0.574649,1.0
0.693197,0.0
0.620666,0.0
0.591797,0.0
0.672218,1.0
0.68668,1.0
0.584659,1.0
0.611821,0.0
0.693094,1.0
0.353233,1.0
0.627721,1.0
0.687879,0.0
0.591748,1.0
0.729614,0.0
0.592957,1.0
0.288778,0.0
0.365273,0.0
0.606721,1.0
0.685975,0.0
0.703716,1.0
0.633555,1.0
0.619199,0.0
0.625116,0.0
0.364233,0.0
0.687505,1.0
0.63914,0.0
0.355802,0.0
0.693966,0.0
0.719588,1.0
0.288931,1.0
0.612274,0.0
0.676428,1.0
0.692175,1.0
0.674575,1.0
0.568994,0.0
0.352757,0.0
0.364947,0.0
0.626485,1.0
0.660116,1.0
0.285536,0.0
0.287764,0.0
0.290005,0.0
0.607666,0.0
0.632292,1.0
0.759591,1.0
0.60113,1.0
0.663113,0.0
0.622207,1.0
0.352498,0.0
0.284652,0.0
0.647405,1.0
0.633704,0.0
0.609099,0.0
0.737721,0.0
0.289062,0.0
0.289067,0.0
0.745298,1.0
0.671453,1.0
0.612554,1.0
0.708159,1.0
0.607282,0.0
0.518276,1.0
0.568908,1.0
0.620315,1.0
0.58851,1.0
0.582976,1.0
0.520567,1.0
0.535589,1.0
0.574315,0.0
0.515862,0.0
0.523189,1.0
0.608635,1.0
0.608926,1.0
0.611798,0.0
0.532932,1.0
0.524318,1.0
0.620437,1.0
0.620435,1.0
0.57773,1.0
0.532631,0.0
0.533232,1.0
0.505607,0.0
0.584595,1.0
0.501435,0.0
0.508174,0.0
0.516615,0.0
0.593228,1.0
0.589802,1.0
0.621332,1.0
0.620386,0.0
0.608058,0.0
0.513773,0.0
0.580873,1.0
0.608784,0.0
0.607263,0.0
0.503403,0.0
0.61181,1.0
0.582105,0.0
0.607482,1.0
0.523349,0.0
0.565189,1.0
0.521452,0.0
0.586055,1.0
0.580239,1.0
0.505169,1.0
0.600177,0.0
0.569446,0.0
0.584692,0.0
0.514108,0.0
0.593257,1.0
0.582611,0.0
0.517041,0.0
0.570313,0.0
0.532533,1.0
0.573319,1.0
0.620945,0.0
0.610636,0.0
0.576791,1.0
0.516723,1.0
0.518337,0.0
0.584756,1.0
0.58619,1.0
0.591096,0.0
0.611175,0.0
0.511809,0.0
0.590764,1.0
0.608064,0.0
0.521931,1.0
0.524316,0.0
0.607649,1.0
0.587431,1.0
0.506459,0.0
0.516263,0.0
0.50618,1.0
0.568566,1.0
0.608544,1.0
0.61036,1.0
0.582301,1.0
0.501649,1.0
0.621334,1.0
0.620418,0.0
0.62044,0.0
0.58373,0.0
0.584247,1.0
0.537584,0.0
0.574778,1.0
0.508858,0.0
0.566633,1.0
0.608923,1.0
0.621817,1.0
0.58619,0.0
0.589541,1.0
0.587013,1.0
0.535143,1.0
0.620311,1.0
0.620311,1.0
0.533109,0.0
0.504889,1.0
0.579012,0.0
0.519856,1.0
0.635902,0.0
0.68539,1.0
0.611199,1.0
0.664107,1.0
0.615442,0.0
0.61697,1.0
0.6863,1.0
0.686945,1.0
0.615278,1.0
0.685576,1.0
0.687211,1.0
0.63911,1.0
0.639936,0.0
0.648925,0.0
0.685135,0.0
0.682716,1.0
0.664507,1.0
0.664493,0.0
0.614382,1.0
0.68816,0.0
0.686286,1.0
0.681067,1.0
0.612244,1.0
0.673036,1.0
0.68226,1.0
0.685856,1.0
0.617239,1.0
0.616118,1.0
0.666017,1.0
0.664413,1.0
0.637438,1.0
0.684647,1.0
0.629622,0.0
0.639343,0.0
0.63583,1.0
0.679972,1.0
0.649113,1.0
0.616993,1.0
0.636537,1.0
0.688467,1.0
0.610072,1.0
0.683453,1.0
0.61301,0.0
0.611681,1.0
0.679515,1.0
0.624543,1.0
0.612866,1.0
0.613824,1.0
0.684827,1.0
0.594144,1.0
0.616906,1.0
0.680639,0.0
0.612372,0.0
0.685988,1.0
0.613636,1.0
0.665452,0.0
0.646451,0.0
0.614183,1.0
0.679384,1.0
0.68665,1.0
0.616936,1.0
0.613241,1.0
0.61719,1.0
0.647664,1.0
0.683813,1.0
0.614778,1.0
0.637565,1.0
0.682477,1.0
0.688911,0.0
0.630815,1.0
0.614754,1.0
0.681368,1.0
0.686601,1.0
0.68006,1.0
0.605411,1.0
0.638886,1.0
0.645845,1.0
0.615917,1.0
0.678569,1.0
0.666022,1.0
0.66425,1.0
0.664486,0.0
0.613899,1.0
0.616648,1.0
0.692661,1.0
0.613624,1.0
0.677563,1.0
0.62485,1.0
0.639931,0.0
0.667091,0.0
0.617193,0.0
0.614421,1.0
0.614705,1.0
0.686965,1.0
0.664105,1.0
0.664105,1.0
0.691693,0.0
0.679393,1.0
0.616499,0.0
0.685948,1.0
0.578301,0.0
0.333336,0.0
0.731519,0.0
0.57906,0.0
0.741615,1.0
0.73476,1.0
0.334389,0.0
0.338836,0.0
0.733311,1.0
0.33194,0.0
0.335904,0.0
0.579352,1.0
0.578545,1.0
0.578785,1.0
0.35483,0.0
0.332517,0.0
0.579128,0.0
0.577931,0.0
0.734976,1.0
0.351791,0.0
0.336861,0.0
0.32826,0.0
0.733803,1.0
0.324993,0.0
0.329036,0.0
0.331962,0.0
0.734942,1.0
0.734234,1.0
0.579167,1.0
0.579122,1.0
0.579134,0.0
0.331393,0.0
0.702325,0.0
0.578453,1.0
0.579197,0.0
0.327824,0.0
0.579888,1.0
0.735964,0.0
0.579146,0.0
0.335293,0.0
0.731188,1.0
0.331547,0.0
0.742334,1.0
0.731737,0.0
0.32878,1.0
0.736584,0.0
0.731962,1.0
0.733192,1.0
0.331311,0.0
0.579134,1.0
0.736613,1.0
0.346577,0.0
0.740872,1.0
0.336752,0.0
0.73253,0.0
0.577907,0.0
0.578703,1.0
0.734767,1.0
0.329831,1.0
0.332962,1.0
0.736809,1.0
0.735339,1.0
0.734151,1.0
0.579896,1.0
0.330572,0.0
0.736045,1.0
0.579313,0.0
0.332165,0.0
0.35126,1.0
0.578364,0.0
0.732691,0.0
0.328328,0.0
0.332502,0.0
0.328916,0.0
0.728414,0.0
0.57934,1.0
0.579677,0.0
0.736707,0.0
0.32771,0.0
0.579167,1.0
0.579042,0.0
0.577847,0.0
0.732663,0.0
0.73703,0.0
0.343083,1.0
0.733596,1.0
0.32675,0.0
0.695601,1.0
0.578546,1.0
0.577999,1.0
0.74408,1.0
0.735346,1.0
0.732645,1.0
0.338021,1.0
0.579062,0.0
0.579062,0.0
0.354613,0.0
0.328807,1.0
0.742825,1.0
0.334305,0.0
0.534635,1.0
0.533892,0.0
0.538841,0.0
0.532028,0.0
0.528463,0.0
0.530318,0.0
0.533327,0.0
0.530903,1.0
0.533095,1.0
0.534502,0.0
0.532596,1.0
0.532013,0.0
0.53336,0.0
0.532429,0.0
0.529387,1.0
0.534283,0.0
0.53198,1.0
0.533492,0.0
0.531884,1.0
0.529514,1.0
0.531843,0.0
0.536556,0.0
0.531113,0.0
0.538498,1.0
0.536085,0.0
0.534356,0.0
0.528014,1.0
0.530171,0.0
0.530903,0.0
0.530773,0.0
0.532978,0.0
0.534955,0.0
0.529442,0.0
0.533085,0.0
0.533017,0.0
0.536912,1.0
0.531331,0.0
0.534519,0.0
0.533363,0.0
0.53265,0.0
0.535999,1.0
0.534597,0.0
0.52884,0.0
0.537221,0.0
0.532196,1.0
0.526049,1.0
0.535132,0.0
0.532167,1.0
0.534903,1.0
0.535499,0.0
0.52952,0.0
0.53414,0.0
0.531704,1.0
0.53202,1.0
0.538701,0.0
0.533175,0.0
0.532557,0.0
0.532226,0.0
0.531304,1.0
0.528882,0.0
0.528752,1.0
0.531581,0.0
0.528928,0.0
0.531137,0.0
0.535363,1.0
0.52849,0.0
0.532909,0.0
0.534513,0.0
0.524555,0.0
0.534671,0.0
0.534762,1.0
0.536428,1.0
0.534104,0.0
0.536434,1.0
0.539334,0.0
0.532025,1.0
0.532582,0.0
0.534306,0.0
0.537046,1.0
0.530903,0.0
0.531792,0.0
0.533243,1.0
0.537409,0.0
0.533846,1.0
0.521815,1.0
0.533052,1.0
0.537211,0.0
0.533117,1.0
0.53336,1.0
0.532134,0.0
0.523551,0.0
0.529194,0.0
0.530967,0.0
0.525593,1.0
0.532027,0.0
0.532027,1.0
0.527454,0.0
0.53224,1.0
0.529911,0.0
0.533409,0.0
0.576889,1.0
0.332665,0.0
0.723541,0.0
0.574444,0.0
0.734106,0.0
0.732631,0.0
0.333334,1.0
0.327919,1.0
0.724256,0.0
0.332106,0.0
0.325823,0.0
0.581883,1.0
0.583115,1.0
0.582461,1.0
0.330757,0.0
0.332114,1.0
0.57678,0.0
0.574442,0.0
0.725929,0.0
0.329872,0.0
0.334988,1.0
0.330206,0.0
0.731179,0.0
0.320241,0.0
0.330546,1.0
0.332081,1.0
0.727611,1.0
0.732119,1.0
0.581143,1.0
0.581049,0.0
0.574574,1.0
0.331863,1.0
0.689406,0.0
0.582892,1.0
0.574597,0.0
0.321317,0.0
0.581467,1.0
0.729737,1.0
0.574448,0.0
0.334282,1.0
0.720915,1.0
0.331811,1.0
0.734495,1.0
0.724309,1.0
0.325873,0.0
0.728302,0.0
0.72903,0.0
0.724469,0.0
0.323064,0.0
0.584704,1.0
0.734515,1.0
0.332546,0.0
0.726454,0.0
0.326416,0.0
0.725012,1.0
0.57452,0.0
0.58254,0.0
0.732018,1.0
0.326518,1.0
0.337713,0.0
0.728805,1.0
0.732765,0.0
0.732299,0.0
0.581337,0.0
0.322695,0.0
0.733995,1.0
0.574627,0.0
0.331942,1.0
0.343095,0.0
0.573733,0.0
0.719995,0.0
0.321434,0.0
0.332426,0.0
0.321543,0.0
0.720105,0.0
0.584407,1.0
0.574662,0.0
0.73042,1.0
0.320974,0.0
0.581142,1.0
0.574513,0.0
0.576813,0.0
0.725641,0.0
0.724587,1.0
0.338287,0.0
0.724293,1.0
0.329461,0.0
0.707766,1.0
0.585649,1.0
0.582268,0.0
0.73716,1.0
0.733179,1.0
0.730336,0.0
0.332977,1.0
0.574444,0.0
0.57676,0.0
0.341427,0.0
0.325915,1.0
0.734896,1.0
0.333283,0.0
0.594134,1.0
0.353934,0.0
0.725831,1.0
0.558019,1.0
0.727695,0.0
0.727418,1.0
0.379028,1.0
0.376075,1.0
0.726364,1.0
0.355073,0.0
0.351256,1.0
0.595874,1.0
0.59679,1.0
0.596192,1.0
0.346355,0.0
0.380087,0.0
0.557549,0.0
0.557564,0.0
0.726942,1.0
0.345385,0.0
0.377356,0.0
0.358917,0.0
0.727799,1.0
0.362363,1.0
0.382085,0.0
0.380148,0.0
0.747015,1.0
0.746395,1.0
0.595292,1.0
0.560136,0.0
0.592812,1.0
0.380939,1.0
0.67481,0.0
0.596575,1.0
0.558006,1.0
0.359363,0.0
0.595429,1.0
0.745343,1.0
0.557768,1.0
0.378404,1.0
0.742517,1.0
0.380555,1.0
0.747857,1.0
0.742942,1.0
0.356878,1.0
0.726671,0.0
0.726333,1.0
0.726666,1.0
0.355457,1.0
0.598572,1.0
0.747541,1.0
0.354491,0.0
0.72729,0.0
0.350181,1.0
0.7423,1.0
0.557716,1.0
0.560275,1.0
0.745666,1.0
0.380449,1.0
0.351715,1.0
0.747323,1.0
0.727453,1.0
0.727708,1.0
0.560339,1.0
0.356456,1.0
0.747772,1.0
0.558054,0.0
0.380407,1.0
0.344737,1.0
0.556784,0.0
0.726221,1.0
0.358353,0.0
0.354318,0.0
0.358375,0.0
0.725988,1.0
0.596699,1.0
0.55813,0.0
0.745591,1.0
0.359531,0.0
0.595292,1.0
0.558156,1.0
0.557167,0.0
0.725941,1.0
0.745384,1.0
0.339765,0.0
0.744435,1.0
0.360153,0.0
0.734715,1.0
0.597663,1.0
0.56002,0.0
0.750851,1.0
0.747268,1.0
0.727188,1.0
0.374824,0.0
0.558019,0.0
0.557519,1.0
0.342224,0.0
0.381375,1.0
0.74745,1.0
0.3532,0.0
0.603239,1.0
0.318123,0.0
0.742355,0.0
0.589082,0.0
0.720408,0.0
0.747853,0.0
0.364802,0.0
0.366005,1.0
0.746561,1.0
0.31757,0.0
0.360766,0.0
0.602789,0.0
0.603392,0.0
0.602921,1.0
0.323437,0.0
0.322523,0.0
0.550959,0.0
0.551407,0.0
0.747629,0.0
0.323181,0.0
0.325835,1.0
0.315752,0.0
0.746788,1.0
0.360176,0.0
0.320611,1.0
0.322482,0.0
0.750914,1.0
0.750657,1.0
0.602407,1.0
0.553091,0.0
0.601568,1.0
0.364356,1.0
0.650257,0.0
0.603205,0.0
0.589188,0.0
0.315413,0.0
0.602408,1.0
0.750509,1.0
0.589207,0.0
0.365278,1.0
0.748421,0.0
0.364154,0.0
0.752443,1.0
0.746819,1.0
0.360105,0.0
0.72271,0.0
0.745428,0.0
0.746328,1.0
0.360088,1.0
0.605175,1.0
0.752614,0.0
0.317849,0.0
0.717826,1.0
0.360874,0.0
0.747475,1.0
0.589223,0.0
0.590462,0.0
0.751053,1.0
0.364157,0.0
0.360904,0.0
0.752557,1.0
0.748203,0.0
0.74739,1.0
0.59016,1.0
0.360111,0.0
0.75209,1.0
0.551918,0.0
0.364213,1.0
0.363335,1.0
0.550641,0.0
0.743584,0.0
0.31557,0.0
0.317898,0.0
0.315647,1.0
0.740053,0.0
0.603807,1.0
0.551991,0.0
0.751025,1.0
0.315151,0.0
0.602407,0.0
0.589063,0.0
0.550477,0.0
0.743824,0.0
0.751269,0.0
0.328603,0.0
0.750152,1.0
0.315082,0.0
0.745018,1.0
0.604476,1.0
0.552759,0.0
0.753745,1.0
0.751547,1.0
0.745925,1.0
0.32898,0.0
0.551906,0.0
0.589148,1.0
0.326969,0.0
0.364095,1.0
0.75279,1.0
0.318679,0.0
0.558523,1.0
0.660342,1.0
0.581618,1.0
0.583259,1.0
0.595109,1.0
0.586435,1.0
0.654839,1.0
0.659402,0.0
0.588737,1.0
0.659704,0.0
0.653402,0.0
0.575886,1.0
0.574766,1.0
0.563472,1.0
0.663542,0.0
0.661663,1.0
0.594111,0.0
0.595073,1.0
0.584766,0.0
0.663746,1.0
0.666422,1.0
0.657416,1.0
0.588591,1.0
0.645968,1.0
0.662299,1.0
0.661607,0.0
0.593407,0.0
0.592717,1.0
0.564189,1.0
0.597461,1.0
0.563541,1.0
0.655266,0.0
0.610297,0.0
0.575239,1.0
0.582894,0.0
0.656687,1.0
0.564429,0.0
0.59011,1.0
0.582199,0.0
0.657972,1.0
0.584482,1.0
0.653222,0.0
0.591924,1.0
0.58873,1.0
0.649982,1.0
0.596815,1.0
0.583529,1.0
0.589022,1.0
0.653091,0.0
0.557294,1.0
0.58727,0.0
0.660045,0.0
0.59613,1.0
0.654047,0.0
0.58933,1.0
0.581979,1.0
0.582818,0.0
0.590547,1.0
0.652916,1.0
0.65382,1.0
0.591949,1.0
0.585255,0.0
0.591198,1.0
0.572347,1.0
0.650068,1.0
0.591625,0.0
0.596532,1.0
0.655799,1.0
0.659981,0.0
0.593084,1.0
0.583711,0.0
0.6573,1.0
0.660128,1.0
0.659773,1.0
0.579072,0.0
0.560452,1.0
0.596776,1.0
0.590143,1.0
0.656564,1.0
0.576567,1.0
0.583676,1.0
0.592512,1.0
0.583404,0.0
0.586577,0.0
0.665095,1.0
0.590242,1.0
0.656621,1.0
0.592824,1.0
0.559117,0.0
0.595916,0.0
0.591871,0.0
0.591468,1.0
0.590263,1.0
0.664907,1.0
0.596737,1.0
0.568761,1.0
0.664856,0.0
0.654298,1.0
0.5924,1.0
0.660744,1.0
0.594272,0.0
0.324333,0.0
0.72088,1.0
0.57229,1.0
0.730895,0.0
0.727636,0.0
0.324841,1.0
0.349723,1.0
0.7305,1.0
0.342528,0.0
0.343063,0.0
0.575119,1.0
0.575231,1.0
0.592838,1.0
0.345533,0.0
0.325372,1.0
0.56733,0.0
0.566657,0.0
0.735493,1.0
0.328596,0.0
0.334002,0.0
0.322396,0.0
0.731262,1.0
0.321279,1.0
0.328876,0.0
0.343333,0.0
0.743046,1.0
0.734638,1.0
0.5928,0.0
0.567606,0.0
0.593108,0.0
0.347364,1.0
0.634578,1.0
0.575208,1.0
0.573093,1.0
0.322149,0.0
0.592186,1.0
0.733672,0.0
0.573066,0.0
0.330878,1.0
0.725965,1.0
0.342856,0.0
0.736553,1.0
0.72983,0.0
0.322324,1.0
0.732608,1.0
0.724018,1.0
0.730551,1.0
0.346601,0.0
0.593809,1.0
0.740409,1.0
0.342633,0.0
0.733745,1.0
0.343179,1.0
0.729979,1.0
0.572242,1.0
0.573499,1.0
0.734216,1.0
0.323607,0.0
0.324195,1.0
0.736572,1.0
0.736215,1.0
0.732464,1.0
0.590851,0.0
0.322402,0.0
0.744053,1.0
0.566958,0.0
0.328736,1.0
0.350588,0.0
0.566177,0.0
0.73148,0.0
0.322308,0.0
0.32415,1.0
0.327085,1.0
0.727768,1.0
0.593599,1.0
0.566998,0.0
0.734168,1.0
0.321956,0.0
0.575048,1.0
0.572316,1.0
0.565927,0.0
0.731362,1.0
0.738433,1.0
0.333257,1.0
0.733171,1.0
0.321859,0.0
0.731387,1.0
0.593154,1.0
0.568336,0.0
0.746462,1.0
0.735643,1.0
0.73062,1.0
0.330937,1.0
0.566947,0.0
0.591721,0.0
0.347667,1.0
0.327886,0.0
0.736475,1.0
0.324773,1.0
0.562573,0.0
0.359871,0.0
0.738477,1.0
0.593734,1.0
0.726276,1.0
0.725821,0.0
0.382985,1.0
0.379755,1.0
0.741325,1.0
0.358967,1.0
0.36032,1.0
0.594306,0.0
0.594342,1.0
0.599099,1.0
0.352679,0.0
0.381748,0.0
0.551096,1.0
0.552128,1.0
0.742277,1.0
0.354256,0.0
0.35226,0.0
0.362937,0.0
0.742717,1.0
0.387394,0.0
0.358698,0.0
0.356696,0.0
0.74764,1.0
0.744506,1.0
0.562569,1.0
0.553004,0.0
0.562422,1.0
0.383126,1.0
0.66315,0.0
0.594324,1.0
0.596202,1.0
0.363582,0.0
0.602231,1.0
0.727088,1.0
0.554427,1.0
0.381374,1.0
0.739711,1.0
0.360721,0.0
0.745637,1.0
0.726441,1.0
0.385686,0.0
0.745462,1.0
0.738964,1.0
0.741892,1.0
0.361224,0.0
0.599428,0.0
0.745255,1.0
0.35855,0.0
0.743825,1.0
0.383251,1.0
0.740915,0.0
0.593788,1.0
0.596239,0.0
0.7435,1.0
0.362557,1.0
0.383555,0.0
0.745461,1.0
0.742416,1.0
0.743722,1.0
0.561241,1.0
0.364971,1.0
0.747751,1.0
0.552412,0.0
0.38293,0.0
0.351733,0.0
0.551676,0.0
0.726511,1.0
0.363035,0.0
0.382752,0.0
0.383517,0.0
0.740231,1.0
0.599439,1.0
0.55245,0.0
0.743514,1.0
0.363683,0.0
0.594281,1.0
0.593716,1.0
0.551421,0.0
0.740573,1.0
0.743799,1.0
0.376384,1.0
0.742867,1.0
0.363644,0.0
0.741026,1.0
0.602646,1.0
0.552183,1.0
0.751007,1.0
0.745297,1.0
0.74262,1.0
0.377866,0.0
0.552404,0.0
0.561015,1.0
0.376867,0.0
0.361672,1.0
0.744912,1.0
0.382315,0.0
0.391717,0.0
0.88508,1.0
0.883813,1.0
0.432194,0.0
0.845777,1.0
0.856937,1.0
0.889325,1.0
0.84902,1.0
0.862441,1.0
0.883734,0.0
0.88833,1.0
0.407212,1.0
0.423444,0.0
0.415516,0.0
0.84777,0.0
0.871838,0.0
0.440281,0.0
0.430537,1.0
0.8555,1.0
0.863231,0.0
0.853241,1.0
0.895816,1.0
0.854133,1.0
0.90621,0.0
0.879555,1.0
0.865121,1.0
0.794832,0.0
0.829025,1.0
0.405832,0.0
0.411754,1.0
0.4071,0.0
0.874389,1.0
0.811081,0.0
0.42346,1.0
0.440109,1.0
0.897884,1.0
0.424827,1.0
0.861001,1.0
0.430922,0.0
0.875918,1.0
0.875351,1.0
0.880318,0.0
0.824528,1.0
0.871567,1.0
0.896674,1.0
0.797848,0.0
0.879792,1.0
0.857695,1.0
0.881006,1.0
0.397994,1.0
0.831465,1.0
0.872416,1.0
0.837897,1.0
0.877877,1.0
0.846047,1.0
0.432718,1.0
0.421657,1.0
0.845488,1.0
0.90317,0.0
0.883519,1.0
0.826094,1.0
0.854261,1.0
0.837952,0.0
0.411972,0.0
0.910693,1.0
0.805173,1.0
0.414126,1.0
0.877305,1.0
0.841683,1.0
0.417413,0.0
0.867627,1.0
0.896156,1.0
0.878771,1.0
0.881945,1.0
0.874535,1.0
0.416076,1.0
0.413951,1.0
0.846788,1.0
0.8983,0.0
0.424055,0.0
0.431969,1.0
0.418532,0.0
0.865707,1.0
0.843081,1.0
0.840547,1.0
0.850169,1.0
0.898218,1.0
0.847956,0.0
0.424711,0.0
0.435732,0.0
0.768517,1.0
0.828436,1.0
0.848068,1.0
0.842005,1.0
0.414128,0.0
0.415031,0.0
0.818331,1.0
0.899247,1.0
0.829074,1.0
0.875613,0.0
0.602639,0.0
0.567327,1.0
0.624298,1.0
0.599581,1.0
0.622724,1.0
0.624018,1.0
0.566447,0.0
0.558952,1.0
0.623567,1.0
0.568888,0.0
0.566442,1.0
0.584709,1.0
0.600875,1.0
0.602424,0.0
0.563847,1.0
0.568162,1.0
0.596249,1.0
0.581025,1.0
0.622561,1.0
0.566837,1.0
0.561287,1.0
0.569184,0.0
0.620354,1.0
0.573921,1.0
0.566334,0.0
0.563616,1.0
0.618825,1.0
0.619947,0.0
0.602178,0.0
0.581516,1.0
0.602007,1.0
0.563833,0.0
0.590503,1.0
0.584614,1.0
0.582191,0.0
0.569528,0.0
0.585292,1.0
0.622613,1.0
0.598054,1.0
0.56412,1.0
0.624752,1.0
0.56984,0.0
0.618758,1.0
0.622913,0.0
0.56919,1.0
0.620477,0.0
0.625189,0.0
0.622203,0.0
0.566594,0.0
0.587054,1.0
0.619673,1.0
0.565005,0.0
0.620731,0.0
0.564455,1.0
0.623896,1.0
0.583067,1.0
0.582339,1.0
0.621606,1.0
0.571829,1.0
0.566858,1.0
0.619337,1.0
0.622801,1.0
0.622638,1.0
0.601215,1.0
0.569956,0.0
0.615687,1.0
0.580989,1.0
0.565703,1.0
0.55888,0.0
0.597204,0.0
0.622014,0.0
0.569241,0.0
0.565975,0.0
0.56656,1.0
0.621657,1.0
0.586317,1.0
0.581027,1.0
0.621331,1.0
0.572801,0.0
0.600784,1.0
0.583183,0.0
0.596981,1.0
0.623754,1.0
0.621452,1.0
0.557249,0.0
0.622198,1.0
0.569583,0.0
0.627369,1.0
0.601606,1.0
0.59706,1.0
0.608969,1.0
0.618309,1.0
0.620631,1.0
0.558574,1.0
0.59784,1.0
0.600796,1.0
0.553135,0.0
0.568211,1.0
0.621207,0.0
0.568832,0.0
0.332095,1.0
0.879772,1.0
0.877695,1.0
0.339258,0.0
0.850123,1.0
0.850747,1.0
0.888582,1.0
0.854022,0.0
0.861882,1.0
0.881959,0.0
0.889724,1.0
0.434603,1.0
0.335763,0.0
0.32654,1.0
0.842767,0.0
0.862631,1.0
0.352855,0.0
0.455906,1.0
0.856196,1.0
0.857044,1.0
0.852202,0.0
0.887973,1.0
0.855059,1.0
0.892192,1.0
0.874459,1.0
0.862465,1.0
0.798288,0.0
0.832581,1.0
0.331595,1.0
0.454274,0.0
0.335441,0.0
0.875823,1.0
0.806234,0.0
0.433144,1.0
0.436635,0.0
0.889648,1.0
0.425036,0.0
0.862175,1.0
0.346411,0.0
0.878054,1.0
0.871833,1.0
0.871014,0.0
0.830526,0.0
0.868362,1.0
0.887792,1.0
0.799721,1.0
0.873575,1.0
0.856363,1.0
0.875389,1.0
0.422968,1.0
0.836384,1.0
0.868121,1.0
0.840359,1.0
0.879489,1.0
0.840725,1.0
0.44016,0.0
0.442181,1.0
0.848339,0.0
0.898212,0.0
0.876747,1.0
0.831906,1.0
0.85531,1.0
0.837022,0.0
0.337768,1.0
0.906393,1.0
0.812999,1.0
0.456888,0.0
0.871363,0.0
0.84061,1.0
0.350102,1.0
0.86481,1.0
0.888252,1.0
0.872032,1.0
0.875376,1.0
0.870662,0.0
0.423588,0.0
0.456702,0.0
0.849404,1.0
0.886452,0.0
0.336033,0.0
0.43558,0.0
0.354533,0.0
0.864087,1.0
0.84616,1.0
0.845794,1.0
0.852134,1.0
0.889922,1.0
0.846379,1.0
0.328757,1.0
0.350301,0.0
0.778122,0.0
0.833847,1.0
0.849992,1.0
0.83948,0.0
0.351877,0.0
0.338552,1.0
0.815654,1.0
0.898359,1.0
0.832762,1.0
0.865326,1.0
0.598878,0.0
0.565955,1.0
0.623911,1.0
0.613197,1.0
0.623621,0.0
0.623138,0.0
0.567446,1.0
0.56517,1.0
0.624002,1.0
0.569544,0.0
0.56743,1.0
0.580216,1.0
0.613465,1.0
0.601043,1.0
0.563211,1.0
0.563204,1.0
0.611218,1.0
0.576819,1.0
0.623218,1.0
0.562265,0.0
0.564871,1.0
0.567346,1.0
0.621035,1.0
0.567761,1.0
0.565323,0.0
0.563231,0.0
0.620585,1.0
0.621343,1.0
0.599826,1.0
0.592624,1.0
0.613027,1.0
0.565551,1.0
0.590895,1.0
0.581914,1.0
0.598175,0.0
0.567585,1.0
0.600137,1.0
0.623116,1.0
0.611948,0.0
0.565707,1.0
0.624727,1.0
0.567954,1.0
0.623681,1.0
0.62289,1.0
0.567146,1.0
0.618631,0.0
0.624908,1.0
0.622662,1.0
0.565479,1.0
0.582597,1.0
0.621222,1.0
0.564328,1.0
0.621962,0.0
0.565926,0.0
0.623392,0.0
0.597514,1.0
0.578751,1.0
0.625673,1.0
0.571537,1.0
0.565502,1.0
0.621065,1.0
0.623534,0.0
0.623253,0.0
0.598674,0.0
0.569903,1.0
0.618039,1.0
0.592063,1.0
0.567846,1.0
0.55962,0.0
0.596067,0.0
0.622002,0.0
0.567386,0.0
0.564942,0.0
0.565285,1.0
0.624539,1.0
0.600192,1.0
0.592103,1.0
0.622363,1.0
0.570163,1.0
0.613443,1.0
0.59814,1.0
0.609799,0.0
0.623987,1.0
0.622579,1.0
0.560561,0.0
0.623085,1.0
0.567623,0.0
0.624906,1.0
0.600648,1.0
0.61149,1.0
0.616065,1.0
0.619895,1.0
0.621405,1.0
0.562721,1.0
0.610137,1.0
0.598606,1.0
0.554716,1.0
0.568639,1.0
0.622788,0.0
0.563821,1.0
0.534618,0.0
0.505053,1.0
0.492722,0.0
0.532617,1.0
0.499209,0.0
0.498634,0.0
0.504132,0.0
0.509017,1.0
0.494967,1.0
0.507617,1.0
0.503934,1.0
0.540811,0.0
0.532547,1.0
0.53522,1.0
0.510534,0.0
0.507365,1.0
0.533161,1.0
0.542043,1.0
0.495783,0.0
0.509907,1.0
0.509182,0.0
0.504092,1.0
0.495464,0.0
0.50364,1.0
0.507726,1.0
0.509149,1.0
0.50505,1.0
0.499191,0.0
0.535496,1.0
0.539577,0.0
0.532662,0.0
0.505758,0.0
0.503995,0.0
0.5408,0.0
0.536029,1.0
0.503879,1.0
0.5369,0.0
0.494748,0.0
0.531873,1.0
0.505361,0.0
0.493403,1.0
0.507032,0.0
0.499794,1.0
0.494028,1.0
0.504119,1.0
0.506082,1.0
0.493197,1.0
0.495663,1.0
0.505767,1.0
0.540214,0.0
0.498032,0.0
0.506615,0.0
0.499077,1.0
0.507151,0.0
0.499753,0.0
0.537915,0.0
0.541203,1.0
0.497498,1.0
0.503554,1.0
0.505489,1.0
0.498756,0.0
0.497398,1.0
0.50138,0.0
0.53491,0.0
0.501905,0.0
0.500941,0.0
0.53979,1.0
0.506786,0.0
0.511875,0.0
0.535373,0.0
0.496813,1.0
0.506036,1.0
0.508014,1.0
0.505638,0.0
0.494191,1.0
0.536913,1.0
0.539775,0.0
0.496245,0.0
0.505011,1.0
0.532553,0.0
0.537186,0.0
0.53247,1.0
0.49508,0.0
0.497025,1.0
0.511194,1.0
0.496183,1.0
0.505823,0.0
0.49762,1.0
0.535434,1.0
0.533086,1.0
0.505619,1.0
0.49829,1.0
0.49705,0.0
0.510802,0.0
0.533454,0.0
0.535942,0.0
0.513279,0.0
0.502864,1.0
0.500502,1.0
0.50707,0.0
0.536675,0.0
0.540531,1.0
0.540533,1.0
0.533165,1.0
0.539631,0.0
0.539391,1.0
0.536747,0.0
0.538646,1.0
0.543308,1.0
0.540336,0.0
0.54109,0.0
0.541691,0.0
0.533166,0.0
0.53693,1.0
0.532587,1.0
0.539454,0.0
0.533435,1.0
0.543205,0.0
0.539605,1.0
0.539147,1.0
0.533549,0.0
0.540945,1.0
0.53849,0.0
0.541143,0.0
0.540256,0.0
0.539571,0.0
0.538302,0.0
0.538052,0.0
0.537189,0.0
0.537385,0.0
0.533182,0.0
0.535858,0.0
0.527844,0.0
0.541264,1.0
0.534883,1.0
0.541031,1.0
0.53515,1.0
0.539693,0.0
0.533033,0.0
0.536049,0.0
0.543809,1.0
0.53496,1.0
0.540602,1.0
0.542631,1.0
0.540966,1.0
0.539484,1.0
0.543866,0.0
0.542401,0.0
0.540266,1.0
0.541072,0.0
0.538032,1.0
0.535259,0.0
0.541735,1.0
0.536184,1.0
0.539195,1.0
0.535677,0.0
0.542494,1.0
0.542052,0.0
0.541208,1.0
0.540363,0.0
0.537845,0.0
0.542839,1.0
0.537059,1.0
0.536769,1.0
0.537892,0.0
0.535787,0.0
0.537742,1.0
0.535111,0.0
0.533041,0.0
0.537189,0.0
0.541969,0.0
0.541012,1.0
0.540113,0.0
0.535828,0.0
0.541733,1.0
0.535346,0.0
0.537539,0.0
0.538955,0.0
0.540515,1.0
0.533057,0.0
0.535281,1.0
0.533471,1.0
0.540238,1.0
0.542345,1.0
0.538495,1.0
0.542689,0.0
0.536845,0.0
0.543751,1.0
0.537077,1.0
0.533414,1.0
0.535211,1.0
0.540635,1.0
0.538639,0.0
0.532413,1.0
0.533658,1.0
0.537261,1.0
0.53067,0.0
0.541527,1.0
0.542193,1.0
0.534946,0.0
0.397097,0.0
0.899339,1.0
0.884569,1.0
0.377313,0.0
0.875598,1.0
0.871486,1.0
0.908655,1.0
0.881406,1.0
0.877463,1.0
0.899492,1.0
0.907678,1.0
0.456867,1.0
0.371937,0.0
0.408356,1.0
0.875019,0.0
0.892897,1.0
0.378176,1.0
0.478809,1.0
0.875758,1.0
0.885226,1.0
0.885808,0.0
0.903123,1.0
0.879038,1.0
0.908279,1.0
0.899029,1.0
0.892686,1.0
0.839739,0.0
0.868185,1.0
0.405095,0.0
0.386951,0.0
0.368472,0.0
0.902472,1.0
0.854677,0.0
0.443934,1.0
0.378757,1.0
0.903919,1.0
0.378352,1.0
0.882798,1.0
0.369422,1.0
0.903856,1.0
0.881921,1.0
0.892565,1.0
0.857619,1.0
0.879471,1.0
0.903253,1.0
0.83972,1.0
0.886806,1.0
0.878856,1.0
0.896788,1.0
0.44447,1.0
0.866154,1.0
0.898348,1.0
0.86609,1.0
0.900379,1.0
0.867199,1.0
0.374153,1.0
0.476675,0.0
0.872191,1.0
0.905264,1.0
0.901206,1.0
0.868392,1.0
0.873502,1.0
0.859212,0.0
0.402125,0.0
0.916363,1.0
0.857224,1.0
0.39961,1.0
0.897157,0.0
0.881119,1.0
0.400767,1.0
0.880127,0.0
0.902501,1.0
0.897731,1.0
0.902374,1.0
0.87717,1.0
0.378416,0.0
0.387888,1.0
0.877341,1.0
0.899066,1.0
0.367489,0.0
0.378456,1.0
0.377775,1.0
0.879004,1.0
0.870051,1.0
0.878948,1.0
0.877486,1.0
0.908478,1.0
0.870054,1.0
0.409237,1.0
0.378247,1.0
0.821811,1.0
0.863206,1.0
0.876112,1.0
0.87365,0.0
0.37633,0.0
0.406643,1.0
0.864029,1.0
0.908239,1.0
0.862546,1.0
0.896167,1.0
